262144  128  4  0     .0139076667 .0000000006 .0000244948 .0000141420 -944.000000 -944.171557 0.171557 0.018170         
524288  128  4  0     .0145226667 .0000000059 .0000768114 .0000443470 -972.500000 -972.777712 0.277712 0.028548         
786432  128  4  0     .0154633333 .0000000912 .0003019933 .0001743559 -327.750000 -327.918323 0.168323 0.051331         
1048576  128  4  0     .0158700000 .0000000067 .0000818535 .0000472581 16.937500 16.512779 0.424721 2.572075         
1310720  128  4  0     .0223493333 .0000000061 .0000781024 .0000450924 243.250000 242.332150 0.917850 0.378757         
1572864  128  4  0     .0231013333 .0000000504 .0002244994 .0001296147 429.250000 428.806930 0.443070 0.103326         
1835008  128  4  0     .0236093334 .0000001991 .0004462062 .0002576172 754.000000 753.843669 0.156331 0.020738         
2097152  128  4  0     .0239106666 .0000000778 .0002789265 .0001610382 1221.000000 1220.622352 0.377648 0.030939         
2359296  128  4  0     .0242886667 .0000000033 .0000574456 .0000331662 1125.000000 1125.179071 0.179071 0.015915         
2621440  128  4  0     .0253180000 .0000000750 .0002738612 .0001581138 1107.000000 1106.597654 0.402346 0.036359         
2883584  128  4  0     .0256896666 .0000000022 .0000469041 .0000270800 1323.000000 1322.568957 0.431043 0.032591         
3145728  128  4  0     .0265520000 .0000000327 .0001808314 .0001044030 1599.000000 1599.764756 0.764756 0.047804         
3407872  128  4  0     .0312353334 .0000000051 .0000714142 .0000412310 2066.000000 2067.175513 1.175513 0.056866         
3670016  128  4  0     .0331083334 .0000000091 .0000953939 .0000550756 2150.000000 2150.637510 0.637510 0.029643         
3932160  128  4  0     .0341783334 .0000000218 .0001476482 .0000852447 2824.000000 2825.436924 1.436924 0.050857         
4194304  128  4  0     .0349910000 .0000000013 .0000360555 .0000208166 2712.000000 2713.422775 1.422775 0.052435         
4456448  128  4  0     .0360606666 .0000000233 .0001526433 .0000881286 2396.000000 2396.560960 0.560960 0.023407         
4718592  128  4  0     .0371910000 .0000000168 .0001296148 .0000748331 1685.000000 1686.863261 1.863261 0.110457         
4980736  128  4  0     .0382593333 .0000000026 .0000509901 .0000294391 1876.000000 1877.801715 1.801715 0.095948         
5242880  128  4  0     .0389400000 .0000001855 .0004306971 .0002486630 1057.000000 1059.229657 2.229657 0.210498         
5505024  128  4  0     .0399100000 .0000002620 .0005118593 .0002955221 77.437500 78.815752 1.378252 1.748701         
5767168  128  4  0     .0406303333 .0000000195 .0001396424 .0000806225 537.500000 538.907103 1.407103 0.261103         
6029312  128  4  0     .0416570000 .0000000007 .0000264575 .0000152752 674.500000 676.133452 1.633452 0.241587         
6291456  128  4  0     .0423860000 .0000000005 .0000223606 .0000129098 706.500000 708.077335 1.577335 0.222763         
6553600  128  4  0     .0435426667 .0000000411 .0002027313 .0001170469 1329.000000 1331.119084 2.119084 0.159196         
6815744  128  4  0     .0442453334 .0000000068 .0000824621 .0000476095 1324.000000 1326.931428 2.931428 0.220918         
7077888  128  4  0     .0452816666 .0000000053 .0000728010 .0000420316 516.000000 518.582014 2.582014 0.497899         
7340032  128  4  0     .0470250000 .0000001660 .0004074309 .0002352303 1284.000000 1286.741372 2.741372 0.213048         
7602176  128  4  0     .0472050000 .0000000080 .0000894427 .0000516397 1659.000000 1661.391260 2.391260 0.143931         
7864320  128  4  0     .0480916667 .0000000022 .0000469041 .0000270800 1458.000000 1460.453419 2.453419 0.167990         
8126464  128  4  0     .0487296667 .0000000155 .0001244989 .0000718794 2024.000000 2026.492956 2.492956 0.123018         
8388608  128  4  0     .0496773334 .0000000262 .0001618641 .0000934522 2136.000000 2139.030525 3.030525 0.141677         
8650752  128  4  0     .0502780000 .0000000097 .0000984885 .0000568623 1617.000000 1620.544739 3.544739 0.218738         
8912896  128  4  0     .0515613333 .0000002938 .0005420332 .0003129430 1720.000000 1724.367041 4.367041 0.253255         
9175040  128  4  0     .0522730000 .0000000528 .0002297825 .0001326649 688.000000 692.285004 4.285004 0.618965         
9437184  128  4  0     .0536843333 .0000000361 .0001900000 .0001096965 455.000000 458.145199 3.145199 0.686507         
9699328  128  4  0     .0542790000 .0000000009 .0000300000 .0000173205 518.000000 520.140402 2.140402 0.411505         
9961472  128  4  0     .0553123333 .0000000653 .0002555386 .0001475352 971.500000 973.234013 1.734013 0.178170         
10223616  128  4  0     .0558240000 .0000000327 .0001808314 .0001044030 878.500000 880.612918 2.112918 0.239937         
10485760  128  4  0     .0565930000 .0000000029 .0000538516 .0000310912 682.500000 685.126199 2.626199 0.383316         
10747904  128  4  0     .0575076666 .0000000003 .0000173205 .0000099999 1366.000000 1368.146598 2.146598 0.156898         
11010048  128  4  0     .0582993333 .0000000345 .0001857417 .0001072380 1412.000000 1413.862728 1.862728 0.131747         
11272192  128  4  0     .0589373334 .0000000023 .0000479583 .0000276887 1266.000000 1267.930909 1.930909 0.152288         
11534336  128  4  0     .0600560000 .0000000172 .0001311487 .0000757187 993.500000 994.626349 1.126349 0.113243         
11796480  128  4  0     .0613556667 .0000000242 .0001555634 .0000898145 1261.000000 1262.475385 1.475385 0.116864         
12058624  128  4  0     .0620410000 .0000000025 .0000500000 .0000288675 1152.000000 1153.010815 1.010815 0.087667         
12320768  128  4  0     .0630540000 .0000000105 .0001024695 .0000591607 667.500000 668.549385 1.049385 0.156964         
12582912  128  4  0     .0638996666 .0000000386 .0001964688 .0001134313 932.000000 932.964447 0.964447 0.103374         
12845056  128  4  0     .0643863333 .0000000077 .0000877496 .0000506622 853.500000 854.093387 0.593387 0.069476         
13107200  128  4  0     .0652033334 .0000000042 .0000648074 .0000374165 1988.000000 1988.606004 0.606004 0.030474         
13369344  128  4  0     .0662056666 .0000000183 .0001352774 .0000781024 2666.000000 2665.218412 0.781588 0.029325         
13631488  128  4  0     .0679986666 .0000012772 .0011301327 .0006524824 3266.000000 3267.339271 1.339271 0.040990         
13893632  128  4  0     .0678603334 .0000000107 .0001034408 .0000597215 3094.000000 3094.411728 0.411728 0.013306         
14155776  128  4  0     .0691946666 .0000000138 .0001174734 .0000678232 2250.000000 2251.445917 1.445917 0.064222         
14417920  128  4  0     .0700436667 .0000001662 .0004076763 .0002353720 2676.000000 2677.686083 1.686083 0.062968         
14680064  128  4  0     .0711683334 .0000007537 .0008681589 .0005012317 2462.000000 2463.309319 1.309319 0.053153         
14942208  128  4  0     .0714226666 .0000000083 .0000911043 .0000525990 3258.000000 3259.733503 1.733503 0.053179         
15204352  128  4  0     .0726366667 .0000002842 .0005331041 .0003077877 3026.000000 3026.656530 0.656530 0.021692         
15466496  128  4  0     .0735063334 .0000000779 .0002791057 .0001611417 2824.000000 2825.110528 1.110528 0.039309         
15728640  128  4  0     .0739256666 .0000000049 .0000700000 .0000404145 3504.000000 3504.732574 0.732574 0.020902         
15990784  128  4  0     .0747643334 .0000000284 .0001685229 .0000972967 4284.000000 4284.057122 0.057122 0.001333         
16252928  128  4  0     .0757833333 .0000003020 .0005495452 .0003172800 3496.000000 3497.418606 1.418606 0.040562         
16515072  128  4  0     .0773276667 .0000014256 .0011939849 .0006893475 4068.000000 4068.333801 0.333801 0.008205         
16777216  128  4  0     .0775663334 .0000000523 .0002286919 .0001320353 3450.000000 3451.306462 1.306462 0.037854         
17039360  128  4  0     .0785173333 .0000000323 .0001797220 .0001037625 3414.000000 3415.560654 1.560654 0.045692         
17301504  128  4  0     .0793006667 .0000000311 .0001763519 .0001018168 3522.000000 3524.454361 2.454361 0.069638         
17563648  128  4  0     .0805003333 .0000003029 .0005503635 .0003177525 2818.000000 2819.750138 1.750138 0.062067         
17825792  128  4  0     .0808766666 .0000000215 .0001466287 .0000846561 3030.000000 3031.613117 1.613117 0.053210         
18087936  128  4  0     .0817150000 .0000000114 .0001067707 .0000616440 3436.000000 3436.832428 0.832428 0.024221         
18350080  128  4  0     .0825990000 .0000000358 .0001892088 .0001092397 3592.000000 3594.132306 2.132306 0.059327         
18612224  128  4  0     .0836460000 .0000001273 .0003567912 .0002059934 2660.000000 2661.163872 1.163872 0.043735         
18874368  128  4  0     .0846426666 .0000000374 .0001933907 .0001116541 2364.000000 2365.690688 1.690688 0.071467         
19136512  128  4  0     .0852436666 .0000000286 .0001691153 .0000976387 2826.000000 2826.867458 0.867458 0.030686         
19398656  128  4  0     .0861133334 .0000000268 .0001637070 .0000945162 2798.000000 2798.453602 0.453602 0.016209         
19660800  128  4  0     .0872783334 .0000001385 .0003721558 .0002148642 2122.000000 2122.144593 0.144593 0.006814         
19922944  128  4  0     .0877363334 .0000000156 .0001248999 .0000721109 2550.000000 2549.761262 0.238738 0.009363         
20185088  128  4  0     .0884360000 .0000000067 .0000818535 .0000472581 2256.000000 2256.291316 0.291316 0.012911         
20447232  128  4  0     .0899730000 .0000005237 .0007236711 .0004178117 2260.000000 2261.107109 1.107109 0.048963         
20709376  128  4  0     .0904483334 .0000001322 .0003635931 .0002099205 1977.000000 1978.228986 1.228986 0.062126         
20971520  128  4  0     .0912876666 .0000000658 .0002565151 .0001480990 1717.000000 1717.939750 0.939750 0.054702         
21233664  128  4  0     .0924003333 .0000000354 .0001881488 .0001086277 2350.000000 2351.802048 1.802048 0.076624         
21495808  128  4  0     .0930650000 .0000000013 .0000360555 .0000208166 3164.000000 3165.953088 1.953088 0.061690         
21757952  128  4  0     .0939240000 .0000000054 .0000734846 .0000424263 3428.000000 3430.018750 2.018750 0.058855         
22020096  128  4  0     .0947893333 .0000000502 .0002240535 .0001293573 4144.000000 4145.585061 1.585061 0.038235         
22282240  128  4  0     .0954953333 .0000000125 .0001118033 .0000645496 4672.000000 4673.653392 1.653392 0.035377         
22544384  128  4  0     .0963346666 .0000000147 .0001212435 .0000699999 3936.000000 3940.811686 4.811686 0.122099         
22806528  128  4  0     .0972433333 .0000000153 .0001236931 .0000714142 4480.000000 4483.558675 3.558675 0.079372         
23068672  128  4  0     .0981183333 .0000000016 .0000400000 .0000230940 4776.000000 4779.600764 3.600764 0.075336         
23330816  128  4  0     .0990633334 .0000000176 .0001326649 .0000765941 4600.000000 4601.271962 1.271962 0.027644         
23592960  128  4  0     .1003060000 .0000000288 .0001697056 .0000979795 4616.000000 4618.110744 2.110744 0.045706         
23855104  128  4  0     .1010330000 .0000000439 .0002095232 .0001209682 4308.000000 4310.008204 2.008204 0.046594         
24117248  128  4  0     .1017473333 .0000000105 .0001024695 .0000591607 4208.000000 4211.177373 3.177373 0.075451         
24379392  128  4  0     .1025176667 .0000000785 .0002801785 .0001617611 3846.000000 3849.394059 3.394059 0.088171         
24641536  128  4  0     .1033483334 .0000000144 .0001200000 .0000692820 3482.000000 3486.325589 4.325589 0.124073         
24903680  128  4  0     .1041106667 .0000000042 .0000648074 .0000374165 3672.000000 3676.919102 4.919102 0.133783         
25165824  128  4  0     .1049676666 .0000000001 .0000100000 .0000057735 2954.000000 2958.162034 4.162034 0.140697         
25427968  128  4  0     .1057356666 .0000000060 .0000774596 .0000447213 2900.000000 2906.062847 6.062847 0.208628         
25690112  128  4  0     .1066883334 .0000000004 .0000200000 .0000115470 3440.000000 3444.719396 4.719396 0.137004         
25952256  128  4  0     .1077953333 .0000000095 .0000974679 .0000562731 3568.000000 3573.414552 5.414552 0.151523         
26214400  128  4  0     .1084440000 .0000000003 .0000173205 .0000099999 2686.000000 2690.466946 4.466946 0.166029         
26476544  128  4  0     .1093400000 .0000000033 .0000574456 .0000331662 2634.000000 2639.222057 5.222057 0.197864         
26738688  128  4  0     .1102766667 .0000000220 .0001483239 .0000856348 2734.000000 2739.954510 5.954510 0.217321         
27000832  128  4  0     .1110300000 .0000000004 .0000200000 .0000115470 2448.000000 2453.420430 5.420430 0.220934         
27262976  128  4  0     .1118410000 .0000000097 .0000984885 .0000568623 3078.000000 3083.836779 5.836779 0.189270         
27525120  128  4  0     .1126866667 .0000000028 .0000529150 .0000305504 3310.000000 3315.084117 5.084117 0.153363         
27787264  128  4  0     .1136066667 .0000000213 .0001459451 .0000842614 3980.000000 3985.519209 5.519209 0.138482         
28049408  128  4  0     .1146543333 .0000000278 .0001667333 .0000962635 5184.000000 5188.597671 4.597671 0.088611         
28311552  128  4  0     .1154213333 .0000000071 .0000842614 .0000486483 4096.000000 4101.061114 5.061114 0.123410         
28573696  128  4  0     .1163990000 .0000000025 .0000500000 .0000288675 3850.000000 3856.220560 6.220560 0.161312         
28835840  128  4  0     .1175920000 .0000002206 .0004696807 .0002711702 4228.000000 4234.543648 6.543648 0.154530         
29097984  128  4  0     .1181350000 .0000000144 .0001200000 .0000692820 4592.000000 4598.945216 6.945216 0.151018         
29360128  128  4  0     .1188800000 .0000000222 .0001489966 .0000860232 4348.000000 4351.682566 3.682566 0.084624         
29622272  128  4  0     .1199790000 .0000000988 .0003143246 .0001814753 4476.000000 4482.134366 6.134366 0.136863         
29884416  128  4  0     .1207193334 .0000000306 .0001749285 .0001009950 4540.000000 4544.819753 4.819753 0.106049         
30146560  128  4  0     .1215410000 .0000000086 .0000927361 .0000535412 5220.000000 5226.548905 6.548905 0.125301         
30408704  128  4  0     .1222763334 .0000000421 .0002051828 .0001184623 5020.000000 5022.297535 2.297535 0.045747         
30670848  128  4  0     .1233723334 .0000000393 .0001982422 .0001144551 4452.000000 4454.197591 2.197591 0.049338         
30932992  128  4  0     .1241313333 .0000000068 .0000824621 .0000476095 4492.000000 4496.358906 4.358906 0.096943         
31195136  128  4  0     .1248566666 .0000000152 .0001232882 .0000711804 4920.000000 4923.881854 3.881854 0.078837         
31457280  128  4  0     .1257826667 .0000000013 .0000360555 .0000208166 4180.000000 4182.141111 2.141111 0.051197         
31719424  128  4  0     .1266863333 .0000003373 .0005807753 .0003353107 3534.000000 3537.342513 3.342513 0.094492         
31981568  128  4  0     .1280100000 .0000001116 .0003340658 .0001928729 2986.000000 2989.753422 3.753422 0.125543         
32243712  128  4  0     .1281403334 .0000000002 .0000141421 .0000081649 3584.000000 3588.057814 4.057814 0.113092         
32505856  128  4  0     .1291443334 .0000000277 .0001664331 .0000960901 3220.000000 3224.418230 4.418230 0.137024         
32768000  128  4  0     .1299663334 .0000001748 .0004180908 .0002413848 3640.000000 3644.444117 4.444117 0.121942         
33030144  128  4  0     .1309463333 .0000001177 .0003430743 .0001980740 4000.000000 4004.619983 4.619983 0.115366         
33292288  128  4  0     .1315836667 .0000000071 .0000842614 .0000486483 4220.000000 4225.336555 5.336555 0.126299         
33554432  128  4  0     .1326000000 .0000000155 .0001244989 .0000718794 4436.000000 4442.815521 6.815521 0.153405         
33816576  128  4  0     .1336803333 .0000000055 .0000741619 .0000428173 3242.000000 3247.754727 5.754727 0.177191         
34078720  128  4  0     .1343220000 .0000000190 .0001378404 .0000795821 3056.000000 3063.035690 7.035690 0.229697         
34340864  128  4  0     .1350730000 .0000000007 .0000264575 .0000152752 2998.000000 3004.004189 6.004189 0.199873         
34603008  128  4  0     .1360843333 .0000000531 .0002304343 .0001330413 3836.000000 3841.828212 5.828212 0.151704         
34865152  128  4  0     .1368396666 .0000000017 .0000412310 .0000238047 4796.000000 4801.355577 5.355577 0.111543         
35127296  128  4  0     .1378336666 .0000000072 .0000848528 .0000489897 4872.000000 4877.651389 5.651389 0.115863         
35389440  128  4  0     .1386880000 .0000000518 .0002275961 .0001314026 4704.000000 4707.203063 3.203063 0.068046         
35651584  128  4  0     .1396303333 .0000000319 .0001786057 .0001031180 4208.000000 4213.480229 5.480229 0.130064         
35913728  128  4  0     .1402860000 .0000000067 .0000818535 .0000472581 3946.000000 3950.214916 4.214916 0.106701         
36175872  128  4  0     .1412256667 0 0 0 3614.000000 3617.886794 3.886794 0.107433         
36438016  128  4  0     .1422220000 .0000000335 .0001830300 .0001056724 3478.000000 3482.168489 4.168489 0.119710         
36700160  128  4  0     .1428823333 .0000000118 .0001086278 .0000627162 4360.000000 4364.978985 4.978985 0.114067         
36962304  128  4  0     .1436623334 .0000000264 .0001624807 .0000938082 4688.000000 4691.434763 3.434763 0.073213         
37224448  128  4  0     .1445953333 .0000000190 .0001378404 .0000795821 4440.000000 4444.249919 4.249919 0.095627         
37486592  128  4  0     .1455706666 .0000000050 .0000707106 .0000408247 4456.000000 4458.881350 2.881350 0.064620         
37748736  128  4  0     .1463626667 .0000000099 .0000994987 .0000574456 4628.000000 4631.374575 3.374575 0.072863         
38010880  128  4  0     .1471686667 .0000000044 .0000663324 .0000382970 3672.000000 3675.744238 3.744238 0.101863         
38273024  128  4  0     .1481360000 .0000000364 .0001907878 .0001101513 3522.000000 3523.539352 1.539352 0.043688         
38535168  128  4  0     .1489436666 .0000000204 .0001428285 .0000824620 3960.000000 3962.355000 2.355000 0.059434         
38797312  128  4  0     .1497036667 .0000000136 .0001166190 .0000673300 4084.000000 4086.972573 2.972573 0.072733         
39059456  128  4  0     .1508833334 .0000001299 .0003604164 .0002080865 4648.000000 4652.017280 4.017280 0.086356         
39321600  128  4  0     .1513886666 .0000000065 .0000806225 .0000465474 4148.000000 4149.268058 1.268058 0.030561         
39583744  128  4  0     .1523340000 .0000000147 .0001212435 .0000699999 3442.000000 3444.099563 2.099563 0.060961         
39845888  128  4  0     .1532903334 .0000000751 .0002740437 .0001582192 3452.000000 3454.372030 2.372030 0.068667         
40108032  128  4  0     .1541763334 .0000000188 .0001371130 .0000791622 2958.000000 2961.647036 3.647036 0.123142         
40370176  128  4  0     .1550423334 .0000001317 .0003629049 .0002095232 3062.000000 3063.697800 1.697800 0.055417         
40632320  128  4  0     .1558546667 .0000000401 .0002002498 .0001156142 3998.000000 4000.833479 2.833479 0.070822         
40894464  128  4  0     .1567996667 .0000000050 .0000707106 .0000408247 4816.000000 4820.072447 4.072447 0.084489         
41156608  128  4  0     .1574076667 .0000000202 .0001421267 .0000820568 4480.000000 4483.395859 3.395859 0.075743         
41418752  128  4  0     .1586926667 .0000000968 .0003111269 .0001796291 5068.000000 5072.457117 4.457117 0.087869         
41680896  128  4  0     .1591703334 .0000000116 .0001077032 .0000621824 5364.000000 5365.106806 1.106806 0.020630         
41943040  128  4  0     .1601090000 .0000000336 .0001833030 .0001058300 5868.000000 5871.209972 3.209972 0.054673         
42205184  128  4  0     .1610496666 .0000000196 .0001400000 .0000808290 5396.000000 5400.320992 4.320992 0.080014         
42467328  128  4  0     .1621513333 .0000000961 .0003100000 .0001789785 5660.000000 5665.004071 5.004071 0.088333         
42729472  128  4  0     .1630373334 .0000000536 .0002315167 .0001336662 5784.000000 5790.106418 6.106418 0.105463         
42991616  128  4  0     .1634616666 .0000000010 .0000316227 .0000182573 6156.000000 6158.801279 2.801279 0.045484         
43253760  128  4  0     .1644000000 .0000000202 .0001421267 .0000820568 6516.000000 6518.669414 2.669414 0.040950         
43515904  128  4  0     .1651776666 .0000000104 .0001019803 .0000588783 6328.000000 6332.498091 4.498091 0.071032         
43778048  128  4  0     .1661036667 .0000000157 .0001252996 .0000723417 6196.000000 6199.980485 3.980485 0.064202         
44040192  128  4  0     .1670723334 .0000000058 .0000761577 .0000439696 6240.000000 6244.920492 4.920492 0.078792         
44302336  128  4  0     .1679006667 .0000000427 .0002066397 .0001193034 6040.000000 6045.354926 5.354926 0.088579         
44564480  128  4  0     .1686703333 .0000000013 .0000360555 .0000208166 6236.000000 6242.127574 6.127574 0.098165         
44826624  128  4  0     .1696886667 .0000000096 .0000979795 .0000565684 6068.000000 6073.868224 5.868224 0.096614         
45088768  128  4  0     .1704843333 .0000000195 .0001396424 .0000806225 6240.000000 6244.561571 4.561571 0.073049         
45350912  128  4  0     .1712656666 .0000000177 .0001330413 .0000768114 5984.000000 5988.786677 4.786677 0.079927         
45613056  128  4  0     .1721563334 .0000000035 .0000591607 .0000341564 5856.000000 5860.662463 4.662463 0.079555         
45875200  128  4  0     .1733816666 .0000002225 .0004716990 .0002723355 5672.000000 5674.622834 2.622834 0.046220         
46137344  128  4  0     .1739603333 .0000000040 .0000632455 .0000365148 5800.000000 5805.510044 5.510044 0.094911         
46399488  128  4  0     .1748596667 .0000000152 .0001232882 .0000711804 5708.000000 5712.980582 4.980582 0.087180         
46661632  128  4  0     .1755103334 .0000000015 .0000387298 .0000223606 5784.000000 5787.404585 3.404585 0.058827         
46923776  128  4  0     .1770193333 .0000002859 .0005346961 .0003087069 5880.000000 5885.630927 5.630927 0.095672         
47185920  128  4  0     .1774736666 .0000000054 .0000734846 .0000424263 6008.000000 6014.552431 6.552431 0.108943         
47448064  128  4  0     .1782763333 .0000000078 .0000883176 .0000509901 6032.000000 6037.231566 5.231566 0.086655         
47710208  128  4  0     .1791196667 .0000000123 .0001109053 .0000640312 5260.000000 5266.433231 6.433231 0.122155         
47972352  128  4  0     .1800116667 .0000000013 .0000360555 .0000208166 5680.000000 5686.101401 6.101401 0.107304         
48234496  128  4  0     .1808630000 .0000000095 .0000974679 .0000562731 6104.000000 6106.664261 2.664261 0.043629         
48496640  128  4  0     .1818293333 .0000000304 .0001743559 .0001006644 6524.000000 6529.344407 5.344407 0.081852         
48758784  128  4  0     .1827533334 .0000001231 .0003508560 .0002025668 6584.000000 6586.707123 2.707123 0.041100         
49020928  128  4  0     .1833936666 .0000000005 .0000223606 .0000129098 8000.000000 8006.063102 6.063102 0.075731         
49283072  128  4  0     .1842490000 .0000000173 .0001315294 .0000759385 8648.000000 8655.843938 7.843938 0.090620         
49545216  128  4  0     .1850800000 .0000000224 .0001496662 .0000864098 8928.000000 8936.139896 8.139896 0.091090         
49807360  128  4  0     .1858286666 .0000000062 .0000787400 .0000454605 9544.000000 9551.855928 7.855928 0.082245         
50069504  128  4  0     .1869396667 .0000000179 .0001337908 .0000772441 9328.000000 9337.165491 9.165491 0.098161         
50331648  128  4  0     .1880263334 .0000001828 .0004275511 .0002468467 9176.000000 9179.796807 3.796807 0.041360         
50593792  128  4  0     .1887226666 .0000002510 .0005009990 .0002892519 9392.000000 9397.664876 5.664876 0.060280         
50855936  128  4  0     .1896483334 .0000000288 .0001697056 .0000979795 9744.000000 9752.577745 8.577745 0.087954         
51118080  128  4  0     .1905730000 .0000003762 .0006133514 .0003541185 9336.000000 9338.395359 2.395359 0.025651         
51380224  128  4  0     .1911726667 .0000000069 .0000830662 .0000479582 8840.000000 8846.975093 6.975093 0.078842         
51642368  128  4  0     .1919930000 .0000000194 .0001392838 .0000804155 8328.000000 8329.006255 1.006255 0.012081         
51904512  128  4  0     .1928183334 .0000000351 .0001873499 .0001081665 7944.000000 7950.369392 6.369392 0.080114         
52166656  128  4  0     .1937693333 .0000000121 .0001100000 .0000635085 7712.000000 7716.665723 4.665723 0.060463         
52428800  128  4  0     .1947780000 .0000000145 .0001204159 .0000695221 7944.000000 7948.163820 4.163820 0.052387         
52690944  128  4  0     .1957986667 .0000000246 .0001568438 .0000905538 7632.000000 7636.738563 4.738563 0.062050         
52953088  128  4  0     .1964046667 .0000000014 .0000374165 .0000216024 8004.000000 8006.230020 2.230020 0.027854         
53215232  128  4  0     .1973136667 .0000000521 .0002282542 .0001317826 7564.000000 7568.843816 4.843816 0.063997         
53477376  128  4  0     .1979686666 .0000000015 .0000387298 .0000223606 8224.000000 8228.043951 4.043951 0.049148         
53739520  128  4  0     .1988173334 .0000000083 .0000911043 .0000525990 7408.000000 7409.012381 1.012381 0.013664         
54001664  128  4  0     .1998290000 .0000000628 .0002505992 .0001446835 7428.000000 7432.084398 4.084398 0.054956         
54263808  128  4  0     .2006260000 .0000000094 .0000969535 .0000559761 7780.000000 7784.413445 4.413445 0.056696         
54525952  128  4  0     .2014756666 .0000000029 .0000538516 .0000310912 7508.000000 7510.555429 2.555429 0.034025         
54788096  128  4  0     .2024320000 .0000000642 .0002533771 .0001462873 7912.000000 7914.168461 2.168461 0.027400         
55050240  128  4  0     .2031266666 .0000000102 .0001009950 .0000583094 7716.000000 7720.831486 4.831486 0.062577         
55312384  128  4  0     .2041786666 .0000000350 .0001870828 .0001080123 8608.000000 8612.979151 4.979151 0.057810         
55574528  128  4  0     .2049300000 .0000000037 .0000608276 .0000351188 7956.000000 7959.489988 3.489988 0.043847         
55836672  128  4  0     .2058500000 .0000000037 .0000608276 .0000351188 7412.000000 7414.307089 2.307089 0.031117         
56098816  128  4  0     .2068810000 .0000000296 .0001720465 .0000993310 7808.000000 7814.056022 6.056022 0.077502         
56360960  128  4  0     .2076986667 .0000000782 .0002796426 .0001614517 7336.000000 7338.338669 2.338669 0.031869         
56623104  128  4  0     .2083716666 .0000000015 .0000387298 .0000223606 8336.000000 8339.150497 3.150497 0.037780         
56885248  128  4  0     .2093760000 .0000000027 .0000519615 .0000299999 8752.000000 8759.020991 7.020991 0.080157         
57147392  128  4  0     .2101710000 .0000000032 .0000565685 .0000326598 7648.000000 7652.370341 4.370341 0.057111         
57409536  128  4  0     .2109476667 .0000000089 .0000943398 .0000544671 8592.000000 8596.835173 4.835173 0.056244         
57671680  128  4  0     .2118556667 .0000000170 .0001303840 .0000752772 9424.000000 9425.712477 1.712477 0.018168         
57933824  128  4  0     .2124966667 .0000000040 .0000632455 .0000365148 9872.000000 9879.678732 7.678732 0.077722         
58195968  128  4  0     .2134496666 .0000000045 .0000670820 .0000387298 9712.000000 9717.362285 5.362285 0.055183         
58458112  128  4  0     .2144753333 .0000000295 .0001717556 .0000991631 9520.000000 9520.822171 0.822171 0.008636         
58720256  128  4  0     .2153970000 .0000000117 .0001081665 .0000624499 8696.000000 8702.741489 6.741489 0.077464         
58982400  128  4  0     .2162640000 .0000000627 .0002503996 .0001445682 8336.000000 8343.209134 7.209134 0.086407         
59244544  128  4  0     .2168613334 .0000000017 .0000412310 .0000238047 8440.000000 8443.904591 3.904591 0.046242         
59506688  128  4  0     .2180530000 .0000000093 .0000964365 .0000556776 8440.000000 8444.512227 4.512227 0.053434         
59768832  128  4  0     .2187176667 .0000000128 .0001131370 .0000653196 7876.000000 7881.047780 5.047780 0.064050         
60030976  128  4  0     .2196050000 .0000000071 .0000842614 .0000486483 7932.000000 7936.134096 4.134096 0.052092         
60293120  128  4  0     .2206386667 .0000001753 .0004186884 .0002417298 8416.000000 8425.757296 9.757296 0.115803         
60555264  128  4  0     .2213856666 .0000000057 .0000754983 .0000435889 8104.000000 8111.110939 7.110939 0.087669         
60817408  128  4  0     .2222660000 .0000000471 .0002170253 .0001252996 8696.000000 8702.220320 6.220320 0.071480         
61079552  128  4  0     .2229876667 .0000000036 .0000600000 .0000346410 8496.000000 8503.284132 7.284132 0.085663         
61341696  128  4  0     .2237643333 .0000000066 .0000812403 .0000469041 8288.000000 8295.266173 7.266173 0.087594         
61603840  128  4  0     .2246996667 .0000000018 .0000424264 .0000244948 7956.000000 7959.775034 3.775034 0.047426         
61865984  128  4  0     .2255866666 .0000000014 .0000374165 .0000216024 8120.000000 8126.147018 6.147018 0.075645         
62128128  128  4  0     .2265273334 .0000000079 .0000888819 .0000513159 7992.000000 7996.129067 4.129067 0.051638         
62390272  128  4  0     .2275463333 .0000000372 .0001928730 .0001113552 7768.000000 7772.745005 4.745005 0.061047         
62652416  128  4  0     .2282266666 .0000000198 .0001407124 .0000812403 7848.000000 7850.816533 2.816533 0.035876         
62914560  128  4  0     .2291616667 .0000000689 .0002624880 .0001515475 8112.000000 8115.833360 3.833360 0.047233         
63176704  128  4  0     .2299000000 .0000000164 .0001280624 .0000739368 7740.000000 7743.687003 3.687003 0.047613         
63438848  128  4  0     .2306786666 .0000000028 .0000529150 .0000305504 8816.000000 8823.936756 7.936756 0.089946         
63700992  128  4  0     .2316926667 .0000000047 .0000685565 .0000395811 9160.000000 9162.532945 2.532945 0.027645         
63963136  128  4  0     .2325513333 .0000000183 .0001352774 .0000781024 8784.000000 8786.878555 2.878555 0.032760         
64225280  128  4  0     .2335320000 .0000000224 .0001496662 .0000864098 8768.000000 8771.152644 3.152644 0.035943         
64487424  128  4  0     .2342410000 .0000000066 .0000812403 .0000469041 8928.000000 8932.864521 4.864521 0.054456         
64749568  128  4  0     .2351940000 .0000000007 .0000264575 .0000152752 8936.000000 8939.898583 3.898583 0.043609         
65011712  128  4  0     .2360980000 .0000000190 .0001378404 .0000795821 8480.000000 8483.653698 3.653698 0.043068         
65273856  128  4  0     .2367876666 .0000000219 .0001479864 .0000854399 8576.000000 8584.046660 8.046660 0.093740         
65536000  128  4  0     .2378276666 .0000000681 .0002609597 .0001506651 8848.000000 8853.199621 5.199621 0.058732         
65798144  128  4  0     .2389680000 .0000003728 .0006105735 .0003525147 9320.000000 9323.867806 3.867806 0.041483         
66060288  128  4  0     .2395203334 .0000000037 .0000608276 .0000351188 8376.000000 8378.809647 2.809647 0.033533         
66322432  128  4  0     .2402796666 .0000000228 .0001509966 .0000871779 8400.000000 8402.307761 2.307761 0.027466         
66584576  128  4  0     .2410560000 .0000000159 .0001260952 .0000728010 8800.000000 8805.696863 5.696863 0.064695         
66846720  128  4  0     .2420550000 .0000000257 .0001603121 .0000925562 8128.000000 8132.373000 4.373000 0.053773         
67108864  128  4  0     .2426786666 .0000000023 .0000479583 .0000276887 8172.000000 8178.248495 6.248495 0.076404         
67371008  128  4  0     .2436116667 .0000000009 .0000300000 .0000173205 7948.000000 7952.903661 4.903661 0.061659         
67633152  128  4  0     .2447500000 .0000000707 .0002658947 .0001535143 7900.000000 7905.674263 5.674263 0.071775         
67895296  128  4  0     .2455326666 .0000000029 .0000538516 .0000310912 8584.000000 8585.833572 1.833572 0.021356         
68157440  128  4  0     .2462856667 .0000000034 .0000583095 .0000336650 8288.000000 8292.954585 4.954585 0.059745         
68419584  128  4  0     .2470606667 .0000000028 .0000529150 .0000305504 8624.000000 8629.107078 5.107078 0.059184         
68681728  128  4  0     .2480750000 .0000000356 .0001886796 .0001089342 8992.000000 8996.723688 4.723688 0.052505         
68943872  128  4  0     .2490580000 .0000000065 .0000806225 .0000465474 9176.000000 9178.688017 2.688017 0.029285         
69206016  128  4  0     .2498420000 .0000000002 .0000141421 .0000081649 9056.000000 9056.621844 0.621844 0.006866         
69468160  128  4  0     .2512510000 .0000009210 .0009596874 .0005540757 8728.000000 8733.779725 5.779725 0.066177         
69730304  128  4  0     .2514206667 .0000000295 .0001717556 .0000991631 8912.000000 8916.618449 4.618449 0.051796         
69992448  128  4  0     .2522896666 .0000000091 .0000953939 .0000550756 9032.000000 9034.954093 2.954093 0.032696         
70254592  128  4  0     .2532133333 .0000000138 .0001174734 .0000678232 9512.000000 9517.199586 5.199586 0.054634         
70516736  128  4  0     .2540583334 .0000000021 .0000458257 .0000264574 9872.000000 9876.242164 4.242164 0.042953         
70778880  128  4  0     .2549216666 .0000000055 .0000741619 .0000428173 10256.000000 10260.626798 4.626798 0.045093         
71041024  128  4  0     .2557820000 .0000000043 .0000655743 .0000378593 9344.000000 9344.375785 0.375785 0.004022         
71303168  128  4  0     .2567110000 .0000000009 .0000300000 .0000173205 9120.000000 9127.493778 7.493778 0.082101         
71565312  128  4  0     .2575783334 .0000000375 .0001936491 .0001118033 9704.000000 9704.574903 0.574903 0.005924         
71827456  128  4  0     .2584676666 .0000000370 .0001923538 .0001110555 10408.000000 10414.470369 6.470369 0.062129         
72089600  128  4  0     .2592310000 .0000000048 .0000692820 .0000399999 10280.000000 10284.364557 4.364557 0.042439         
72351744  128  4  0     .2600686666 .0000000135 .0001161895 .0000670820 10040.000000 10045.894837 5.894837 0.058679         
72613888  128  4  0     .2609640000 .0000000367 .0001915724 .0001106043 10968.000000 10975.780774 7.780774 0.070890         
72876032  128  4  0     .2620256667 .0000000634 .0002517935 .0001453730 10320.000000 10323.932429 3.932429 0.038090         
73138176  128  4  0     .2629516667 .0000000334 .0001827566 .0001055145 11416.000000 11418.160320 2.160320 0.018920         
73400320  128  4  0     .2635573334 .0000000302 .0001737814 .0001003327 12008.000000 12012.222341 4.222341 0.035150         
73662464  128  4  0     .2644586667 .0000000079 .0000888819 .0000513159 12080.000000 12082.942362 2.942362 0.024351         
73924608  128  4  0     .2655783334 .0000001355 .0003681032 .0002125244 12392.000000 12395.215961 3.215961 0.025945         
74186752  128  4  0     .2673776666 .0000029715 .0017238039 .0009952386 12296.000000 12300.855434 4.855434 0.039472         
74448896  128  4  0     .2670940000 .0000000788 .0002807133 .0001620698 12032.000000 12034.293822 2.293822 0.019061         
74711040  128  4  0     .2678916667 .0000000127 .0001126942 .0000650640 11464.000000 11462.015923 1.984077 0.017310         
74973184  128  4  0     .2686706666 .0000000486 .0002204540 .0001272791 11096.000000 11096.450905 0.450905 0.004064         
75235328  128  4  0     .2698740000 .0000002012 .0004485532 .0002589723 10640.000000 10640.359095 0.359095 0.003375         
75497472  128  4  0     .2704366667 .0000000052 .0000721110 .0000416333 10632.000000 10632.320991 0.320991 0.003019         
75759616  128  4  0     .2712893333 .0000000023 .0000479583 .0000276887 10088.000000 10087.424441 0.575559 0.005706         
76021760  128  4  0     .2721100000 .0000000059 .0000768114 .0000443470 10240.000000 10240.916765 0.916765 0.008952         
76283904  128  4  0     .2731723334 .0000000012 .0000346410 .0000199999 9856.000000 9857.514017 1.514017 0.015359         
76546048  128  4  0     .2739670000 .0000000037 .0000608276 .0000351188 9696.000000 9701.863160 5.863160 0.060433         
76808192  128  4  0     .2746666666 .0000000020 .0000447213 .0000258198 9168.000000 9169.492835 1.492835 0.016280         
77070336  128  4  0     .2761250000 .0000006228 .0007891767 .0004556313 9472.000000 9476.122321 4.122321 0.043502         
77332480  128  4  0     .2764773333 .0000000017 .0000412310 .0000238047 9528.000000 9529.181186 1.181186 0.012395         
77594624  128  4  0     .2774583333 .0000000510 .0002258317 .0001303839 9688.000000 9687.023099 0.976901 0.010085         
77856768  128  4  0     .2782246666 .0000000042 .0000648074 .0000374165 9176.000000 9174.287840 1.712160 0.018663         
78118912  128  4  0     .2791780000 .0000000485 .0002202271 .0001271481 9584.000000 9589.034039 5.034039 0.052498         
78381056  128  4  0     .2806696666 .0000000686 .0002619160 .0001512172 9416.000000 9416.594387 0.594387 0.006312         
78643200  128  4  0     .2807653333 .0000000034 .0000583095 .0000336650 9440.000000 9446.293043 6.293043 0.066619         
78905344  128  4  0     .2817776667 .0000000234 .0001529705 .0000883175 10152.000000 10155.729941 3.729941 0.036727         
79167488  128  4  0     .2825640000 .0000000011 .0000331662 .0000191485 10040.000000 10045.423582 5.423582 0.053991         
79429632  128  4  0     .2833753334 .0000000461 .0002147091 .0001239623 9152.000000 9152.110506 0.110506 0.001207         
79691776  128  4  0     .2844936667 .0000001680 .0004098780 .0002366431 8696.000000 8696.026991 0.026991 0.000310         
79953920  128  4  0     .2854106666 .0000002695 .0005191338 .0002997220 8840.000000 8845.525968 5.525968 0.062472         
80216064  128  4  0     .2858316667 .0000000083 .0000911043 .0000525990 9624.000000 9627.835117 3.835117 0.039834         
80478208  128  4  0     .2870453333 .0000001123 .0003351119 .0001934769 9376.000000 9374.436671 1.563329 0.016677         
80740352  128  4  0     .2875796666 .0000000106 .0001029563 .0000594418 8824.000000 8828.768502 4.768502 0.054011         
81002496  128  4  0     .2886696667 .0000001879 .0004334743 .0002502665 8720.000000 8726.692992 6.692992 0.076696         
81264640  128  4  0     .2896580000 .0000000712 .0002668332 .0001540562 8360.000000 8358.889419 1.110581 0.013286         
81526784  128  4  0     .2905880000 .0000002670 .0005167204 .0002983286 8792.000000 8795.171165 3.171165 0.036056         
81788928  128  4  0     .2911076667 .0000000020 .0000447213 .0000258198 8520.000000 8524.491448 4.491448 0.052689         
82051072  128  4  0     .2918663333 .0000000318 .0001783255 .0001029562 8312.000000 8316.267128 4.267128 0.051311         
82313216  128  4  0     .2927420000 .0000000031 .0000556776 .0000321454 7824.000000 7827.820150 3.820150 0.048802         
82575360  128  4  0     .2937220000 .0000000179 .0001337908 .0000772441 7852.000000 7856.252486 4.252486 0.054129         
82837504  128  4  0     .2945770000 .0000000425 .0002061552 .0001190237 8568.000000 8567.323094 0.676906 0.007901         
83099648  128  4  0     .2954693334 .0000000318 .0001783255 .0001029562 9304.000000 9305.641108 1.641108 0.017636         
83361792  128  4  0     .2963716667 .0000001413 .0003758989 .0002170253 9840.000000 9839.826587 0.173413 0.001762         
83623936  128  4  0     .2972273334 .0000000148 .0001216552 .0000702376 10192.000000 10196.379605 4.379605 0.042953         
83886080  128  4  0     .2980126667 .0000001444 .0003800000 .0002193931 9840.000000 9843.720612 3.720612 0.037797         
84148224  128  4  0     .2988770000 .0000000031 .0000556776 .0000321454 9952.000000 9954.276218 2.276218 0.022867         
84410368  128  4  0     .2996626667 .0000000014 .0000374165 .0000216024 10208.000000 10207.692503 0.307497 0.003012         
84672512  128  4  0     .3006036666 .0000000246 .0001568438 .0000905538 10448.000000 10452.758397 4.758397 0.045523         
84934656  128  4  0     .3014930000 .0000000024 .0000489897 .0000282842 10440.000000 10442.849535 2.849535 0.027287         
85196800  128  4  0     .3023943333 .0000000311 .0001763519 .0001018168 10600.000000 10607.037729 7.037729 0.066350         
85458944  128  4  0     .3031330000 .0000000012 .0000346410 .0000199999 11656.000000 11661.304452 5.304452 0.045488         
85721088  128  4  0     .3040903334 .0000000057 .0000754983 .0000435889 12200.000000 12202.330421 2.330421 0.019098         
85983232  128  4  0     .3050570000 .0000000602 .0002453568 .0001416568 12048.000000 12053.109348 5.109348 0.042390         
86245376  128  4  0     .3057623334 .0000000746 .0002731300 .0001576916 12256.000000 12258.909751 2.909751 0.023736         
86507520  128  4  0     .3066433333 .0000000509 .0002256102 .0001302561 12648.000000 12653.440954 5.440954 0.043000         
86769664  128  4  0     .3075196667 .0000000310 .0001760681 .0001016529 12496.000000 12500.863023 4.863023 0.038901         
87031808  128  4  0     .3083683333 .0000000069 .0000830662 .0000479582 12304.000000 12306.455726 2.455726 0.019955         
87293952  128  4  0     .3092430000 .0000000290 .0001702938 .0000983191 12328.000000 12326.713140 1.286860 0.010440         
87556096  128  4  0     .3101770000 .0000000671 .0002590366 .0001495548 12704.000000 12703.901221 0.098779 0.000778         
87818240  128  4  0     .3110403333 .0000000105 .0001024695 .0000591607 12240.000000 12239.438160 0.561840 0.004590         
88080384  128  4  0     .3119166667 0 0 0 12864.000000 12866.109133 2.109133 0.016393         
88342528  128  4  0     .3127390000 .0000000047 .0000685565 .0000395811 11704.000000 11706.575920 2.575920 0.022004         
88604672  128  4  0     .3135146666 .0000000055 .0000741619 .0000428173 12040.000000 12042.034085 2.034085 0.016892         
88866816  128  4  0     .3144366667 .0000000004 .0000200000 .0000115470 12344.000000 12345.771901 1.771901 0.014352         
89128960  128  4  0     .3152436666 .0000000105 .0001024695 .0000591607 12104.000000 12103.207110 0.792890 0.006551         
89391104  128  4  0     .3164166667 .0000001471 .0003835361 .0002214346 12640.000000 12642.556964 2.556964 0.020225         
89653248  128  4  0     .3170643334 .0000000373 .0001931320 .0001115048 12416.000000 12415.851786 0.148214 0.001194         
89915392  128  4  0     .3180730000 .0000000877 .0002961418 .0001709775 12128.000000 12126.099740 1.900260 0.015671         
90177536  128  4  0     .3188546666 .0000000422 .0002054263 .0001186029 12464.000000 12466.183509 2.183509 0.017515         
90439680  128  4  0     .3195423333 .0000000176 .0001326649 .0000765941 12240.000000 12241.071605 1.071605 0.008754         
90701824  128  4  0     .3203033334 .0000000134 .0001157583 .0000668330 12336.000000 12335.931643 0.068357 0.000554         
90963968  128  4  0     .3213873333 .0000000329 .0001813835 .0001047218 11840.000000 11842.355365 2.355365 0.019889         
91226112  128  4  0     .3224290000 .0000000208 .0001442220 .0000832666 12024.000000 12021.797484 2.202516 0.018321         
91488256  128  4  0     .3229236667 .0000000077 .0000877496 .0000506622 11856.000000 11860.166578 4.166578 0.035131         
91750400  128  4  0     .3242066667 .0000002177 .0004665833 .0002693819 12248.000000 12251.577531 3.577531 0.029201         
92012544  128  4  0     .3248863333 .0000000213 .0001459451 .0000842614 12176.000000 12180.449172 4.449172 0.036527         
92274688  128  4  0     .3256876667 .0000000339 .0001841195 .0001063014 11672.000000 11670.674720 1.325280 0.011356         
92536832  128  4  0     .3263900000 .0000000009 .0000300000 .0000173205 11672.000000 11671.024641 0.975359 0.008357         
92798976  128  4  0     .3273926667 .0000000272 .0001649242 .0000952190 12696.000000 12700.689780 4.689780 0.036925         
93061120  128  4  0     .3281533334 .0000000021 .0000458257 .0000264574 12128.000000 12133.016099 5.016099 0.041343         
93323264  128  4  0     .3292623334 .0000000759 .0002754995 .0001590597 12032.000000 12030.935991 1.064009 0.008844         
93585408  128  4  0     .3299050000 .0000000070 .0000836660 .0000483045 11688.000000 11689.638472 1.638472 0.014016         
93847552  128  4  0     .3309306667 .0000001781 .0004220189 .0002436527 11768.000000 11769.047649 1.047649 0.008902         
94109696  128  4  0     .3315956666 .0000000008 .0000282842 .0000163298 11992.000000 11995.879037 3.879037 0.032336         
94371840  128  4  0     .3327746666 .0000001025 .0003201562 .0001848422 11880.000000 11880.209913 0.209913 0.001767         
94633984  128  4  0     .3332170000 .0000000087 .0000932737 .0000538515 12672.000000 12672.572479 0.572479 0.004517         
94896128  128  4  0     .3344086667 .0000001174 .0003426368 .0001978214 12744.000000 12750.293387 6.293387 0.049359         
95158272  128  4  0     .3351153333 .0000000088 .0000938083 .0000541602 12256.000000 12258.772679 2.772679 0.022618         
95420416  128  4  0     .3360096666 .0000000043 .0000655743 .0000378593 12648.000000 12655.062134 7.062134 0.055805         
95682560  128  4  0     .3371936666 .0000001786 .0004226109 .0002439945 11648.000000 11653.886729 5.886729 0.050513         
95944704  128  4  0     .3376996666 .0000000040 .0000632455 .0000365148 11216.000000 11222.353000 6.353000 0.056610         
96206848  128  4  0     .3385186667 .0000000078 .0000883176 .0000509901 11704.000000 11705.641718 1.641718 0.014025         
96468992  128  4  0     .3393350000 .0000000001 .0000100000 .0000057735 11344.000000 11348.485699 4.485699 0.039527         
96731136  128  4  0     .3401733333 .0000000070 .0000836660 .0000483045 11752.000000 11751.906769 0.093231 0.000793         
96993280  128  4  0     .3411803333 .0000000193 .0001389244 .0000802080 11696.000000 11697.645302 1.645302 0.014065         
97255424  128  4  0     .3419490000 .0000000151 .0001228820 .0000709459 12344.000000 12346.962994 2.962994 0.023998         
97517568  128  4  0     .3427420000 .0000000041 .0000640312 .0000369684 12320.000000 12321.314154 1.314154 0.010666         
97779712  128  4  0     .3437563333 .0000000067 .0000818535 .0000472581 12608.000000 12609.936204 1.936204 0.015355         
98041856  128  4  0     .3448190000 .0000000976 .0003124099 .0001803699 12920.000000 12928.203089 8.203089 0.063451         
98304000  128  4  0     .3453363334 .0000000189 .0001374772 .0000793724 13520.000000 13528.021925 8.021925 0.059299         
98566144  128  4  0     .3462100000 .0000000050 .0000707106 .0000408247 13296.000000 13298.857704 2.857704 0.021488         
98828288  128  4  0     .3470936667 .0000000262 .0001618641 .0000934522 15088.000000 15095.374835 7.374835 0.048855         
99090432  128  4  0     .3482880000 .0000000903 .0003004995 .0001734934 15032.000000 15034.405944 2.405944 0.016003         
99352576  128  4  0     .3490426666 .0000000055 .0000741619 .0000428173 15160.000000 15165.027990 5.027990 0.033155         
99614720  128  4  0     .3497093333 .0000000397 .0001992485 .0001150361 15136.000000 15144.656958 8.656958 0.057162         
99876864  128  4  0     .3506123333 .0000000143 .0001195826 .0000690410 14816.000000 14816.553035 0.553035 0.003733         
100139008  128  4  0     .3512710000 .0000000062 .0000787400 .0000454605 14160.000000 14162.271849 2.271849 0.016042         
100401152  128  4  0     .3524356666 .0000000617 .0002483948 .0001434108 14400.000000 14401.569709 1.569709 0.010900         
100663296  128  4  0     .3532800000 .0000000037 .0000608276 .0000351188 14632.000000 14638.143795 6.143795 0.041971         
100925440  128  4  0     .3540450000 .0000000012 .0000346410 .0000199999 14616.000000 14618.081919 2.081919 0.014242         
101187584  128  4  0     .3548386667 .0000000110 .0001048808 .0000605529 14712.000000 14718.316693 6.316693 0.042917         
101449728  128  4  0     .3557946666 .0000000189 .0001374772 .0000793724 14368.000000 14369.685377 1.685377 0.011729         
101711872  128  4  0     .3567006667 .0000000699 .0002643860 .0001526433 14384.000000 14390.654016 6.654016 0.046238         
101974016  128  4  0     .3575076667 .0000000114 .0001067707 .0000616440 13760.000000 13767.322177 7.322177 0.053185         
102236160  128  4  0     .3584660000 .0000000547 .0002338803 .0001350308 13680.000000 13688.187280 8.187280 0.059813         
102498304  128  4  0     .3592900000 .0000000377 .0001941648 .0001121010 13528.000000 13534.902605 6.902605 0.050999         
102760448  128  4  0     .3600173333 .0000000123 .0001109053 .0000640312 13664.000000 13669.883203 5.883203 0.043038         
103022592  128  4  0     .3610573334 .0000000215 .0001466287 .0000846561 13744.000000 13750.243062 6.243062 0.045403         
103284736  128  4  0     .3619393333 .0000001813 .0004257933 .0002458318 14336.000000 14344.438588 8.438588 0.058828         
103546880  128  4  0     .3626303334 .0000000302 .0001737814 .0001003327 14856.000000 14859.967465 3.967465 0.026699         
103809024  128  4  0     .3636253333 .0000000691 .0002628687 .0001517673 14944.000000 14947.525123 3.525123 0.023583         
104071168  128  4  0     .3645783334 .0000000103 .0001014889 .0000585946 15224.000000 15225.861807 1.861807 0.012228         
104333312  128  4  0     .3652556666 .0000000071 .0000842614 .0000486483 15152.000000 15158.839167 6.839167 0.045117         
104595456  128  4  0     .3663033334 .0000001968 .0004436214 .0002561249 14664.000000 14670.960897 6.960897 0.047447         
104857600  128  4  0     .3670696666 .0000000402 .0002004993 .0001157583 14832.000000 14833.275169 1.275169 0.008597         
 
