262144  128  4  0     .0126590000 .0000000085 .0000921954 .0000532290 130948.875000 130949.661879 0.786879 0.000601         
524288  128  4  0     .0128220000 .0000000079 .0000888819 .0000513159 261983.968750 261985.181763 1.213013 0.000463         
786432  128  4  0     .0131190000 .0000001591 .0003988734 .0002302896 393052.687500 393053.868283 1.180783 0.000300         
1048576  128  4  0     .0132080000 .0000000006 .0000244948 .0000141420 524351.500000 524353.016601 1.516601 0.000289         
1310720  128  4  0     .0136090000 .0000000045 .0000670820 .0000387298 655358.375000 655361.754369 3.379369 0.000516         
1572864  128  4  0     .0139503334 .0000001514 .0003891015 .0002246478 786581.000000 786585.295905 4.295905 0.000546         
1835008  128  4  0     .0140390000 .0000000243 .0001558845 .0000899999 917819.812500 917821.942080 2.129580 0.000232         
2097152  128  4  0     .0145736666 .0000000204 .0001428285 .0000824620 1049026.125000 1049028.925218 2.800218 0.000267         
2359296  128  4  0     .0148703334 .0000000019 .0000435889 .0000251660 1180197.500000 1180200.076877 2.576877 0.000218         
2621440  128  4  0     .0150336666 .0000000026 .0000509901 .0000294391 1311482.375000 1311482.766523 0.391523 0.000030         
2883584  128  4  0     .0155236667 .0000000184 .0001356465 .0000783155 1442373.750000 1442374.452690 0.702690 0.000049         
3145728  128  4  0     .0169180000 .0000002930 .0005412947 .0003125166 1573663.000000 1573664.041637 1.041637 0.000066         
3407872  128  4  0     .0198120000 .0000000950 .0003082207 .0001779513 1704876.500000 1704877.400196 0.900196 0.000053         
3670016  128  4  0     .0212366666 .0000000058 .0000761577 .0000439696 1835924.500000 1835924.850941 0.350941 0.000019         
3932160  128  4  0     .0222906666 .0000000184 .0001356465 .0000783155 1967169.750000 1967169.486917 0.263083 0.000013         
4194304  128  4  0     .0234480000 .0000000045 .0000670820 .0000387298 2098273.500000 2098273.198124 0.301876 0.000014         
4456448  128  4  0     .0244126666 .0000001315 .0003626292 .0002093640 2229476.750000 2229476.852412 0.102412 0.000005         
4718592  128  4  0     .0242343333 .0000000184 .0001356465 .0000783155 2360594.750000 2360592.170990 2.579010 0.000109         
4980736  128  4  0     .0247986666 .0000000178 .0001334166 .0000770281 2492019.750000 2492018.561457 1.188543 0.000048         
5242880  128  4  0     .0254516667 .0000000324 .0001800000 .0001039230 2623032.500000 2623029.793644 2.706356 0.000103         
5505024  128  4  0     .0258970000 .0000000164 .0001280624 .0000739368 2754021.250000 2754017.737060 3.512940 0.000128         
5767168  128  4  0     .0267723334 .0000002823 .0005313191 .0003067572 2885201.750000 2885198.148105 3.601895 0.000125         
6029312  128  4  0     .0272623334 .0000000105 .0001024695 .0000591607 3016123.000000 3016119.898909 3.101091 0.000103         
6291456  128  4  0     .0278113334 .0000001315 .0003626292 .0002093640 3147154.750000 3147151.453207 3.296793 0.000105         
6553600  128  4  0     .0283600000 0 0 0 3278146.500000 3278146.183568 0.316432 0.000010         
6815744  128  4  0     .0290283333 .0000000376 .0001939071 .0001119523 3408752.000000 3408750.937978 1.062022 0.000031         
7077888  128  4  0     .0299336667 .0000000401 .0002002498 .0001156142 3539899.750000 3539900.881960 1.131960 0.000032         
7340032  128  4  0     .0303933333 .0000000046 .0000678232 .0000391577 3671252.500000 3671249.901608 2.598392 0.000071         
7602176  128  4  0     .0310910000 .0000000876 .0002959729 .0001708800 3802450.000000 3802446.549421 3.450579 0.000091         
7864320  128  4  0     .0315803333 .0000000184 .0001356465 .0000783155 3933489.000000 3933483.450687 5.549313 0.000141         
8126464  128  4  0     .0321300000 .0000000323 .0001797220 .0001037625 4064652.500000 4064646.468686 6.031314 0.000148         
8388608  128  4  0     .0327233333 .0000000614 .0002477902 .0001430617 4195747.000000 4195743.789535 3.210465 0.000077         
8650752  128  4  0     .0331836666 .0000000600 .0002449489 .0001414213 4326745.500000 4326738.237005 7.262995 0.000168         
8912896  128  4  0     .0338066667 .0000000443 .0002104756 .0001215181 4457514.000000 4457508.652220 5.347780 0.000120         
9175040  128  4  0     .0344003333 .0000000204 .0001428285 .0000824620 4588648.000000 4588640.763444 7.236556 0.000158         
9437184  128  4  0     .0351720000 .0000001029 .0003207802 .0001852025 4720042.000000 4720039.348282 2.651718 0.000056         
9699328  128  4  0     .0355430000 .0000000045 .0000670820 .0000387298 4851268.000000 4851260.338035 7.661965 0.000158         
9961472  128  4  0     .0360183333 .0000000137 .0001170469 .0000675770 4982423.500000 4982423.298871 0.201129 0.000004         
10223616  128  4  0     .0365523334 .0000000019 .0000435889 .0000251660 5113396.500000 5113393.128779 3.371221 0.000066         
10485760  128  4  0     .0370720000 .0000000045 .0000670820 .0000387298 5244305.500000 5244305.323534 0.176466 0.000003         
10747904  128  4  0     .0377393333 .0000001513 .0003889730 .0002245736 5375442.500000 5375440.059271 2.440729 0.000045         
11010048  128  4  0     .0383630000 .0000000441 .0002100000 .0001212435 5506556.500000 5506556.178900 0.321100 0.000006         
11272192  128  4  0     .0390160000 .0000000323 .0001797220 .0001037625 5637732.000000 5637731.887683 0.112317 0.000002         
11534336  128  4  0     .0396246667 .0000001487 .0003856163 .0002226356 5768896.500000 5768894.409111 2.090889 0.000036         
11796480  128  4  0     .0402626667 .0000000204 .0001428285 .0000824620 5900002.000000 5900000.753778 1.246222 0.000021         
12058624  128  4  0     .0410636666 .0000003280 .0005727128 .0003306558 6030864.500000 6030856.486713 8.013287 0.000133         
12320768  128  4  0     .0414050000 .0000000079 .0000888819 .0000513159 6161928.000000 6161928.232284 0.232284 0.000004         
12582912  128  4  0     .0417910000 .0000000284 .0001685229 .0000972967 6293115.500000 6293110.185050 5.314950 0.000084         
12845056  128  4  0     .0424883333 .0000000026 .0000509901 .0000294391 6424062.000000 6424060.449634 1.550366 0.000024         
13107200  128  4  0     .0431416666 .0000000376 .0001939071 .0001119523 6555308.500000 6555304.660545 3.839455 0.000059         
13369344  128  4  0     .0437796667 .0000000719 .0002681417 .0001548116 6686566.500000 6686563.121229 3.378771 0.000051         
13631488  128  4  0     .0442253333 .0000000342 .0001849324 .0001067707 6817784.000000 6817780.716869 3.283131 0.000048         
13893632  128  4  0     .0448926666 .0000000800 .0002828427 .0001632993 6948943.000000 6948936.248826 6.751174 0.000097         
14155776  128  4  0     .0455456667 .0000001246 .0003529872 .0002037972 7080199.500000 7080195.271903 4.228097 0.000060         
14417920  128  4  0     .0462136667 .0000001325 .0003640054 .0002101586 7211316.500000 7211313.112875 3.387125 0.000047         
14680064  128  4  0     .0467773333 .0000000046 .0000678232 .0000391577 7342466.000000 7342459.773022 6.226978 0.000085         
14942208  128  4  0     .0474750000 .0000000243 .0001558845 .0000899999 7473713.000000 7473707.560567 5.439433 0.000073         
15204352  128  4  0     .0477570000 .0000000164 .0001280624 .0000739368 7604323.000000 7604323.149253 0.149253 0.000002         
15466496  128  4  0     .0484693333 .0000000006 .0000244948 .0000141420 7735558.000000 7735553.113890 4.886110 0.000063         
15728640  128  4  0     .0493003333 .0000002901 .0005386093 .0003109662 7866600.500000 7866590.333937 10.166063 0.000129         
15990784  128  4  0     .0498196667 .0000000058 .0000761577 .0000439696 7997578.500000 7997572.372222 6.127778 0.000077         
16252928  128  4  0     .0502653334 .0000000258 .0001606237 .0000927361 8128763.000000 8128759.419376 3.580624 0.000044         
16515072  128  4  0     .0507400000 .0000001710 .0004135214 .0002387466 8259855.500000 8259851.690899 3.809101 0.000046         
16777216  128  4  0     .0512150000 .0000000403 .0002007485 .0001159022 8391005.000000 8391002.788552 2.211448 0.000026         
17039360  128  4  0     .0520610000 .0000000324 .0001800000 .0001039230 8522240.000000 8522235.125122 4.874878 0.000057         
17301504  128  4  0     .0526843333 .0000002560 .0005059644 .0002921186 8653393.000000 8653389.402089 3.597911 0.000042         
17563648  128  4  0     .0531883334 .0000000443 .0002104756 .0001215181 8784425.000000 8784412.136968 12.863032 0.000146         
17825792  128  4  0     .0535450000 .0000000164 .0001280624 .0000739368 8915396.000000 8915389.710793 6.289207 0.000071         
18087936  128  4  0     .0542273334 .0000000376 .0001939071 .0001119523 9046347.000000 9046332.925472 14.074528 0.000156         
18350080  128  4  0     .0547913334 .0000000046 .0000678232 .0000391577 9177476.000000 9177467.800913 8.199087 0.000089         
18612224  128  4  0     .0555483333 .0000000046 .0000678232 .0000391577 9308346.000000 9308328.917768 17.082232 0.000184         
18874368  128  4  0     .0563350000 .0000001932 .0004395452 .0002537715 9439629.000000 9439620.557659 8.442341 0.000089         
19136512  128  4  0     .0566613333 .0000000006 .0000244948 .0000141420 9570838.000000 9570827.865685 10.134315 0.000106         
19398656  128  4  0     .0572253334 .0000000999 .0003160696 .0001824828 9701976.000000 9701971.495802 4.504198 0.000046         
19660800  128  4  0     .0578040000 .0000000403 .0002007485 .0001159022 9833102.000000 9833100.092560 1.907440 0.000019         
19922944  128  4  0     .0581900000 .0000000417 .0002042057 .0001178982 9964251.000000 9964247.453568 3.546432 0.000036         
20185088  128  4  0     .0589763334 .0000000085 .0000921954 .0000532290 10095357.000000 10095356.775558 0.224442 0.000002         
20447232  128  4  0     .0596740000 .0000000719 .0002681417 .0001548116 10226769.000000 10226773.916986 4.916986 0.000048         
20709376  128  4  0     .0600003333 .0000000601 .0002451530 .0001415391 10357838.000000 10357844.330021 6.330021 0.000061         
20971520  128  4  0     .0604606666 .0000000615 .0002479919 .0001431781 10489145.000000 10489149.634951 4.634951 0.000044         
21233664  128  4  0     .0611136666 .0000000105 .0001024695 .0000591607 10620110.000000 10620114.902902 4.902902 0.000046         
21495808  128  4  0     .0617813334 .0000000085 .0000921954 .0000532290 10750904.000000 10750912.127341 8.127341 0.000076         
21757952  128  4  0     .0624936666 .0000000046 .0000678232 .0000391577 10881789.000000 10881797.013319 8.013319 0.000074         
22020096  128  4  0     .0631763333 .0000000772 .0002778488 .0001604160 11012874.000000 11012883.343030 9.343030 0.000085         
22282240  128  4  0     .0635920000 .0000000681 .0002609597 .0001506651 11143957.000000 11143965.924556 8.924556 0.000080         
22544384  128  4  0     .0644083333 .0000002226 .0004718050 .0002723967 11274961.000000 11274968.962637 7.962637 0.000071         
22806528  128  4  0     .0651056666 .0000001273 .0003567912 .0002059934 11406154.000000 11406155.346762 1.346762 0.000012         
23068672  128  4  0     .0656843334 .0000001395 .0003734969 .0002156385 11537188.000000 11537202.307074 14.307074 0.000124         
23330816  128  4  0     .0661150000 .0000001029 .0003207802 .0001852025 11668193.000000 11668201.176011 8.176011 0.000070         
23592960  128  4  0     .0667680000 .0000000440 .0002097617 .0001211059 11799278.000000 11799293.484149 15.484149 0.000131         
23855104  128  4  0     .0672726666 .0000001566 .0003957271 .0002284731 11930247.000000 11930258.610061 11.610061 0.000097         
24117248  128  4  0     .0677176667 .0000000771 .0002776688 .0001603121 12061091.000000 12061102.456608 11.456608 0.000095         
24379392  128  4  0     .0684300000 .0000000853 .0002920616 .0001686218 12192313.000000 12192318.150323 5.150323 0.000042         
24641536  128  4  0     .0688603334 .0000000322 .0001794435 .0001036017 12323414.000000 12323427.341025 13.341025 0.000108         
24903680  128  4  0     .0694983333 .0000000318 .0001783255 .0001029562 12454205.000000 12454218.895285 13.895285 0.000112         
25165824  128  4  0     .0698250000 .0000000125 .0001118033 .0000645496 12585424.000000 12585441.352596 17.352596 0.000138         
25427968  128  4  0     .0708786667 .0000001031 .0003210918 .0001853824 12716402.000000 12716422.250519 20.250519 0.000159         
25690112  128  4  0     .0711460000 .0000000554 .0002353720 .0001358920 12847663.000000 12847682.118135 19.118135 0.000149         
25952256  128  4  0     .0719176667 .0000000521 .0002282542 .0001317826 12978712.000000 12978740.353532 28.353532 0.000218         
26214400  128  4  0     .0723773334 .0000000085 .0000921954 .0000532290 13109940.000000 13109956.862881 16.862881 0.000129         
26476544  128  4  0     .0734016667 .0000002506 .0005005996 .0002890213 13240901.000000 13240924.144425 23.144425 0.000175         
26738688  128  4  0     .0736983334 .0000001435 .0003788139 .0002187083 13372168.000000 13372191.432306 23.432306 0.000175         
27000832  128  4  0     .0744700000 .0000000284 .0001685229 .0000972967 13503322.000000 13503348.167770 26.167770 0.000194         
27262976  128  4  0     .0749450000 .0000000006 .0000244948 .0000141420 13634709.000000 13634727.027385 18.027385 0.000132         
27525120  128  4  0     .0757463334 .0000004884 .0006988562 .0004034848 13765917.000000 13765934.237632 17.237632 0.000125         
27787264  128  4  0     .0764436667 .0000001482 .0003849675 .0002222610 13897121.000000 13897127.694457 6.694457 0.000048         
28049408  128  4  0     .0765326666 .0000000019 .0000435889 .0000251660 14028301.000000 14028317.598272 16.598272 0.000118         
28311552  128  4  0     .0770970000 .0000000520 .0002280350 .0001316560 14159676.000000 14159688.049817 12.049817 0.000085         
28573696  128  4  0     .0774976667 .0000000184 .0001356465 .0000783155 14290501.000000 14290516.644096 15.644096 0.000109         
28835840  128  4  0     .0780466666 .0000000557 .0002360084 .0001362595 14421519.000000 14421544.059451 25.059451 0.000174         
29097984  128  4  0     .0786393333 .0000000205 .0001431782 .0000826639 14552466.000000 14552485.364726 19.364726 0.000133         
29360128  128  4  0     .0793970000 .0000000876 .0002959729 .0001708800 14683576.000000 14683603.649292 27.649292 0.000188         
29622272  128  4  0     .0798720000 .0000000020 .0000447213 .0000258198 14814760.000000 14814781.358994 21.358994 0.000144         
29884416  128  4  0     .0803616666 .0000000019 .0000435889 .0000251660 14945800.000000 14945818.262407 18.262407 0.000122         
30146560  128  4  0     .0811336667 .0000000601 .0002451530 .0001415391 15076994.000000 15077023.241595 29.241595 0.000194         
30408704  128  4  0     .0817270000 .0000000243 .0001558845 .0000899999 15208174.000000 15208201.057636 27.057636 0.000178         
30670848  128  4  0     .0826323333 .0000000494 .0002222611 .0001283225 15339283.000000 15339305.875277 22.875277 0.000149         
30932992  128  4  0     .0827506666 .0000000026 .0000509901 .0000294391 15470310.000000 15470315.078975 5.078975 0.000033         
31195136  128  4  0     .0833893333 .0000000059 .0000768114 .0000443470 15601172.000000 15601182.180127 10.180127 0.000065         
31457280  128  4  0     .0839383333 .0000000205 .0001431782 .0000826639 15732184.000000 15732203.670905 19.670905 0.000125         
31719424  128  4  0     .0843983334 .0000000124 .0001113552 .0000642909 15863238.000000 15863266.128067 28.128067 0.000177         
31981568  128  4  0     .0853630000 .0000002464 .0004963869 .0002865891 15994275.000000 15994292.257334 17.257334 0.000108         
32243712  128  4  0     .0859563333 .0000000879 .0002964793 .0001711724 16125293.000000 16125302.374273 9.374273 0.000058         
32505856  128  4  0     .0867433334 .0000005992 .0007740800 .0004469152 16256197.000000 16256213.292175 16.292175 0.000100         
32768000  128  4  0     .0869953333 .0000000258 .0001606237 .0000927361 16387370.000000 16387388.878030 18.878030 0.000115         
33030144  128  4  0     .0874853333 .0000000258 .0001606237 .0000927361 16518472.000000 16518492.709807 20.709807 0.000125         
33292288  128  4  0     .0881380000 .0000000601 .0002451530 .0001415391 16649442.000000 16649456.307644 14.307644 0.000086         
33554432  128  4  0     .0893403333 .0000007663 .0008753856 .0005054041 16780390.000000 16780420.730242 30.730242 0.000183         
33816576  128  4  0     .0894443334 .0000000138 .0001174734 .0000678232 16911468.000000 16911483.082978 15.082978 0.000089         
34078720  128  4  0     .0898300000 .0000000916 .0003026549 .0001747378 17042660.000000 17042686.184338 26.184338 0.000154         
34340864  128  4  0     .0905720000 .0000000877 .0002961418 .0001709775 17173794.000000 17173817.211734 23.211734 0.000135         
34603008  128  4  0     .0910320000 .0000002090 .0004571651 .0002639443 17304716.000000 17304751.466334 35.466334 0.000205         
34865152  128  4  0     .0916703333 .0000000733 .0002707397 .0001563116 17435710.000000 17435735.666941 25.666941 0.000147         
35127296  128  4  0     .0919670000 .0000000085 .0000921954 .0000532290 17566800.000000 17566823.369062 23.369062 0.000133         
35389440  128  4  0     .0929166667 .0000000971 .0003116087 .0001799073 17698028.000000 17698043.158802 15.158802 0.000086         
35651584  128  4  0     .0933920000 .0000000085 .0000921954 .0000532290 17829030.000000 17829058.024139 28.024139 0.000157         
35913728  128  4  0     .0944160000 .0000003693 .0006077005 .0003508560 17960294.000000 17960333.681411 39.681411 0.000221         
36175872  128  4  0     .0946233333 .0000000660 .0002569046 .0001483239 18091228.000000 18091254.777764 26.777764 0.000148         
36438016  128  4  0     .0952766667 .0000000376 .0001939071 .0001119523 18222296.000000 18222328.514318 32.514318 0.000178         
36700160  128  4  0     .0958703333 .0000001395 .0003734969 .0002156385 18353394.000000 18353415.273999 21.273999 0.000116         
36962304  128  4  0     .0962706666 .0000000443 .0002104756 .0001215181 18484414.000000 18484443.368167 29.368167 0.000159         
37224448  128  4  0     .0970130000 .0000001663 .0004077989 .0002354428 18615408.000000 18615444.260279 36.260279 0.000195         
37486592  128  4  0     .0976506667 .0000002266 .0004760252 .0002748332 18746524.000000 18746572.554609 48.554609 0.000259         
37748736  128  4  0     .0981110000 .0000001710 .0004135214 .0002387466 18877728.000000 18877751.514373 23.514373 0.000125         
38010880  128  4  0     .0985713333 .0000000414 .0002034698 .0001174733 19008856.000000 19008872.118618 16.118618 0.000085         
38273024  128  4  0     .0992386666 .0000000416 .0002039607 .0001177567 19140032.000000 19140052.095440 20.095440 0.000105         
38535168  128  4  0     .1025930000 .0000097315 .0031195352 .0018010644 19271082.000000 19271100.661077 18.661077 0.000097         
38797312  128  4  0     .1004410000 .0000000237 .0001539480 .0000888819 19402116.000000 19402142.357907 26.357907 0.000136         
39059456  128  4  0     .1011233333 .0000000184 .0001356465 .0000783155 19533128.000000 19533167.999185 39.999185 0.000205         
39321600  128  4  0     .1018510000 .0000000719 .0002681417 .0001548116 19664104.000000 19664133.796539 29.796539 0.000152         
39583744  128  4  0     .1022216667 .0000000137 .0001170469 .0000675770 19795264.000000 19795290.016308 26.016308 0.000131         
39845888  128  4  0     .1026966667 .0000000105 .0001024695 .0000591607 19926240.000000 19926283.319879 43.319879 0.000217         
40108032  128  4  0     .1033793333 .0000000318 .0001783255 .0001029562 20057226.000000 20057253.431849 27.431849 0.000137         
40370176  128  4  0     .1039140000 .0000000079 .0000888819 .0000513159 20188346.000000 20188375.738796 29.738796 0.000147         
40632320  128  4  0     .1046560000 .0000000797 .0002823118 .0001629927 20319524.000000 20319555.985162 31.985162 0.000157         
40894464  128  4  0     .1051006666 .0000000818 .0002860069 .0001651261 20450438.000000 20450480.093693 42.093693 0.000206         
41156608  128  4  0     .1054870000 .0000000026 .0000509901 .0000294391 20581604.000000 20581649.798376 45.798376 0.000223         
41418752  128  4  0     .1062586667 .0000000184 .0001356465 .0000783155 20712600.000000 20712630.509960 30.509960 0.000147         
41680896  128  4  0     .1072826666 .0000002402 .0004901020 .0002829605 20843542.000000 20843586.638639 44.638639 0.000214         
41943040  128  4  0     .1074603333 .0000000443 .0002104756 .0001215181 20974392.000000 20974435.550480 43.550480 0.000208         
42205184  128  4  0     .1079056667 .0000000026 .0000509901 .0000294391 21105476.000000 21105512.841431 36.841431 0.000175         
42467328  128  4  0     .1084843333 .0000000006 .0000244948 .0000141420 21236640.000000 21236686.704331 46.704331 0.000220         
42729472  128  4  0     .1092856666 .0000000184 .0001356465 .0000783155 21367752.000000 21367810.599773 58.599773 0.000274         
42991616  128  4  0     .1097756666 .0000000501 .0002238302 .0001292284 21498716.000000 21498755.712957 39.712957 0.000185         
43253760  128  4  0     .1102800000 .0000000078 .0000883176 .0000509901 21629578.000000 21629634.448317 56.448317 0.000261         
43515904  128  4  0     .1108296666 .0000000322 .0001794435 .0001036017 21760674.000000 21760727.852537 53.852537 0.000247         
43778048  128  4  0     .1116606666 .0000000080 .0000894427 .0000516397 21891708.000000 21891744.429110 36.429110 0.000166         
44040192  128  4  0     .1122096667 .0000000878 .0002963106 .0001710750 22022908.000000 22022940.838761 32.838761 0.000149         
44302336  128  4  0     .1128923334 .0000001709 .0004134005 .0002386768 22154002.000000 22154051.289805 49.289805 0.000222         
44564480  128  4  0     .1132780000 .0000000125 .0001118033 .0000645496 22285130.000000 22285173.935062 43.935062 0.000197         
44826624  128  4  0     .1137086666 .0000000019 .0000435889 .0000251660 22416196.000000 22416255.140924 59.140924 0.000264         
45088768  128  4  0     .1147623334 .0000000046 .0000678232 .0000391577 22547342.000000 22547407.273871 65.273871 0.000289         
45350912  128  4  0     .1149403333 .0000000124 .0001113552 .0000642909 22678432.000000 22678480.465642 48.465642 0.000214         
45613056  128  4  0     .1155190000 .0000000640 .0002529822 .0001460593 22809438.000000 22809514.752163 76.752163 0.000336         
45875200  128  4  0     .1160680000 .0000002217 .0004708502 .0002718454 22940544.000000 22940610.802193 66.802193 0.000291         
46137344  128  4  0     .1166320000 .0000000085 .0000921954 .0000532290 23071472.000000 23071543.101511 71.101511 0.000308         
46399488  128  4  0     .1170180000 .0000000480 .0002190890 .0001264910 23202512.000000 23202568.373131 56.373131 0.000243         
46661632  128  4  0     .1178043334 .0000001248 .0003532704 .0002039607 23333456.000000 23333538.595203 82.595203 0.000354         
46923776  128  4  0     .1185020000 .0000000243 .0001558845 .0000899999 23464454.000000 23464517.837944 63.837944 0.000272         
47185920  128  4  0     .1191403334 .0000000138 .0001174734 .0000678232 23595730.000000 23595807.651290 77.651290 0.000329         
47448064  128  4  0     .1197783334 .0000000501 .0002238302 .0001292284 23726850.000000 23726942.102109 92.102109 0.000388         
47710208  128  4  0     .1201643333 .0000000137 .0001170469 .0000675770 23857876.000000 23857953.240622 77.240622 0.000324         
47972352  128  4  0     .1206536666 .0000000137 .0001170469 .0000675770 23988784.000000 23988868.874940 84.874940 0.000354         
48234496  128  4  0     .1215000000 .0000000078 .0000883176 .0000509901 24119650.000000 24119729.349311 79.349311 0.000329         
48496640  128  4  0     .1220340000 .0000000554 .0002353720 .0001358920 24250570.000000 24250658.609181 88.609181 0.000365         
48758784  128  4  0     .1227760000 .0000001631 .0004038564 .0002331666 24381734.000000 24381815.511388 81.511388 0.000334         
49020928  128  4  0     .1231026667 .0000000019 .0000435889 .0000251660 24512836.000000 24512923.019068 87.019068 0.000355         
49283072  128  4  0     .1235480000 0 0 0 24644460.000000 24644551.115473 91.115473 0.000370         
49545216  128  4  0     .1245870000 .0000002385 .0004883646 .0002819574 24775604.000000 24775683.803748 79.803748 0.000322         
49807360  128  4  0     .1249576667 .0000000086 .0000927361 .0000535412 24906654.000000 24906738.880855 84.880855 0.000341         
50069504  128  4  0     .1258776667 .0000001433 .0003785498 .0002185558 25037944.000000 25038033.233241 89.233241 0.000356         
50331648  128  4  0     .1262636667 .0000000059 .0000768114 .0000443470 25168986.000000 25169079.440325 93.440325 0.000371         
50593792  128  4  0     .1265903333 .0000000105 .0001024695 .0000591607 25300124.000000 25300207.841714 83.841714 0.000331         
50855936  128  4  0     .1270653333 .0000000257 .0001603121 .0000925562 25431130.000000 25431238.370753 108.370753 0.000426         
51118080  128  4  0     .1279553334 .0000000080 .0000894427 .0000516397 25562308.000000 25562406.197889 98.197889 0.000384         
51380224  128  4  0     .1284010000 .0000000078 .0000883176 .0000509901 25693196.000000 25693301.457813 105.457813 0.000410         
51642368  128  4  0     .1289500000 .0000000125 .0001118033 .0000645496 25824464.000000 25824566.934917 102.934917 0.000399         
51904512  128  4  0     .1294246666 .0000000059 .0000768114 .0000443470 25955516.000000 25955613.973743 97.973743 0.000377         
52166656  128  4  0     .1302113334 .0000000282 .0001679285 .0000969535 26086578.000000 26086656.732928 78.732928 0.000302         
52428800  128  4  0     .1309683333 .0000000879 .0002964793 .0001711724 26217528.000000 26217593.712841 65.712841 0.000251         
52690944  128  4  0     .1313096666 .0000000085 .0000921954 .0000532290 26348422.000000 26348514.246981 92.246981 0.000350         
52953088  128  4  0     .1319326666 .0000000124 .0001113552 .0000642909 26479580.000000 26479657.122608 77.122608 0.000291         
53215232  128  4  0     .1328086667 .0000000972 .0003117691 .0001799999 26610402.000000 26610498.606217 96.606217 0.000363         
53477376  128  4  0     .1336986667 .0000000178 .0001334166 .0000770281 26741616.000000 26741693.758919 77.758919 0.000291         
53739520  128  4  0     .1336100000 .0000000078 .0000883176 .0000509901 26872616.000000 26872691.783758 75.783758 0.000282         
54001664  128  4  0     .1343073333 .0000000006 .0000244948 .0000141420 27003568.000000 27003651.615816 83.615816 0.000310         
54263808  128  4  0     .1348710000 .0000000204 .0001428285 .0000824620 27134752.000000 27134833.316581 81.316581 0.000300         
54525952  128  4  0     .1354793333 .0000001566 .0003957271 .0002284731 27265774.000000 27265860.680417 86.680417 0.000318         
54788096  128  4  0     .1361326667 .0000001038 .0003221800 .0001860107 27396868.000000 27396915.815049 47.815049 0.000175         
55050240  128  4  0     .1366520000 .0000001509 .0003884584 .0002242765 27528054.000000 27528144.704314 90.704314 0.000329         
55312384  128  4  0     .1373350000 .0000000085 .0000921954 .0000532290 27659564.000000 27659643.168569 79.168569 0.000286         
55574528  128  4  0     .1380026666 .0000000184 .0001356465 .0000783155 27790674.000000 27790750.489135 76.489135 0.000275         
55836672  128  4  0     .1386556667 .0000000085 .0000921954 .0000532290 27921330.000000 27921404.091874 74.091874 0.000265         
56098816  128  4  0     .1386850000 .0000000316 .0001777638 .0001026319 28052468.000000 28052546.508964 78.508964 0.000280         
56360960  128  4  0     .1395760000 .0000000316 .0001777638 .0001026319 28183724.000000 28183786.548146 62.548146 0.000222         
56623104  128  4  0     .1402436666 .0000000239 .0001545962 .0000892561 28314750.000000 28314810.473419 60.473419 0.000214         
56885248  128  4  0     .1406590000 .0000000006 .0000244948 .0000141420 28445642.000000 28445720.030255 78.030255 0.000274         
57147392  128  4  0     .1415050000 .0000000045 .0000670820 .0000387298 28576750.000000 28576804.832187 54.832187 0.000192         
57409536  128  4  0     .1420540000 .0000000599 .0002447447 .0001413034 28707778.000000 28707809.192004 31.192004 0.000109         
57671680  128  4  0     .1425586666 .0000000376 .0001939071 .0001119523 28838888.000000 28838924.890984 36.890984 0.000128         
57933824  128  4  0     .1430780000 .0000001196 .0003458323 .0001996663 28969990.000000 28970040.619681 50.619681 0.000175         
58195968  128  4  0     .1434046666 .0000000138 .0001174734 .0000678232 29101188.000000 29101234.780832 46.780832 0.000161         
58458112  128  4  0     .1441910000 .0000000641 .0002531797 .0001461733 29232140.000000 29232172.961216 32.961216 0.000113         
58720256  128  4  0     .1448146667 .0000000501 .0002238302 .0001292284 29363370.000000 29363414.035267 44.035267 0.000150         
58982400  128  4  0     .1453786666 .0000000165 .0001284523 .0000741619 29494072.000000 29494120.869898 48.869898 0.000166         
59244544  128  4  0     .1460163334 .0000000085 .0000921954 .0000532290 29625308.000000 29625343.516325 35.516325 0.000120         
59506688  128  4  0     .1466843333 .0000000046 .0000678232 .0000391577 29756264.000000 29756304.111315 40.111315 0.000135         
59768832  128  4  0     .1473670000 .0000000496 .0002227105 .0001285819 29887250.000000 29887298.165213 48.165213 0.000161         
60030976  128  4  0     .1476196667 .0000000026 .0000509901 .0000294391 30018294.000000 30018338.489634 44.489634 0.000148         
60293120  128  4  0     .1481086667 .0000000422 .0002054263 .0001186029 30149374.000000 30149421.051260 47.051260 0.000156         
60555264  128  4  0     .1492666667 .0000001768 .0004204759 .0002427618 30280498.000000 30280533.820704 35.820704 0.000118         
60817408  128  4  0     .1493553333 .0000000124 .0001113552 .0000642909 30411602.000000 30411621.645035 19.645035 0.000065         
61079552  128  4  0     .1504983334 .0000000641 .0002531797 .0001461733 30542876.000000 30542904.599176 28.599176 0.000094         
61341696  128  4  0     .1508546666 .0000000401 .0002002498 .0001156142 30674120.000000 30674130.771360 10.771360 0.000035         
61603840  128  4  0     .1511660000 .0000000284 .0001685229 .0000972967 30805316.000000 30805350.088706 34.088706 0.000111         
61865984  128  4  0     .1517453334 .0000000105 .0001024695 .0000591607 30936472.000000 30936473.825099 1.825099 0.000006         
62128128  128  4  0     .1523386667 .0000000501 .0002238302 .0001292284 31067502.000000 31067522.706566 20.706566 0.000067         
62390272  128  4  0     .1529323334 .0000000256 .0001600000 .0000923760 31198874.000000 31198875.494004 1.494004 0.000005         
62652416  128  4  0     .1536296666 .0000000738 .0002716615 .0001568438 31329970.000000 31329969.810243 0.189757 0.000001         
62914560  128  4  0     .1541786667 .0000002914 .0005398147 .0003116621 31461090.000000 31461100.786540 10.786540 0.000034         
63176704  128  4  0     .1547576666 .0000000318 .0001783255 .0001029562 31592380.000000 31592392.698684 12.698684 0.000040         
63438848  128  4  0     .1557666666 .0000000919 .0003031501 .0001750237 31723712.000000 31723719.501487 7.501487 0.000024         
63700992  128  4  0     .1558560000 .0000000323 .0001797220 .0001037625 31854666.000000 31854701.767878 35.767878 0.000112         
63963136  128  4  0     .1561970000 .0000000164 .0001280624 .0000739368 31985622.000000 31985628.370524 6.370524 0.000020         
64225280  128  4  0     .1572953333 .0000000178 .0001334166 .0000770281 32116828.000000 32116818.084213 9.915787 0.000031         
64487424  128  4  0     .1576216666 .0000000663 .0002574878 .0001486606 32248020.000000 32248052.585656 32.585656 0.000101         
64749568  128  4  0     .1582006667 .0000000836 .0002891366 .0001669330 32378978.000000 32378988.751801 10.751801 0.000033         
65011712  128  4  0     .1591060000 .0000000480 .0002190890 .0001264910 32509996.000000 32510023.201321 27.201321 0.000084         
65273856  128  4  0     .1595066667 .0000001593 .0003991240 .0002304343 32641042.000000 32641062.551352 20.551352 0.000063         
65536000  128  4  0     .1600406667 .0000000739 .0002718455 .0001569500 32771882.000000 32771912.814247 30.814247 0.000094         
65798144  128  4  0     .1606343334 .0000000019 .0000435889 .0000251660 32902820.000000 32902836.611068 16.611068 0.000050         
66060288  128  4  0     .1614503334 .0000000501 .0002238302 .0001292284 33033810.000000 33033834.242634 24.242634 0.000073         
66322432  128  4  0     .1617326667 .0000000205 .0001431782 .0000826639 33164822.000000 33164849.572813 27.572813 0.000083         
66584576  128  4  0     .1632613334 .0000005964 .0007722693 .0004458698 33295672.000000 33295702.802860 30.802860 0.000093         
66846720  128  4  0     .1632613333 .0000000414 .0002034698 .0001174733 33426792.000000 33426839.580154 47.580154 0.000142         
67108864  128  4  0     .1636026667 .0000000184 .0001356465 .0000783155 33557772.000000 33557831.136790 59.136790 0.000176         
67371008  128  4  0     .1638696667 .0000000086 .0000927361 .0000535412 33688796.000000 33688824.466880 28.466880 0.000084         
67633152  128  4  0     .1645970000 .0000000079 .0000888819 .0000513159 33819680.000000 33819727.695805 47.695805 0.000141         
67895296  128  4  0     .1653983334 .0000001248 .0003532704 .0002039607 33950552.000000 33950584.265917 32.265917 0.000095         
68157440  128  4  0     .1661696666 .0000001473 .0003837968 .0002215851 34081456.000000 34081500.694456 44.694456 0.000131         
68419584  128  4  0     .1663480000 .0000000243 .0001558845 .0000899999 34212532.000000 34212569.639244 37.639244 0.000110         
68681728  128  4  0     .1667336666 .0000000376 .0001939071 .0001119523 34343816.000000 34343841.012854 25.012854 0.000073         
68943872  128  4  0     .1674613334 .0000000105 .0001024695 .0000591607 34474928.000000 34474979.110094 51.110094 0.000148         
69206016  128  4  0     .1681290000 .0000000006 .0000244948 .0000141420 34606016.000000 34606046.969590 30.969590 0.000089         
69468160  128  4  0     .1687666666 .0000000105 .0001024695 .0000591607 34737072.000000 34737098.427752 26.427752 0.000076         
69730304  128  4  0     .1692123333 .0000000046 .0000678232 .0000391577 34867988.000000 34868045.534473 57.534473 0.000165         
69992448  128  4  0     .1699840000 .0000000020 .0000447213 .0000258198 34998976.000000 34999024.038951 48.038951 0.000137         
70254592  128  4  0     .1706963334 .0000002516 .0005015974 .0002895973 35130328.000000 35130372.664308 44.664308 0.000127         
70516736  128  4  0     .1711120000 .0000000344 .0001854723 .0001070824 35261320.000000 35261394.394316 74.394316 0.000211         
70778880  128  4  0     .1717056667 .0000001372 .0003704051 .0002138534 35392176.000000 35392307.228772 131.228772 0.000371         
71041024  128  4  0     .1720913333 .0000000125 .0001118033 .0000645496 35523308.000000 35523411.343006 103.343006 0.000291         
71303168  128  4  0     .1726403333 .0000000124 .0001113552 .0000642909 35654324.000000 35654407.281438 83.281438 0.000234         
71565312  128  4  0     .1733526666 .0000000105 .0001024695 .0000591607 35785192.000000 35785317.364018 125.364018 0.000350         
71827456  128  4  0     .1740353333 .0000002223 .0004714870 .0002722131 35916492.000000 35916600.905856 108.905856 0.000303         
72089600  128  4  0     .1745253333 .0000000257 .0001603121 .0000925562 36047516.000000 36047639.912437 123.912437 0.000344         
72351744  128  4  0     .1752820000 .0000001210 .0003478505 .0002008315 36178680.000000 36178763.466102 83.466102 0.000231         
72613888  128  4  0     .1757420000 .0000000045 .0000670820 .0000387298 36309704.000000 36309805.406286 101.406286 0.000279         
72876032  128  4  0     .1763953334 .0000000536 .0002315167 .0001336662 36440628.000000 36440746.888968 118.888968 0.000326         
73138176  128  4  0     .1767810000 .0000000125 .0001118033 .0000645496 36571864.000000 36571946.230389 82.230389 0.000225         
73400320  128  4  0     .1773750000 .0000000078 .0000883176 .0000509901 36702976.000000 36703053.491301 77.491301 0.000211         
73662464  128  4  0     .1779830000 .0000000164 .0001280624 .0000739368 36834208.000000 36834287.346595 79.346595 0.000215         
73924608  128  4  0     .1785620000 .0000000284 .0001685229 .0000972967 36965336.000000 36965411.232771 75.232771 0.000204         
74186752  128  4  0     .1795410000 .0000001434 .0003786819 .0002186320 37096256.000000 37096332.405888 76.405888 0.000206         
74448896  128  4  0     .1796603334 .0000000184 .0001356465 .0000783155 37227368.000000 37227475.468742 107.468742 0.000289         
74711040  128  4  0     .1804020000 .0000000237 .0001539480 .0000888819 37358100.000000 37358207.968171 107.968171 0.000289         
74973184  128  4  0     .1810996666 .0000000721 .0002685144 .0001550268 37489192.000000 37489212.385343 20.385343 0.000054         
75235328  128  4  0     .1819453333 .0000000244 .0001562049 .0000901849 37620080.000000 37620146.420269 66.420269 0.000177         
75497472  128  4  0     .1823163334 .0000000258 .0001606237 .0000927361 37751180.000000 37751246.666171 66.666171 0.000177         
75759616  128  4  0     .1828063333 .0000000614 .0002477902 .0001430617 37882072.000000 37882167.410239 95.410239 0.000252         
76021760  128  4  0     .1831323333 .0000000026 .0000509901 .0000294391 38013308.000000 38013380.219182 72.219182 0.000190         
76283904  128  4  0     .1840376666 .0000000105 .0001024695 .0000591607 38144264.000000 38144335.214411 71.214411 0.000187         
76546048  128  4  0     .1846020000 .0000000125 .0001118033 .0000645496 38275360.000000 38275463.364627 103.364627 0.000270         
76808192  128  4  0     .1851660000 .0000000734 .0002709243 .0001564182 38406304.000000 38406370.660374 66.660374 0.000174         
77070336  128  4  0     .1856110000 .0000000554 .0002353720 .0001358920 38537472.000000 38537601.624223 129.624223 0.000336         
77332480  128  4  0     .1862643333 .0000000879 .0002964793 .0001711724 38668480.000000 38668603.366580 123.366580 0.000319         
77594624  128  4  0     .1866646667 .0000000501 .0002238302 .0001292284 38799540.000000 38799648.847829 108.847829 0.000281         
77856768  128  4  0     .1875553333 .0000000046 .0000678232 .0000391577 38930900.000000 38931008.905776 108.905776 0.000280         
78118912  128  4  0     .1880003334 .0000000204 .0001428285 .0000824620 39062048.000000 39062179.677539 131.677539 0.000337         
78381056  128  4  0     .1886236666 .0000001313 .0003623534 .0002092048 39193072.000000 39193170.099995 98.099995 0.000250         
78643200  128  4  0     .1891133334 .0000000165 .0001284523 .0000741619 39323868.000000 39324008.390316 140.390316 0.000357         
78905344  128  4  0     .1897370000 .0000000085 .0000921954 .0000532290 39455064.000000 39455200.936716 136.936716 0.000347         
79167488  128  4  0     .1903750000 .0000000179 .0001337908 .0000772441 39586276.000000 39586362.931995 86.931995 0.000220         
79429632  128  4  0     .1907166667 .0000000184 .0001356465 .0000783155 39717216.000000 39717291.343991 75.343991 0.000190         
79691776  128  4  0     .1912653334 .0000000137 .0001170469 .0000675770 39848092.000000 39848167.539959 75.539959 0.000190         
79953920  128  4  0     .1920966667 .0000001633 .0004041039 .0002333094 39979044.000000 39979177.087161 133.087161 0.000333         
80216064  128  4  0     .1927346667 .0000001507 .0003882009 .0002241278 40110192.000000 40110295.266012 103.266012 0.000257         
80478208  128  4  0     .1934470000 .0000000079 .0000888819 .0000513159 40240920.000000 40241022.834269 102.834269 0.000256         
80740352  128  4  0     .1937436666 .0000000483 .0002197726 .0001268857 40372300.000000 40372389.347550 89.347550 0.000221         
81002496  128  4  0     .1943520000 .0000000006 .0000244948 .0000141420 40503360.000000 40503436.963166 76.963166 0.000190         
81264640  128  4  0     .1947826666 .0000000416 .0002039607 .0001177567 40634280.000000 40634383.296333 103.296333 0.000254         
81526784  128  4  0     .1956880000 .0000000521 .0002282542 .0001317826 40765476.000000 40765548.187269 72.187269 0.000177         
81788928  128  4  0     .1959700000 .0000000045 .0000670820 .0000387298 40896584.000000 40896640.685990 56.685990 0.000139         
82051072  128  4  0     .1968456666 .0000000204 .0001428285 .0000824620 41027588.000000 41027683.001106 95.001106 0.000232         
82313216  128  4  0     .1973796667 .0000001116 .0003340658 .0001928729 41158884.000000 41158997.740451 113.740451 0.000276         
82575360  128  4  0     .1983000000 .0000002401 .0004900000 .0002829016 41289740.000000 41289818.797623 78.797623 0.000191         
82837504  128  4  0     .1984183333 .0000000204 .0001428285 .0000824620 41420736.000000 41420819.700373 83.700373 0.000202         
83099648  128  4  0     .1994573333 .0000002936 .0005418486 .0003128364 41551772.000000 41551833.277388 61.277388 0.000147         
83361792  128  4  0     .1996950000 .0000000424 .0002059126 .0001188836 41683004.000000 41683085.614432 81.614432 0.000196         
83623936  128  4  0     .2001846667 .0000000124 .0001113552 .0000642909 41813972.000000 41814038.585126 66.585126 0.000159         
83886080  128  4  0     .2009713334 .0000000612 .0002473863 .0001428285 41945120.000000 41945182.428313 62.428313 0.000149         
84148224  128  4  0     .2013123333 .0000000322 .0001794435 .0001036017 42076092.000000 42076201.311882 109.311882 0.000260         
84410368  128  4  0     .2021880000 .0000000323 .0001797220 .0001037625 42207160.000000 42207253.029646 93.029646 0.000220         
84672512  128  4  0     .2026033334 .0000000046 .0000678232 .0000391577 42338460.000000 42338583.642539 123.642539 0.000292         
84934656  128  4  0     .2030786666 .0000000124 .0001113552 .0000642909 42469572.000000 42469654.109097 82.109097 0.000193         
85196800  128  4  0     .2038353333 .0000001991 .0004462062 .0002576172 42600236.000000 42600356.002807 120.002807 0.000282         
85458944  128  4  0     .2043550000 .0000000237 .0001539480 .0000888819 42731440.000000 42731553.648075 113.648075 0.000266         
85721088  128  4  0     .2051116666 .0000000414 .0002034698 .0001174733 42862440.000000 42862551.735829 111.735829 0.000261         
85983232  128  4  0     .2056163334 .0000000523 .0002286919 .0001320353 42993600.000000 42993701.304903 101.304903 0.000236         
86245376  128  4  0     .2060023334 .0000000137 .0001170469 .0000675770 43124732.000000 43124807.215455 75.215455 0.000174         
86507520  128  4  0     .2066846667 .0000000046 .0000678232 .0000391577 43256008.000000 43256081.227237 73.227237 0.000169         
86769664  128  4  0     .2072340000 .0000000324 .0001800000 .0001039230 43387216.000000 43387284.945742 68.945742 0.000159         
87031808  128  4  0     .2078866667 .0000000244 .0001562049 .0000901849 43518416.000000 43518504.840398 88.840398 0.000204         
87293952  128  4  0     .2086883333 .0000000184 .0001356465 .0000783155 43649336.000000 43649419.424667 83.424667 0.000191         
87556096  128  4  0     .2089853334 .0000000019 .0000435889 .0000251660 43780472.000000 43780570.934591 98.934591 0.000226         
87818240  128  4  0     .2096973334 .0000000138 .0001174734 .0000678232 43911796.000000 43911890.309934 94.309934 0.000215         
88080384  128  4  0     .2100686666 .0000000006 .0000244948 .0000141420 44042924.000000 44043032.404931 108.404931 0.000246         
88342528  128  4  0     .2107660000 .0000001504 .0003878143 .0002239046 44173964.000000 44174074.879581 110.879581 0.000251         
88604672  128  4  0     .2116116667 .0000002319 .0004815599 .0002780287 44304940.000000 44305039.000560 99.000560 0.000223         
88866816  128  4  0     .2119083333 .0000000046 .0000678232 .0000391577 44436188.000000 44436278.932622 90.932622 0.000205         
89128960  128  4  0     .2126206667 .0000000026 .0000509901 .0000294391 44567076.000000 44567172.225160 96.225160 0.000216         
89391104  128  4  0     .2131403333 .0000001078 .0003283291 .0001895608 44698556.000000 44698637.413806 81.413806 0.000182         
89653248  128  4  0     .2134076666 .0000000322 .0001794435 .0001036017 44829484.000000 44829629.256664 145.256664 0.000324         
89915392  128  4  0     .2146836666 .0000000376 .0001939071 .0001119523 44960644.000000 44960745.302486 101.302486 0.000225         
90177536  128  4  0     .2148916666 .0000000343 .0001852025 .0001069267 45091848.000000 45091996.941210 148.941210 0.000330         
90439680  128  4  0     .2155296666 .0000000059 .0000768114 .0000443470 45222860.000000 45222973.835456 113.835456 0.000252         
90701824  128  4  0     .2159453334 .0000000523 .0002286919 .0001320353 45354096.000000 45354188.445776 92.445776 0.000204         
90963968  128  4  0     .2165243333 .0000000026 .0000509901 .0000294391 45484940.000000 45485087.486438 147.486438 0.000324         
91226112  128  4  0     .2170436666 .0000000138 .0001174734 .0000678232 45616188.000000 45616314.454488 126.454488 0.000277         
91488256  128  4  0     .2180526666 .0000000602 .0002453568 .0001416568 45747484.000000 45747594.150087 110.150087 0.000241         
91750400  128  4  0     .2186463334 .0000000416 .0002039607 .0001177567 45878712.000000 45878838.965837 126.965837 0.000277         
92012544  128  4  0     .2189576666 .0000000416 .0002039607 .0001177567 46009880.000000 46010017.308354 137.308354 0.000298         
92274688  128  4  0     .2195813333 .0000000059 .0000768114 .0000443470 46140836.000000 46140966.706750 130.706750 0.000283         
92536832  128  4  0     .2202193334 .0000000483 .0002197726 .0001268857 46272128.000000 46272228.892109 100.892109 0.000218         
92798976  128  4  0     .2204273334 .0000000058 .0000761577 .0000439696 46403236.000000 46403338.431932 102.431932 0.000221         
93061120  128  4  0     .2214660000 .0000001629 .0004036087 .0002330235 46534540.000000 46534691.243170 151.243170 0.000325         
93323264  128  4  0     .2219703334 .0000000046 .0000678232 .0000391577 46665496.000000 46665645.803096 149.803096 0.000321         
93585408  128  4  0     .2225343334 .0000000342 .0001849324 .0001067707 46796704.000000 46796812.529823 108.529823 0.000232         
93847552  128  4  0     .2228756667 .0000000376 .0001939071 .0001119523 46927812.000000 46927947.691460 135.691460 0.000289         
94109696  128  4  0     .2237070000 .0000000125 .0001118033 .0000645496 47058872.000000 47059021.558447 149.558447 0.000318         
94371840  128  4  0     .2241963334 .0000000800 .0002828427 .0001632993 47189988.000000 47190155.515040 167.515040 0.000355         
94633984  128  4  0     .2248200000 .0000000006 .0000244948 .0000141420 47321124.000000 47321276.057893 152.057893 0.000321         
94896128  128  4  0     .2252650000 .0000000125 .0001118033 .0000645496 47451980.000000 47452122.676077 142.676077 0.000301         
95158272  128  4  0     .2258290000 .0000000006 .0000244948 .0000141420 47582952.000000 47583036.291832 84.291832 0.000177         
95420416  128  4  0     .2263186667 .0000000521 .0002282542 .0001317826 47714048.000000 47714159.162406 111.162406 0.000233         
95682560  128  4  0     .2272980000 .0000000681 .0002609597 .0001506651 47844844.000000 47844993.411065 149.411065 0.000312         
95944704  128  4  0     .2275063333 .0000001248 .0003532704 .0002039607 47975972.000000 47976079.005434 107.005434 0.000223         
96206848  128  4  0     .2281590000 .0000000085 .0000921954 .0000532290 48107088.000000 48107215.403489 127.403489 0.000265         
96468992  128  4  0     .2286933333 .0000000006 .0000244948 .0000141420 48237956.000000 48238108.989904 152.989904 0.000317         
96731136  128  4  0     .2296880000 .0000000237 .0001539480 .0000888819 48368988.000000 48369127.975540 139.975540 0.000289         
96993280  128  4  0     .2301476667 .0000000204 .0001428285 .0000824620 48499836.000000 48499993.593651 157.593651 0.000325         
97255424  128  4  0     .2304893333 .0000000019 .0000435889 .0000251660 48630592.000000 48630725.268280 133.268280 0.000274         
97517568  128  4  0     .2311273333 .0000000184 .0001356465 .0000783155 48761644.000000 48761778.704412 134.704412 0.000276         
97779712  128  4  0     .2318246667 .0000000375 .0001936491 .0001118033 48892600.000000 48892765.348903 165.348903 0.000338         
98041856  128  4  0     .2321660000 .0000000006 .0000244948 .0000141420 49023432.000000 49023596.000615 164.000615 0.000335         
98304000  128  4  0     .2329823334 .0000001326 .0003641428 .0002102379 49154304.000000 49154486.330888 182.330888 0.000371         
98566144  128  4  0     .2334273334 .0000000059 .0000768114 .0000443470 49285184.000000 49285336.276241 152.276241 0.000309         
98828288  128  4  0     .2340210000 .0000000045 .0000670820 .0000387298 49416144.000000 49416313.374885 169.374885 0.000343         
99090432  128  4  0     .2348223334 .0000001293 .0003595830 .0002076053 49547364.000000 49547517.091822 153.091822 0.000309         
99352576  128  4  0     .2356240000 .0000005198 .0007209715 .0004162530 49678432.000000 49678601.199767 169.199767 0.000341         
99614720  128  4  0     .2358913334 .0000000026 .0000509901 .0000294391 49809328.000000 49809480.606112 152.606112 0.000306         
99876864  128  4  0     .2365736666 .0000000721 .0002685144 .0001550268 49940492.000000 49940660.386682 168.386682 0.000337         
100139008  128  4  0     .2369746666 .0000000342 .0001849324 .0001067707 50071596.000000 50071761.860992 165.860992 0.000331         
100401152  128  4  0     .2375976666 .0000000324 .0001800000 .0001039230 50202676.000000 50202831.631633 155.631633 0.000310         
100663296  128  4  0     .2383396667 .0000000204 .0001428285 .0000824620 50333920.000000 50334081.532996 161.532996 0.000321         
100925440  128  4  0     .2388146667 .0000002161 .0004648655 .0002683902 50465104.000000 50465248.630429 144.630429 0.000287         
101187584  128  4  0     .2394526667 .0000000282 .0001679285 .0000969535 50595952.000000 50596087.972890 135.972890 0.000269         
101449728  128  4  0     .2401056667 .0000000614 .0002477902 .0001430617 50727052.000000 50727182.235192 130.235192 0.000257         
101711872  128  4  0     .2403576666 .0000000105 .0001024695 .0000591607 50858240.000000 50858379.846353 139.846353 0.000275         
101974016  128  4  0     .2409220000 .0000000085 .0000921954 .0000532290 50989384.000000 50989521.112843 137.112843 0.000269         
102236160  128  4  0     .2416640000 .0000000078 .0000883176 .0000509901 51120492.000000 51120625.714108 133.714108 0.000262         
102498304  128  4  0     .2422426666 .0000000494 .0002222611 .0001283225 51251300.000000 51251408.542912 108.542912 0.000212         
102760448  128  4  0     .2427920000 .0000000045 .0000670820 .0000387298 51382264.000000 51382393.817043 129.817043 0.000253         
103022592  128  4  0     .2433703333 .0000000026 .0000509901 .0000294391 51513680.000000 51513789.413289 109.413289 0.000212         
103284736  128  4  0     .2438903333 .0000000178 .0001334166 .0000770281 51644812.000000 51644962.072240 150.072240 0.000291         
103546880  128  4  0     .2445873333 .0000000482 .0002195449 .0001267543 51776020.000000 51776138.832184 118.832184 0.000230         
103809024  128  4  0     .2452553334 .0000000165 .0001284523 .0000741619 51907140.000000 51907243.493467 103.493467 0.000199         
104071168  128  4  0     .2456860000 .0000000125 .0001118033 .0000645496 52038220.000000 52038346.254905 126.254905 0.000243         
104333312  128  4  0     .2462793334 .0000000282 .0001679285 .0000969535 52169192.000000 52169325.894166 133.894166 0.000257         
104595456  128  4  0     .2468436667 .0000000165 .0001284523 .0000741619 52300132.000000 52300247.883304 115.883304 0.000222         
104857600  128  4  0     .2476000000 .0000000323 .0001797220 .0001037625 52431220.000000 52431338.622100 118.622100 0.000226         
 
