262144  32  1  0.5     .1088023002 .0030460193 .0551907537 .0174528487 131089.750000 131089.743765 0.006235 0.000005         
524288  32  1  0.5     .1830966001 .0028737932 .0536077718 .0169522659 262292.687500 262292.688836 0.001336 0.000001         
786432  32  1  0.5     .2294339002 .0014543605 .0381360787 .0120596869 393214.468750 393214.456564 0.012186 0.000003         
1048576  32  1  0.5     .3348473002 .0158604789 .1259383932 .0398252167 524216.781250 524216.773825 0.007425 0.000001         
1310720  32  1  0.5     .4053458000 .0065583010 .0809833377 .0256091799 655260.187500 655260.217693 0.030193 0.000005         
1572864  32  1  0.5     .4684756001 .0033163724 .0575879536 .0182109099 786195.937500 786195.921358 0.016142 0.000002         
1835008  32  1  0.5     .5203462000 .0047884221 .0691984255 .0218824635 917248.937500 917248.944983 0.007483 0.000001         
2097152  32  1  0.5     .5855903000 .0041199323 .0641866987 .0202976163 1048447.750000 1048447.772906 0.022906 0.000002         
2359296  32  1  0.5     .6632423000 .0025514792 .0505121688 .0159733502 1179063.125000 1179063.170568 0.045568 0.000004         
2621440  32  1  0.5     .7401930000 .0144429087 .1201786532 .0380038270 1310041.750000 1310041.742943 0.007057 0.000001         
2883584  32  1  0.5     .7537055000 .0060548668 .0778130246 .0246066389 1441270.625000 1441270.633230 0.008230 0.000001         
3145728  32  1  0.5     .7507274000 .0009391744 .0306459524 .0096911010 1572136.500000 1572136.479225 0.020775 0.000001         
3407872  32  1  0.5     .8022238001 .0036045001 .0600374891 .0189855210 1703120.875000 1703120.881201 0.006201 0.000000         
3670016  32  1  0.5     .7840744999 .0018451599 .0429553244 .0135836662 1834068.750000 1834068.751999 0.001999 0.000000         
3932160  32  1  0.5     .8257647000 .0008767643 .0296102060 .0093635692 1965103.250000 1965103.281322 0.031322 0.000002         
4194304  32  1  0.5     .8502699000 .0009825402 .0313454972 .0099123165 2096053.375000 2096053.412509 0.037509 0.000002         
4456448  32  1  0.5     .8802708999 .0009086257 .0301434188 .0095321859 2227240.000000 2227240.069039 0.069039 0.000003         
4718592  32  1  0.5     .9198687001 .0014704100 .0383459254 .0121260463 2358228.750000 2358228.757390 0.007390 0.000000         
4980736  32  1  0.5     .9299838000 .0023075967 .0480374510 .0151907758 2489470.000000 2489470.039100 0.039100 0.000002         
5242880  32  1  0.5     .9541629001 .0017283272 .0415731547 .0131465858 2620591.250000 2620591.325600 0.075600 0.000003         
5505024  32  1  0.5     .9779076999 .0012963313 .0360046010 .0113856545 2751818.750000 2751818.643835 0.106165 0.000004         
5767168  32  1  0.5     1.0092980001 .0021992820 .0468965030 .0148299763 2882605.750000 2882605.849703 0.099703 0.000003         
6029312  32  1  0.5     1.0498177000 .0012459644 .0352982209 .0111622775 3013914.000000 3013914.116040 0.116040 0.000004         
6291456  32  1  0.5     1.0594050001 .0012282455 .0350463336 .0110826237 3145188.250000 3145188.157309 0.092691 0.000003         
6553600  32  1  0.5     1.0942984001 .0022413902 .0473433226 .0149712731 3276148.250000 3276148.152379 0.097621 0.000003         
6815744  32  1  0.5     1.1534779000 .0018620236 .0431511714 .0136455985 3407213.000000 3407213.044672 0.044672 0.000001         
7077888  32  1  0.5     1.1559189001 .0037343805 .0611095778 .0193245452 3538465.500000 3538465.516120 0.016120 0.000000         
7340032  32  1  0.5     1.1834776999 .0028003821 .0529186366 .0167343422 3669532.000000 3669531.977303 0.022697 0.000001         
7602176  32  1  0.5     1.2268034999 .0031376259 .0560145150 .0177133449 3800474.750000 3800474.710111 0.039889 0.000001         
7864320  32  1  0.5     1.2345666001 .0024819943 .0498196176 .0157543463 3931461.250000 3931461.283850 0.033850 0.000001         
8126464  32  1  0.5     1.2702956000 .0016774435 .0409566050 .0129516157 4062421.500000 4062421.604149 0.104149 0.000003         
8388608  32  1  0.5     1.2992975001 .0017258425 .0415432605 .0131371324 4193595.500000 4193595.434288 0.065712 0.000002         
8650752  32  1  0.5     1.3185489000 .0030514868 .0552402643 .0174685053 4324699.500000 4324699.387953 0.112047 0.000003         
8912896  32  1  0.5     1.3706665001 .0015215193 .0390066571 .0123349880 4455909.000000 4455909.012565 0.012565 0.000000         
9175040  32  1  0.5     1.3816814001 .0017171456 .0414384555 .0131039902 4586965.500000 4586965.522840 0.022840 0.000000         
9437184  32  1  0.5     1.3819762000 .0015439773 .0392934765 .0124256882 4718303.500000 4718303.527172 0.027172 0.000001         
9699328  32  1  0.5     1.4440198001 .0052294431 .0723148885 .0228679756 4849566.000000 4849566.019304 0.019304 0.000000         
9961472  32  1  0.5     1.4481224000 .0027728279 .0526576480 .0166518103 4980690.500000 4980690.652374 0.152374 0.000003         
10223616  32  1  0.5     1.4853238999 .0037874554 .0615423057 .0194613858 5111704.000000 5111703.950654 0.049346 0.000001         
10485760  32  1  0.5     1.4838558002 .0014981205 .0387055616 .0122397732 5242967.500000 5242967.399442 0.100558 0.000002         
10747904  32  1  0.5     1.5207634998 .0021921217 .0468200993 .0148058154 5373732.500000 5373732.711631 0.211631 0.000004         
11010048  32  1  0.5     1.5737559001 .0021055648 .0458864337 .0145105644 5504778.500000 5504778.664052 0.164052 0.000003         
11272192  32  1  0.5     1.5576855000 .0038954284 .0624133671 .0197368396 5635918.000000 5635918.246662 0.246662 0.000004         
11534336  32  1  0.5     1.6203978001 .0023535400 .0485132971 .0153412515 5767044.000000 5767043.990605 0.009395 0.000000         
11796480  32  1  0.5     1.6171845999 .0021299572 .0461514593 .0145943728 5898070.500000 5898070.446568 0.053432 0.000001         
12058624  32  1  0.5     1.6331747000 .0020564748 .0453483715 .0143404142 6029136.000000 6029136.063156 0.063156 0.000001         
12320768  32  1  0.5     1.6883909000 .0014096719 .0375455976 .0118729604 6160445.500000 6160445.452302 0.047698 0.000001         
12582912  32  1  0.5     1.7184112000 .0048490413 .0696350579 .0220205387 6291685.500000 6291685.273163 0.226837 0.000004         
12845056  32  1  0.5     1.7574341998 .0024380937 .0493770564 .0156143962 6422884.000000 6422884.162814 0.162814 0.000003         
13107200  32  1  0.5     1.7757340998 .0015776744 .0397199496 .0125605509 6553944.500000 6553944.722908 0.222908 0.000003         
13369344  32  1  0.5     1.7970089001 .0091114630 .0954539836 .0301851999 6685091.500000 6685091.363667 0.136333 0.000002         
13631488  32  1  0.5     1.8543109000 .0052678540 .0725799834 .0229518060 6816209.500000 6816209.724113 0.224113 0.000003         
13893632  32  1  0.5     1.8393931999 .0012729986 .0356791059 .0112827239 6947303.500000 6947303.657971 0.157971 0.000002         
14155776  32  1  0.5     1.9106641000 .0077755295 .0881789629 .0278846364 7078277.500000 7078277.606891 0.106891 0.000002         
14417920  32  1  0.5     1.9352346000 .0045399251 .0673789663 .0213070999 7209220.000000 7209219.766789 0.233211 0.000003         
14680064  32  1  0.5     1.9601922001 .0038089332 .0617165553 .0195164884 7340033.500000 7340033.393098 0.106902 0.000001         
14942208  32  1  0.5     1.9969209000 .0024921677 .0499216155 .0157866009 7471350.000000 7471350.143953 0.143953 0.000002         
15204352  32  1  0.5     1.9736121000 .0037903801 .0615660628 .0194688985 7602274.500000 7602274.583072 0.083072 0.000001         
15466496  32  1  0.5     2.0367799000 .0041432255 .0643678918 .0203549146 7733111.000000 7733110.883304 0.116696 0.000002         
15728640  32  1  0.5     2.0722806000 .0037246774 .0610301351 .0192994232 7864177.000000 7864176.989902 0.010098 0.000000         
15990784  32  1  0.5     2.0794397000 .0046448842 .0681533872 .0215519933 7995234.000000 7995234.037022 0.037022 0.000000         
16252928  32  1  0.5     2.1268300000 .0045215787 .0672426851 .0212640040 8126213.000000 8126212.856927 0.143073 0.000002         
16515072  32  1  0.5     2.2011274000 .0022456239 .0473880143 .0149854058 8257341.500000 8257341.739873 0.239873 0.000003         
16777216  32  1  0.5     2.1864586001 .0121224295 .1101019050 .0348172794 8388435.500000 8388435.525413 0.025413 0.000000         
17039360  32  1  0.5     2.2306282001 .0074008996 .0860284813 .0272045944 8519570.000000 8519570.269957 0.269957 0.000003         
17301504  32  1  0.5     2.2937924002 .0242353758 .1556771524 .0492294381 8650512.000000 8650512.062010 0.062010 0.000001         
17563648  32  1  0.5     2.2662392000 .0018695150 .0432378884 .0136730208 8781543.000000 8781542.743960 0.256040 0.000003         
17825792  32  1  0.5     2.3124312999 .0021815412 .0467069716 .0147700412 8912713.000000 8912712.930454 0.069546 0.000001         
18087936  32  1  0.5     2.2674576999 .0052527460 .0724758304 .0229188699 9043904.000000 9043904.183767 0.183767 0.000002         
18350080  32  1  0.5     2.3403370001 .0018120933 .0425686891 .0134614014 9174837.000000 9174837.408243 0.408243 0.000004         
18612224  32  1  0.5     2.3675212999 .0055872294 .0747477718 .0236373208 9305838.000000 9305838.492584 0.492584 0.000005         
18874368  32  1  0.5     2.3817683999 .0019055567 .0436526826 .0138041902 9436704.000000 9436704.183347 0.183347 0.000002         
19136512  32  1  0.5     2.4026987998 .0035384704 .0594850434 .0188108223 9567959.000000 9567959.298963 0.298963 0.000003         
19398656  32  1  0.5     2.4429877002 .0052479907 .0724430169 .0229084933 9699250.000000 9699250.461485 0.461485 0.000005         
19660800  32  1  0.5     2.4816837002 .0035169707 .0593040529 .0187535881 9830387.000000 9830387.378591 0.378591 0.000004         
19922944  32  1  0.5     2.5108724000 .0056138197 .0749254275 .0236935005 9961584.000000 9961584.310645 0.310645 0.000003         
20185088  32  1  0.5     2.5196430999 .0027557728 .0524954550 .0166005204 10092688.000000 10092687.711254 0.288746 0.000003         
20447232  32  1  0.5     2.5470923000 .0050119292 .0707949800 .0223873383 10223617.000000 10223616.943462 0.056538 0.000001         
20709376  32  1  0.5     2.6164892000 .0099624690 .0998121685 .0315633790 10354851.000000 10354851.397419 0.397419 0.000004         
20971520  32  1  0.5     2.5842513001 .0016515377 .0406391153 .0128512166 10485838.000000 10485837.518748 0.481252 0.000005         
21233664  32  1  0.5     2.6296544000 .0052542568 .0724862524 .0229221656 10616905.000000 10616904.722356 0.277644 0.000003         
21495808  32  1  0.5     2.6768866002 .0070323951 .0838593769 .0265186634 10747976.000000 10747975.765669 0.234331 0.000002         
21757952  32  1  0.5     2.6880592000 .0083101620 .0911600899 .0288273515 10878778.000000 10878777.770430 0.229570 0.000002         
22020096  32  1  0.5     2.6942271001 .0089944976 .0948393251 .0299908279 11009544.000000 11009544.289888 0.289888 0.000003         
22282240  32  1  0.5     2.7540750998 .0076890171 .0876870406 .0277290769 11140770.000000 11140770.344550 0.344550 0.000003         
22544384  32  1  0.5     2.8022464002 .0049541421 .0703856668 .0222579021 11271944.000000 11271943.897366 0.102634 0.000001         
22806528  32  1  0.5     2.8373605000 .0036677630 .0605620590 .0191514046 11402953.000000 11402953.137799 0.137799 0.000001         
23068672  32  1  0.5     2.8474158000 .0063939120 .0799619409 .0252861859 11534045.000000 11534045.382491 0.382491 0.000003         
23330816  32  1  0.5     2.8646029000 .0029065800 .0539127072 .0170486949 11665110.000000 11665109.505677 0.494323 0.000004         
23592960  32  1  0.5     2.9112043000 .0088714677 .0941884690 .0297850091 11795977.000000 11795976.869451 0.130549 0.000001         
23855104  32  1  0.5     2.9543614000 .0061505995 .0784257578 .0248004021 11927404.000000 11927404.161500 0.161500 0.000001         
24117248  32  1  0.5     2.9885164000 .0076591367 .0875164938 .0276751453 12058292.000000 12058291.807941 0.192059 0.000002         
24379392  32  1  0.5     3.0244658999 .0064145906 .0800911393 .0253270420 12189361.000000 12189361.230551 0.230551 0.000002         
24641536  32  1  0.5     3.0136215003 .0073189634 .0855509403 .0270535827 12320307.000000 12320307.410248 0.410248 0.000003         
24903680  32  1  0.5     3.0218152000 .0040140583 .0633565963 .0200351149 12451605.000000 12451605.000996 0.000996 0.000000         
25165824  32  1  0.5     3.0527368000 .0044613751 .0667935258 .0211219674 12582313.000000 12582313.269200 0.269200 0.000002         
25427968  32  1  0.5     3.0955090000 .0047497777 .0689186310 .0217939847 12713153.000000 12713153.003891 0.003891 0.000000         
25690112  32  1  0.5     3.1236217000 .0077817269 .0882140969 .0278957467 12844328.000000 12844327.649200 0.350800 0.000003         
25952256  32  1  0.5     3.1129661001 .0024467641 .0494647763 .0156421357 12975392.000000 12975392.220862 0.220862 0.000002         
26214400  32  1  0.5     3.1656909001 .0046720073 .0683520833 .0216148266 13106520.000000 13106520.130180 0.130180 0.000001         
26476544  32  1  0.5     3.1629657998 .0051399958 .0716937640 .0226715588 13237341.000000 13237340.508728 0.491272 0.000004         
26738688  32  1  0.5     3.2295530000 .0078471630 .0885842141 .0280127881 13368367.000000 13368367.314765 0.314765 0.000002         
27000832  32  1  0.5     3.2295975999 .0040295385 .0634786460 .0200737104 13499545.000000 13499544.887474 0.112526 0.000001         
27262976  32  1  0.5     3.2674245000 .0092725337 .0962939961 .0304508352 13630766.000000 13630765.671520 0.328480 0.000002         
27525120  32  1  0.5     3.2666756998 .0057197213 .0756288390 .0239159388 13761792.000000 13761792.400081 0.400081 0.000003         
27787264  32  1  0.5     3.2233474001 .0032202714 .0567474351 .0179451146 13892922.000000 13892922.296842 0.296842 0.000002         
28049408  32  1  0.5     3.2890407999 .0092254765 .0960493440 .0303734694 14023963.000000 14023962.901547 0.098453 0.000001         
28311552  32  1  0.5     3.3415184000 .0085174686 .0922901327 .0291847024 14155039.000000 14155038.710950 0.289050 0.000002         
28573696  32  1  0.5     3.3813977999 .0022114029 .0470255558 .0148707864 14286220.000000 14286219.741965 0.258035 0.000002         
28835840  32  1  0.5     3.4275835999 .0077059097 .0877833110 .0277595203 14417316.000000 14417315.683843 0.316157 0.000002         
29097984  32  1  0.5     3.4497153000 .0019751565 .0444427328 .0140540261 14548447.000000 14548446.823615 0.176385 0.000001         
29360128  32  1  0.5     3.4982353001 .0129659184 .1138679867 .0360082190 14679533.000000 14679533.431049 0.431049 0.000003         
29622272  32  1  0.5     3.4548775000 .0055635812 .0745894174 .0235872448 14810855.000000 14810855.042731 0.042731 0.000000         
29884416  32  1  0.5     3.5191047999 .0110240784 .1049956113 .0332025276 14942054.000000 14942054.207082 0.207082 0.000001         
30146560  32  1  0.5     3.5725052001 .0021485960 .0463529502 .0146580898 15073092.000000 15073091.542724 0.457276 0.000003         
30408704  32  1  0.5     3.5839244999 .0037140325 .0609428625 .0192718252 15203938.000000 15203937.585623 0.414377 0.000003         
30670848  32  1  0.5     3.5779317000 .0063923591 .0799522301 .0252831151 15334965.000000 15334964.666811 0.333189 0.000002         
30932992  32  1  0.5     3.6866475002 .0226565018 .1505207686 .0475988463 15466242.000000 15466242.334186 0.334186 0.000002         
31195136  32  1  0.5     3.6552692999 .0036572419 .0604751345 .0191239166 15597632.000000 15597631.561188 0.438812 0.000003         
31457280  32  1  0.5     3.6469413002 .0024205948 .0491995406 .0155582608 15728724.000000 15728724.032618 0.032618 0.000000         
31719424  32  1  0.5     3.7218591998 .0091946292 .0958886291 .0303226469 15859801.000000 15859800.767616 0.232384 0.000001         
31981568  32  1  0.5     3.6923855001 .0033734261 .0580812026 .0183668889 15990599.000000 15990599.180282 0.180282 0.000001         
32243712  32  1  0.5     3.7301104999 .0084281675 .0918050516 .0290313063 16121325.000000 16121325.292007 0.292007 0.000002         
32505856  32  1  0.5     3.7068375001 .0039205442 .0626142491 .0198003641 16252455.000000 16252454.977712 0.022288 0.000000         
32768000  32  1  0.5     3.7482012999 .0041421301 .0643593823 .0203522236 16383385.000000 16383384.601700 0.398300 0.000002         
33030144  32  1  0.5     3.7761557000 .0047328615 .0687957956 .0217551407 16514515.000000 16514514.798269 0.201731 0.000001         
33292288  32  1  0.5     3.8087561001 .0034602904 .0588242331 .0186018558 16645729.000000 16645729.094452 0.094452 0.000001         
33554432  32  1  0.5     3.8577189000 .0097636130 .0988109963 .0312467806 16776597.000000 16776596.645472 0.354528 0.000002         
33816576  32  1  0.5     3.8520519000 .0037090103 .0609016444 .0192587909 16907778.000000 16907778.799882 0.799882 0.000005         
34078720  32  1  0.5     3.8608125000 .0103208687 .1015916763 .0321261088 17039160.000000 17039159.494609 0.505391 0.000003         
34340864  32  1  0.5     3.8507747000 .0041634099 .0645244906 .0204044355 17170602.000000 17170602.817409 0.817409 0.000005         
34603008  32  1  0.5     3.8476824000 .0011586004 .0340382196 .0107638301 17301892.000000 17301891.625512 0.374488 0.000002         
34865152  32  1  0.5     3.8901091001 .0018707193 .0432518126 .0136774240 17433096.000000 17433096.995345 0.995345 0.000006         
35127296  32  1  0.5     3.9303680000 .0008284638 .0287830470 .0091019986 17564318.000000 17564317.842024 0.157976 0.000001         
35389440  32  1  0.5     4.0016726000 .0077405719 .0879805200 .0278218832 17695148.000000 17695148.447101 0.447101 0.000003         
35651584  32  1  0.5     3.9747994001 .0026637646 .0516116711 .0163210434 17826422.000000 17826421.972332 0.027668 0.000000         
35913728  32  1  0.5     4.0217376000 .0040262543 .0634527722 .0200655284 17957614.000000 17957613.653100 0.346900 0.000002         
36175872  32  1  0.5     4.0159888001 .0040504837 .0636434104 .0201258134 18088676.000000 18088675.259927 0.740073 0.000004         
36438016  32  1  0.5     4.0624412999 .0013735385 .0370612803 .0117198058 18219872.000000 18219872.332248 0.332248 0.000002         
36700160  32  1  0.5     4.0656005002 .0006800975 .0260786790 .0082468024 18351146.000000 18351146.726454 0.726454 0.000004         
36962304  32  1  0.5     4.0544967001 .0012417399 .0352383299 .0111433383 18482430.000000 18482429.526624 0.473376 0.000003         
37224448  32  1  0.5     4.1138686000 .0012216418 .0349519927 .0110527905 18613518.000000 18613517.672395 0.327605 0.000002         
37486592  32  1  0.5     4.1220164000 .0009517038 .0308496969 .0097555307 18744532.000000 18744532.606330 0.606330 0.000003         
37748736  32  1  0.5     4.1858424000 .0037794933 .0614775837 .0194409189 18875748.000000 18875747.184764 0.815236 0.000004         
38010880  32  1  0.5     4.2459322001 .0043538180 .0659834676 .0208658045 19006772.000000 19006771.559645 0.440355 0.000002         
38273024  32  1  0.5     4.3083307001 .0038445142 .0620041466 .0196074327 19137986.000000 19137985.458915 0.541085 0.000003         
38535168  32  1  0.5     4.3370317000 .0033736200 .0580828718 .0183674167 19268804.000000 19268803.033025 0.966975 0.000005         
38797312  32  1  0.5     4.3793566000 .0093642633 .0967691236 .0306010837 19400046.000000 19400045.608982 0.391018 0.000002         
39059456  32  1  0.5     4.3803836000 .0059223509 .0769568119 .0243358807 19530968.000000 19530968.164479 0.164479 0.000001         
39321600  32  1  0.5     4.4420246000 .0065981399 .0812289351 .0256868446 19661790.000000 19661790.722804 0.722804 0.000004         
39583744  32  1  0.5     4.4379697000 .0112720907 .1061701026 .0335739343 19792916.000000 19792915.083593 0.916407 0.000005         
39845888  32  1  0.5     4.4262960000 .0108161732 .1040008326 .0328879509 19923710.000000 19923709.151717 0.848283 0.000004         
40108032  32  1  0.5     4.5340953999 .0723490305 .2689777509 .0850582332 20054658.000000 20054657.573729 0.426271 0.000002         
40370176  32  1  0.5     4.4941936999 .0038028869 .0616675514 .0195009920 20185650.000000 20185650.720309 0.720309 0.000004         
40632320  32  1  0.5     4.6453314002 .0294207197 .1715246912 .0542408699 20316692.000000 20316692.034173 0.034173 0.000000         
40894464  32  1  0.5     4.6402865000 .0148208315 .1217408374 .0384978330 20447632.000000 20447632.885009 0.885009 0.000004         
41156608  32  1  0.5     4.7024955999 .0193124768 .1389693376 .0439459631 20578762.000000 20578761.427695 0.572305 0.000003         
41418752  32  1  0.5     4.6189918001 .0122844206 .1108351054 .0350491377 20710056.000000 20710055.171332 0.828668 0.000004         
41680896  32  1  0.5     4.7473503999 .0184218882 .1357272566 .0429207271 20840810.000000 20840810.608033 0.608033 0.000003         
41943040  32  1  0.5     4.6789149001 .0201679706 .1420139802 .0449087637 20971740.000000 20971739.225013 0.774987 0.000004         
42205184  32  1  0.5     4.7363798999 .0125913034 .1122109771 .0354842266 21102694.000000 21102693.202137 0.797863 0.000004         
42467328  32  1  0.5     4.8146606000 .0077938421 .0882827395 .0279174534 21233706.000000 21233706.568209 0.568209 0.000003         
42729472  32  1  0.5     4.8055049000 .0070738846 .0841063885 .0265967753 21364738.000000 21364737.224297 0.775703 0.000004         
42991616  32  1  0.5     4.8732002999 .0067300233 .0820367192 .0259422884 21495836.000000 21495836.753433 0.753433 0.000004         
43253760  32  1  0.5     4.8881957999 .0131682548 .1147530165 .0362880900 21626926.000000 21626926.804382 0.804382 0.000004         
43515904  32  1  0.5     4.9041051000 .0157547915 .1255180923 .0396923059 21758224.000000 21758223.781856 0.218144 0.000001         
43778048  32  1  0.5     4.8987830002 .0110665141 .1051975004 .0332663705 21889328.000000 21889327.612019 0.387981 0.000002         
44040192  32  1  0.5     4.9126482000 .0129200439 .1136663710 .0359444625 22020536.000000 22020536.897132 0.897132 0.000004         
44302336  32  1  0.5     4.9532370001 .0104490807 .1022207449 .0323250378 22151604.000000 22151603.208515 0.791485 0.000004         
44564480  32  1  0.5     5.0119877998 .0099289268 .0996440003 .0315101996 22282820.000000 22282819.820159 0.179841 0.000001         
44826624  32  1  0.5     5.0396210000 .0133544546 .1155614754 .0365437472 22413886.000000 22413886.916946 0.916946 0.000004         
45088768  32  1  0.5     5.0851657001 .0153194845 .1237719051 .0391401130 22544900.000000 22544899.237621 0.762379 0.000003         
45350912  32  1  0.5     4.9954074000 .0143816973 .1199237145 .0379232083 22675754.000000 22675754.864188 0.864188 0.000004         
45613056  32  1  0.5     5.0700307000 .0123143787 .1109701703 .0350918490 22806838.000000 22806838.234531 0.234531 0.000001         
45875200  32  1  0.5     5.1871740999 .0183994419 .1356445424 .0428945706 22937844.000000 22937844.989123 0.989123 0.000004         
46137344  32  1  0.5     5.1240852999 .0271870141 .1648848510 .0521411680 23068894.000000 23068893.909921 0.090079 0.000000         
46399488  32  1  0.5     5.1739826999 .0120319883 .1096904202 .0346871565 23200006.000000 23200005.362596 0.637404 0.000003         
46661632  32  1  0.5     5.2228013000 .0287095803 .1694390164 .0535813216 23331204.000000 23331203.814562 0.185438 0.000001         
46923776  32  1  0.5     5.2134324001 .0272247881 .1649993578 .0521773783 23462378.000000 23462377.618370 0.381630 0.000002         
47185920  32  1  0.5     5.2164948000 .0125806933 .1121636897 .0354692730 23593580.000000 23593579.017250 0.982750 0.000004         
47448064  32  1  0.5     5.2020311001 .0122091343 .1104949514 .0349415716 23724670.000000 23724669.779462 0.220538 0.000001         
47710208  32  1  0.5     5.2677425000 .0178508538 .1336070873 .0422502707 23855820.000000 23855819.500771 0.499229 0.000002         
47972352  32  1  0.5     5.2633650000 .0171302744 .1308826741 .0413887356 23987004.000000 23987003.232404 0.767596 0.000003         
48234496  32  1  0.5     5.2904737000 .0140345161 .1184673630 .0374626695 24118092.000000 24118091.973809 0.026191 0.000000         
48496640  32  1  0.5     5.3030383001 .0179080969 .1338211377 .0423179594 24249130.000000 24249130.866669 0.866669 0.000004         
48758784  32  1  0.5     5.3249343001 .0118577261 .1088931866 .0344350491 24380298.000000 24380298.177073 0.177073 0.000001         
49020928  32  1  0.5     5.3890919999 .0169557747 .1302143413 .0411773902 24511648.000000 24511647.224918 0.775082 0.000003         
49283072  32  1  0.5     5.4227959000 .0094204868 .0970591922 .0306928115 24642608.000000 24642607.587256 0.412744 0.000002         
49545216  32  1  0.5     5.4587749999 .0248708124 .1577048268 .0498706450 24773584.000000 24773583.545803 0.454197 0.000002         
49807360  32  1  0.5     5.3935955999 .0060307524 .0776579191 .0245575902 24904604.000000 24904603.613785 0.386215 0.000002         
50069504  32  1  0.5     5.5373055999 .0179660968 .1340376693 .0423864327 25035820.000000 25035820.579169 0.579169 0.000002         
50331648  32  1  0.5     5.4648905000 .0077634744 .0881105805 .0278630120 25167052.000000 25167052.324024 0.324024 0.000001         
50593792  32  1  0.5     5.5004608999 .0057218557 .0756429487 .0239204006 25298152.000000 25298152.148719 0.148719 0.000001         
50855936  32  1  0.5     5.5869123001 .0278624660 .1669205379 .0527849088 25429282.000000 25429281.340828 0.659172 0.000003         
51118080  32  1  0.5     5.5471643001 .0123534251 .1111459630 .0351474395 25560208.000000 25560207.582781 0.417219 0.000002         
51380224  32  1  0.5     5.5851125000 .0067599279 .0822187807 .0259998613 25691094.000000 25691094.239066 0.239066 0.000001         
51642368  32  1  0.5     5.5956333001 .0099831125 .0999155268 .0315960638 25822194.000000 25822193.305325 0.694675 0.000003         
51904512  32  1  0.5     5.6478669001 .0123805233 .1112677999 .0351859677 25953022.000000 25953021.035936 0.964064 0.000004         
52166656  32  1  0.5     5.6239756000 .0124153947 .1114243900 .0352354859 26083956.000000 26083956.238249 0.238249 0.000001         
52428800  32  1  0.5     5.6746408000 .0111535661 .1056104450 .0333969550 26215112.000000 26215112.850949 0.850949 0.000003         
52690944  32  1  0.5     5.7032846000 .0080557534 .0897538489 .0283826591 26346116.000000 26346116.360765 0.360765 0.000001         
52953088  32  1  0.5     5.7750958000 .0451008221 .2123695413 .0671571456 26477322.000000 26477321.603926 0.396074 0.000001         
53215232  32  1  0.5     5.8414686000 .0220151271 .1483749544 .0469202803 26608590.000000 26608589.064672 0.935328 0.000004         
53477376  32  1  0.5     5.7751875999 .0120071006 .1095769163 .0346512634 26739682.000000 26739682.153195 0.153195 0.000001         
53739520  32  1  0.5     5.8141544001 .0093478780 .0966844248 .0305742996 26870520.000000 26870520.687973 0.687973 0.000003         
54001664  32  1  0.5     5.8244607001 .0090034757 .0948866465 .0300057922 27001526.000000 27001526.471428 0.471428 0.000002         
54263808  32  1  0.5     5.8515185000 .0090475204 .0951184545 .0300790963 27132748.000000 27132748.344893 0.344893 0.000001         
54525952  32  1  0.5     5.9074517000 .0126340877 .1124014577 .0355444618 27263896.000000 27263896.796308 0.796308 0.000003         
54788096  32  1  0.5     5.8947401000 .0051626865 .0718518371 .0227215459 27395016.000000 27395015.493518 0.506482 0.000002         
55050240  32  1  0.5     5.9100443000 .0041432383 .0643679912 .0203549460 27526134.000000 27526133.269910 0.730090 0.000003         
55312384  32  1  0.5     6.0251686000 .0453950172 .2130610644 .0673758244 27657262.000000 27657261.609365 0.390635 0.000001         
55574528  32  1  0.5     5.9830807000 .0084531761 .0919411556 .0290743462 27788308.000000 27788307.657600 0.342400 0.000001         
55836672  32  1  0.5     5.9770813001 .0042090060 .0648768525 .0205158621 27919136.000000 27919136.287160 0.287160 0.000001         
56098816  32  1  0.5     6.0622281002 .0507911627 .2253689479 .0712679189 28050110.000000 28050109.660560 0.339440 0.000001         
56360960  32  1  0.5     6.0496742000 .0064678467 .0804229239 .0254319615 28181128.000000 28181128.575256 0.575256 0.000002         
56623104  32  1  0.5     6.0919764002 .0098189829 .0990907811 .0313352563 28312216.000000 28312215.153525 0.846475 0.000003         
56885248  32  1  0.5     6.1102515001 .0145352881 .1205623826 .0381251729 28443110.000000 28443110.215237 0.215237 0.000001         
57147392  32  1  0.5     6.0902392001 .0055928302 .0747852271 .0236491652 28574036.000000 28574036.625149 0.625149 0.000002         
57409536  32  1  0.5     6.1631397001 .0079640043 .0892412701 .0282205674 28705084.000000 28705083.018073 0.981927 0.000003         
57671680  32  1  0.5     6.2151121999 .0062743674 .0792109045 .0250486873 28836218.000000 28836218.460026 0.460026 0.000002         
57933824  32  1  0.5     6.2634766000 .0201611636 .1419900123 .0449011843 28967258.000000 28967257.285300 0.714700 0.000002         
58195968  32  1  0.5     6.2329685001 .0099670750 .0998352392 .0315706746 29098468.000000 29098467.476930 0.523070 0.000002         
58458112  32  1  0.5     6.3077004000 .0147689756 .1215276742 .0384304249 29229362.000000 29229361.264051 0.735949 0.000003         
58720256  32  1  0.5     6.3022279998 .0084488219 .0919174733 .0290668572 29360276.000000 29360275.389769 0.610231 0.000002         
58982400  32  1  0.5     6.3056028002 .0136011158 .1166238217 .0368796906 29491216.000000 29491216.850869 0.850869 0.000003         
59244544  32  1  0.5     6.3964238001 .0574199412 .2396245838 .0757759468 29622508.000000 29622507.096835 0.903165 0.000003         
59506688  32  1  0.5     6.3762457001 .0079442704 .0891306367 .0281855821 29753524.000000 29753524.209346 0.209346 0.000001         
59768832  32  1  0.5     6.3773562001 .0023014152 .0479730674 .0151704159 29884344.000000 29884344.939036 0.939036 0.000003         
60030976  32  1  0.5     6.4338783999 .0128790833 .1134860489 .0358874397 30015392.000000 30015392.762637 0.762637 0.000003         
60293120  32  1  0.5     6.4809752000 .0296743916 .1722625658 .0544742063 30146600.000000 30146600.924925 0.924925 0.000003         
60555264  32  1  0.5     6.4735655000 .0050173117 .0708329845 .0223993564 30277776.000000 30277775.254498 0.745502 0.000002         
60817408  32  1  0.5     6.4514254999 .0028475859 .0533627763 .0168747915 30408454.000000 30408454.146177 0.146177 0.000000         
61079552  32  1  0.5     6.5409742001 .0065202259 .0807479157 .0255347329 30539754.000000 30539753.433988 0.566012 0.000002         
61341696  32  1  0.5     6.5393929001 .0100728536 .1003636069 .0317377592 30670774.000000 30670774.573671 0.573671 0.000002         
61603840  32  1  0.5     6.5193361001 .0037141076 .0609434787 .0192720201 30801796.000000 30801796.602308 0.602308 0.000002         
61865984  32  1  0.5     6.6486377999 .0040237428 .0634329788 .0200592691 30933010.000000 30933010.768220 0.768220 0.000002         
62128128  32  1  0.5     6.6299206000 .0055427917 .0744499274 .0235431342 31064274.000000 31064273.721147 0.278853 0.000001         
62390272  32  1  0.5     6.6105558999 .0064234481 .0801464166 .0253445222 31195448.000000 31195448.381290 0.381290 0.000001         
62652416  32  1  0.5     6.6528162000 .0046496011 .0681879835 .0215629336 31326454.000000 31326454.994595 0.994595 0.000003         
62914560  32  1  0.5     6.6869785000 .0119049471 .1091097937 .0345035463 31457492.000000 31457491.626886 0.373114 0.000001         
63176704  32  1  0.5     6.6900113000 .0039744346 .0630431169 .0199359840 31588554.000000 31588553.447023 0.552977 0.000002         
63438848  32  1  0.5     6.7836044000 .0066569455 .0815901066 .0258010571 31719572.000000 31719572.380310 0.380310 0.000001         
63700992  32  1  0.5     6.8197988001 .0391098892 .1977622036 .0625378998 31850800.000000 31850800.074454 0.074454 0.000000         
63963136  32  1  0.5     6.8725370002 .0927757023 .3045910410 .0963201444 31981844.000000 31981843.036501 0.963499 0.000003         
64225280  32  1  0.5     6.8458431000 .0043525570 .0659739115 .0208627826 32113058.000000 32113057.417130 0.582870 0.000002         
64487424  32  1  0.5     6.8270631001 .0016688721 .0408518310 .0129184832 32244106.000000 32244106.203538 0.203538 0.000001         
64749568  32  1  0.5     6.8817957001 .0148779401 .1219751618 .0385719329 32375378.000000 32375377.328020 0.671980 0.000002         
65011712  32  1  0.5     6.9171462000 .0059920229 .0774081578 .0244786088 32506558.000000 32506558.963811 0.963811 0.000003         
65273856  32  1  0.5     6.8869841001 .0015990067 .0399875818 .0126451836 32637524.000000 32637524.704842 0.704842 0.000002         
65536000  32  1  0.5     6.9420380003 .0213882491 .1462472191 .0462474313 32768774.000000 32768773.998384 0.001616 0.000000         
65798144  32  1  0.5     7.0091115001 .0153117591 .1237406929 .0391302428 32899654.000000 32899653.083447 0.916553 0.000003         
66060288  32  1  0.5     6.9637402002 .0047884688 .0691987629 .0218825702 33030870.000000 33030870.760366 0.760366 0.000002         
66322432  32  1  0.5     7.0101889999 .0047643055 .0690239487 .0218272890 33161946.000000 33161945.006879 0.993121 0.000003         
66584576  32  1  0.5     7.0916235002 .0408521968 .2021192638 .0639157232 33293018.000000 33293018.748445 0.748445 0.000002         
66846720  32  1  0.5     7.0586741000 .0043289892 .0657950545 .0208062230 33424130.000000 33424130.685434 0.685434 0.000002         
67108864  32  1  0.5     7.1399029002 .0153246607 .1237928136 .0391467248 33555324.000000 33555324.507248 0.507248 0.000002         
67371008  32  1  0.5     7.1014124001 .0035795240 .0598291233 .0189196300 33686488.000000 33686488.986904 0.986904 0.000003         
67633152  32  1  0.5     7.1549778999 .0109799167 .1047850977 .0331359573 33817444.000000 33817442.290323 1.709677 0.000005         
67895296  32  1  0.5     7.1339807001 .0044428604 .0666547852 .0210780938 33948328.000000 33948329.860576 1.860576 0.000005         
68157440  32  1  0.5     7.2004117001 .0051465467 .0717394361 .0226860016 34079428.000000 34079429.813444 1.813444 0.000005         
68419584  32  1  0.5     7.2231097000 .0052494394 .0724530151 .0229116551 34210304.000000 34210304.219538 0.219538 0.000001         
68681728  32  1  0.5     7.2595943000 .0196289066 .1401031998 .0443045218 34341204.000000 34341205.077265 1.077265 0.000003         
68943872  32  1  0.5     7.2868579002 .0169071833 .1300276251 .0411183454 34472344.000000 34472343.753195 0.246805 0.000001         
69206016  32  1  0.5     7.3036132002 .0127247204 .1128039024 .0356717260 34603236.000000 34603237.685830 1.685830 0.000005         
69468160  32  1  0.5     7.3431771001 .0113153121 .1063734558 .0336382402 34734176.000000 34734175.500416 0.499584 0.000001         
69730304  32  1  0.5     7.3489344998 .0018498136 .0430094594 .0136007852 34865408.000000 34865407.584509 0.415491 0.000001         
69992448  32  1  0.5     7.3706332001 .0027837773 .0527615134 .0166846555 34996536.000000 34996534.300095 1.699905 0.000005         
70254592  32  1  0.5     7.3795250000 .0018580890 .0431055564 .0136311738 35127652.000000 35127650.788789 1.211211 0.000003         
70516736  32  1  0.5     7.4384849001 .0028456374 .0533445161 .0168690171 35258696.000000 35258696.742692 0.742692 0.000002         
70778880  32  1  0.5     7.4850105001 .0111832553 .1057509115 .0334413744 35389748.000000 35389748.638818 0.638818 0.000002         
71041024  32  1  0.5     7.4965433001 .0059835605 .0773534776 .0244613174 35520784.000000 35520785.034298 1.034298 0.000003         
71303168  32  1  0.5     7.5062862000 .0009164765 .0302733628 .0095732778 35651948.000000 35651946.979229 1.020771 0.000003         
71565312  32  1  0.5     7.5259612999 .0024626219 .0496248113 .0156927432 35782884.000000 35782884.008696 0.008696 0.000000         
71827456  32  1  0.5     7.5808952000 .0048656098 .0697539231 .0220581272 35913976.000000 35913977.181211 1.181211 0.000003         
72089600  32  1  0.5     7.6460370001 .0051031358 .0714362359 .0225901212 36044852.000000 36044852.138355 0.138355 0.000000         
72351744  32  1  0.5     7.6731631000 .0235907393 .1535927709 .0485702988 36175852.000000 36175852.927377 0.927377 0.000003         
72613888  32  1  0.5     7.6150668999 .0007674317 .0277025576 .0087603179 36306828.000000 36306826.603014 1.396986 0.000004         
72876032  32  1  0.5     7.6769212999 .0062651353 .0791526076 .0250302522 36437968.000000 36437967.246333 0.753667 0.000002         
73138176  32  1  0.5     7.6989068002 .0091162911 .0954792705 .0301931964 36569424.000000 36569424.078595 0.078595 0.000000         
73400320  32  1  0.5     7.7449097000 .0040837541 .0639042572 .0202083004 36700392.000000 36700390.011882 1.988118 0.000005         
73662464  32  1  0.5     7.7629940998 .0049901505 .0706409973 .0223386447 36831148.000000 36831147.694125 0.305875 0.000001         
73924608  32  1  0.5     7.8555517001 .0372929964 .1931139466 .0610679919 36962200.000000 36962201.188822 1.188822 0.000003         
74186752  32  1  0.5     7.8592258001 .0262263768 .1619455982 .0512116947 37093260.000000 37093260.595951 0.595951 0.000002         
74448896  32  1  0.5     7.8019607002 .0035030118 .0591862467 .0187163345 37224540.000000 37224540.545977 0.545977 0.000001         
74711040  32  1  0.5     7.8963155003 .0373773420 .1933322063 .0611370116 37355524.000000 37355522.066859 1.933141 0.000005         
74973184  32  1  0.5     7.9567499002 .0363860234 .1907512081 .0603208284 37486688.000000 37486687.702724 0.297276 0.000001         
75235328  32  1  0.5     7.9176775001 .0124508243 .1115832617 .0352857255 37618056.000000 37618054.651681 1.348319 0.000004         
75497472  32  1  0.5     7.9262739999 .0048865508 .0699038682 .0221055440 37749132.000000 37749132.083056 0.083056 0.000000         
75759616  32  1  0.5     7.9172788001 .0013397206 .0366021939 .0115746300 37880204.000000 37880205.803101 1.803101 0.000005         
76021760  32  1  0.5     8.0012534002 .0167996266 .1296133735 .0409873475 38011444.000000 38011444.478212 0.478212 0.000001         
76283904  32  1  0.5     7.9850608999 .0013014765 .0360759823 .0114082272 38142472.000000 38142470.026454 1.973546 0.000005         
76546048  32  1  0.5     8.0064618000 .0029895899 .0546771423 .0172904305 38273412.000000 38273410.267925 1.732075 0.000005         
76808192  32  1  0.5     8.1372822002 .0132933695 .1152968754 .0364600733 38404320.000000 38404319.524353 0.475647 0.000001         
77070336  32  1  0.5     8.1078908001 .0144821749 .1203419083 .0380554528 38535532.000000 38535531.844952 0.155048 0.000000         
77332480  32  1  0.5     8.1182111001 .0016217182 .0402705624 .0127346699 38666616.000000 38666614.457358 1.542642 0.000004         
77594624  32  1  0.5     8.1419714000 .0073020800 .0854522088 .0270223610 38797752.000000 38797752.092450 0.092450 0.000000         
77856768  32  1  0.5     8.1479600999 .0080134161 .0895176859 .0283079778 38928520.000000 38928518.773608 1.226392 0.000003         
78118912  32  1  0.5     8.2229282001 .0142816421 .1195058245 .0377910599 39059464.000000 39059462.513827 1.486173 0.000004         
78381056  32  1  0.5     8.1925340000 .0027184173 .0521384435 .0164876235 39190384.000000 39190385.227132 1.227132 0.000003         
78643200  32  1  0.5     8.2212349000 .0010423738 .0322858142 .0102096708 39321480.000000 39321480.026922 0.026922 0.000000         
78905344  32  1  0.5     8.2636464001 .0125430301 .1119956700 .0354161405 39452672.000000 39452672.064879 0.064879 0.000000         
79167488  32  1  0.5     8.2692856000 .0023676665 .0486586734 .0153872235 39584028.000000 39584028.625130 0.625130 0.000002         
79429632  32  1  0.5     8.3853729000 .0784831518 .2801484460 .0885907172 39715180.000000 39715180.380380 0.380380 0.000001         
79691776  32  1  0.5     8.3710254000 .0123046971 .1109265392 .0350780516 39846504.000000 39846504.193782 0.193782 0.000000         
79953920  32  1  0.5     8.3844336999 .0031505266 .0561295519 .0177497228 39977268.000000 39977269.987650 1.987650 0.000005         
80216064  32  1  0.5     8.4388286000 .0117351448 .1083288733 .0342565975 40107960.000000 40107959.756860 0.243140 0.000001         
80478208  32  1  0.5     8.4260532000 .0049043924 .0700313672 .0221458628 40238784.000000 40238784.785110 0.785110 0.000002         
80740352  32  1  0.5     8.4217317001 .0017942879 .0423590356 .0133951031 40369892.000000 40369891.623144 0.376856 0.000001         
81002496  32  1  0.5     8.6116439002 .0697125953 .2640314286 .0834940688 40500916.000000 40500916.150379 0.150379 0.000000         
81264640  32  1  0.5     8.5524694002 .0145497664 .1206224125 .0381441560 40632080.000000 40632078.471373 1.528627 0.000004         
81526784  32  1  0.5     8.5357803001 .0142000512 .1191639677 .0376829552 40763376.000000 40763374.650815 1.349185 0.000003         
81788928  32  1  0.5     8.5465454001 .0029581604 .0543889731 .0171993034 40894452.000000 40894450.693463 1.306537 0.000003         
82051072  32  1  0.5     8.6024341001 .0038305487 .0618914267 .0195717876 41025424.000000 41025423.057274 0.942726 0.000002         
82313216  32  1  0.5     8.6079517999 .0015513705 .0393874408 .0124554024 41156388.000000 41156387.723890 0.276110 0.000001         
82575360  32  1  0.5     8.6439795000 .0031155788 .0558173700 .0176510022 41287484.000000 41287484.012865 0.012865 0.000000         
82837504  32  1  0.5     8.6715749001 .0075159854 .0866947830 .0274152975 41418308.000000 41418306.541143 1.458857 0.000004         
83099648  32  1  0.5     8.8923119001 .1626773298 .4033327779 .1275450233 41549248.000000 41549248.194143 0.194143 0.000000         
83361792  32  1  0.5     8.7203473001 .0054507463 .0738291697 .0233468334 41680036.000000 41680036.526341 0.526341 0.000001         
83623936  32  1  0.5     8.7302001001 .0020126889 .0448630014 .0141869267 41810996.000000 41810994.060234 1.939766 0.000005         
83886080  32  1  0.5     8.8574750001 .0357192114 .1889952681 .0597655514 41942164.000000 41942164.750069 0.750069 0.000002         
84148224  32  1  0.5     8.8195452000 .0069009189 .0830717695 .0262696000 42072924.000000 42072925.580048 1.580048 0.000004         
84410368  32  1  0.5     8.8233734000 .0017610926 .0419653738 .0132706164 42204072.000000 42204070.512344 1.487656 0.000004         
84672512  32  1  0.5     8.8517911000 .0037866427 .0615357026 .0194592977 42335036.000000 42335037.986279 1.986279 0.000005         
84934656  32  1  0.5     8.8468908002 .0010511212 .0324209993 .0102524201 42465844.000000 42465843.172131 0.827869 0.000002         
85196800  32  1  0.5     8.8801587000 .0065392315 .0808655148 .0255719210 42597120.000000 42597119.185084 0.814916 0.000002         
85458944  32  1  0.5     8.9446951000 .0048196177 .0694234664 .0219536276 42728172.000000 42728171.546943 0.453057 0.000001         
85721088  32  1  0.5     8.9487973001 .0042569884 .0652456006 .0206324705 42859148.000000 42859148.858519 0.858519 0.000002         
85983232  32  1  0.5     9.0297961001 .0042759109 .0653904496 .0206782757 42990268.000000 42990268.791092 0.791092 0.000002         
86245376  32  1  0.5     9.0655063002 .0271347364 .1647262468 .0520910130 43121428.000000 43121428.976288 0.976288 0.000002         
86507520  32  1  0.5     9.0682268001 .0045020166 .0670970684 .0212179560 43252796.000000 43252795.781539 0.218461 0.000001         
86769664  32  1  0.5     9.1191224001 .0305757241 .1748591550 .0552953199 43383892.000000 43383891.976554 0.023446 0.000000         
87031808  32  1  0.5     9.1316835001 .0176645200 .1329079380 .0420291803 43515092.000000 43515093.876825 1.876825 0.000004         
87293952  32  1  0.5     9.1363837002 .0046078892 .0678814348 .0214659944 43646232.000000 43646233.899097 1.899097 0.000004         
87556096  32  1  0.5     9.1257880001 .0018048039 .0424829836 .0134342989 43777120.000000 43777121.090526 1.090526 0.000002         
87818240  32  1  0.5     9.3077826002 .0549188187 .2343476449 .0741072322 43908284.000000 43908285.057767 1.057767 0.000002         
88080384  32  1  0.5     9.1708629000 .0028978877 .0538320322 .0170231832 44039296.000000 44039295.672434 0.327566 0.000001         
88342528  32  1  0.5     9.2290128000 .0035197991 .0593278947 .0187611276 44169960.000000 44169961.167711 1.167711 0.000003         
88604672  32  1  0.5     9.3271826001 .0176787450 .1329614417 .0420460996 44300976.000000 44300974.081730 1.918270 0.000004         
88866816  32  1  0.5     9.2785931001 .0037406612 .0611609450 .0193407890 44432100.000000 44432101.921931 1.921931 0.000004         
89128960  32  1  0.5     9.3358055001 .0087925442 .0937685672 .0296522245 44563244.000000 44563245.748639 1.748639 0.000004         
89391104  32  1  0.5     9.3205342000 .0079356141 .0890820638 .0281702220 44694360.000000 44694359.042527 0.957473 0.000002         
89653248  32  1  0.5     9.3883168000 .0051790253 .0719654451 .0227574719 44825340.000000 44825339.423975 0.576025 0.000001         
89915392  32  1  0.5     9.4089440000 .0124325183 .1115012031 .0352597763 44956400.000000 44956401.827996 1.827996 0.000004         
90177536  32  1  0.5     9.4293649000 .0050085588 .0707711720 .0223798096 45087568.000000 45087569.418406 1.418406 0.000003         
90439680  32  1  0.5     9.4048996002 .0030082647 .0548476499 .0173443497 45218512.000000 45218510.918529 1.081471 0.000002         
90701824  32  1  0.5     9.5030377000 .0171800382 .1310726447 .0414488096 45349708.000000 45349709.665811 1.665811 0.000004         
90963968  32  1  0.5     9.4775845999 .0019087951 .0436897596 .0138159150 45481040.000000 45481040.801967 0.801967 0.000002         
91226112  32  1  0.5     9.5480790002 .0244873401 .1564843126 .0494846845 45612156.000000 45612156.741190 0.741190 0.000002         
91488256  32  1  0.5     9.5999213999 .0532459108 .2307507547 .0729697956 45743164.000000 45743163.375098 0.624902 0.000001         
91750400  32  1  0.5     9.6175380000 .0422193787 .2054735474 .0649764408 45874116.000000 45874114.191566 1.808434 0.000004         
92012544  32  1  0.5     9.6030886002 .0091917935 .0958738415 .0303179707 46005536.000000 46005534.647816 1.352184 0.000003         
92274688  32  1  0.5     9.6087853001 .0131520543 .1146824062 .0362657611 46136668.000000 46136668.164869 0.164869 0.000000         
92536832  32  1  0.5     9.6141791000 .0018132352 .0425820995 .0134656421 46267912.000000 46267911.636212 0.363788 0.000001         
92798976  32  1  0.5     9.7590971001 .0546865407 .2338515355 .0739503486 46398980.000000 46398980.733084 0.733084 0.000002         
93061120  32  1  0.5     9.7154571999 .0082880010 .0910384589 .0287888884 46529968.000000 46529966.400418 1.599582 0.000003         
93323264  32  1  0.5     9.6846405001 .0011332836 .0336642778 .0106455793 46661044.000000 46661045.396330 1.396330 0.000003         
93585408  32  1  0.5     9.7157048000 .0014370944 .0379090279 .0119878872 46792220.000000 46792219.467989 0.532011 0.000001         
93847552  32  1  0.5     9.7835482000 .0017989017 .0424134613 .0134123141 46923120.000000 46923118.046425 1.953575 0.000004         
94109696  32  1  0.5     9.9874176001 .0840316117 .2898820651 .0916687578 47054132.000000 47054130.648814 1.351186 0.000003         
94371840  32  1  0.5     9.8536375001 .0038336768 .0619166924 .0195797773 47185136.000000 47185135.673887 0.326113 0.000001         
94633984  32  1  0.5     9.9516667001 .0618728379 .2487425132 .0786592892 47316252.000000 47316253.851961 1.851961 0.000004         
94896128  32  1  0.5     9.9335347999 .0050018933 .0707240645 .0223649129 47447224.000000 47447224.259177 0.259177 0.000001         
95158272  32  1  0.5     9.9554466000 .0198753806 .1409800716 .0445818130 47578260.000000 47578259.719094 0.280906 0.000001         
95420416  32  1  0.5     10.0893167000 .0636121292 .2522144508 .0797572123 47709520.000000 47709518.645636 1.354364 0.000003         
95682560  32  1  0.5     10.0698391999 .0225653521 .1502176823 .0475030020 47840556.000000 47840556.903719 0.903719 0.000002         
95944704  32  1  0.5     9.9772473000 .0043220493 .0657422946 .0207895389 47971708.000000 47971707.936938 0.063062 0.000000         
96206848  32  1  0.5     10.0235105999 .0036766953 .0606357592 .0191747106 48102852.000000 48102852.995592 0.995592 0.000002         
96468992  32  1  0.5     10.0047247001 .0021771663 .0466601146 .0147552238 48234004.000000 48234004.319464 0.319464 0.000001         
96731136  32  1  0.5     10.0800758000 .0121494164 .1102243911 .0348560129 48365060.000000 48365059.846014 0.153986 0.000000         
96993280  32  1  0.5     10.2463613000 .1109613322 .3331085892 .1053381850 48495960.000000 48495959.972026 0.027974 0.000000         
97255424  32  1  0.5     10.1266396001 .0109100452 .1044511617 .0330303575 48626984.000000 48626984.280327 0.280327 0.000001         
97517568  32  1  0.5     10.1519483002 .0115942024 .1076763780 .0340502604 48757868.000000 48757868.616652 0.616652 0.000001         
97779712  32  1  0.5     10.1876066999 .0101541736 .1007679194 .0318656140 48889256.000000 48889254.929160 1.070840 0.000002         
98041856  32  1  0.5     10.1798162001 .0039019553 .0624656329 .0197533675 49020164.000000 49020162.519780 1.480220 0.000003         
98304000  32  1  0.5     10.2033745999 .0014073347 .0375144598 .0118631138 49151112.000000 49151110.613227 1.386773 0.000003         
98566144  32  1  0.5     10.2258105001 .0020254609 .0450051208 .0142318688 49282152.000000 49282150.978266 1.021734 0.000002         
98828288  32  1  0.5     10.2614476001 .0113426267 .1065017685 .0336788163 49413304.000000 49413302.072376 1.927624 0.000004         
99090432  32  1  0.5     10.3484822001 .0432068859 .2078626611 .0657319449 49544112.000000 49544110.905528 1.094472 0.000002         
99352576  32  1  0.5     10.3256804001 .0056779096 .0753519050 .0238283645 49675376.000000 49675375.405469 0.594531 0.000001         
99614720  32  1  0.5     10.3516966000 .0201205677 .1418469869 .0448559557 49806720.000000 49806721.101428 1.101428 0.000002         
99876864  32  1  0.5     10.4116684001 .0152904625 .1236546096 .0391030209 49937836.000000 49937834.890020 1.109980 0.000002         
100139008  32  1  0.5     10.4082913002 .0086384483 .0929432531 .0293912372 50069100.000000 50069098.736341 1.263659 0.000003         
100401152  32  1  0.5     10.4034788001 .0038482219 .0620340382 .0196168853 50200164.000000 50200163.390147 0.609853 0.000001         
100663296  32  1  0.5     10.4950984001 .0120006728 .1095475823 .0346419872 50331232.000000 50331232.508771 0.508771 0.000001         
100925440  32  1  0.5     10.5067440000 .0053301172 .0730076516 .0230870465 50462084.000000 50462084.000577 0.000577 0.000000         
101187584  32  1  0.5     10.4935817001 .0025377820 .0503764032 .0159304174 50592972.000000 50592971.267753 0.732247 0.000001         
101449728  32  1  0.5     10.6259136999 .0801589229 .2831235117 .0895315156 50724096.000000 50724094.869148 1.130852 0.000002         
101711872  32  1  0.5     10.6127528000 .0276294373 .1662210495 .0525637111 50855232.000000 50855230.772442 1.227558 0.000002         
101974016  32  1  0.5     10.6108475000 .0121789988 .1103585012 .0348984222 50986200.000000 50986200.830283 0.830283 0.000002         
102236160  32  1  0.5     10.8206551001 .1850107237 .4301287292 .1360186471 51117052.000000 51117050.755818 1.244182 0.000002         
102498304  32  1  0.5     10.6898912000 .0535710783 .2314542682 .0731922661 51247952.000000 51247951.556210 0.443790 0.000001         
102760448  32  1  0.5     10.6620619001 .0210640444 .1451345734 .0458955819 51379124.000000 51379125.642702 1.642702 0.000003         
103022592  32  1  0.5     10.7040683000 .0063313502 .0795697819 .0251621743 51510032.000000 51510030.210181 1.789819 0.000003         
103284736  32  1  0.5     10.7524631001 .0247218891 .1572319595 .0497211113 51641356.000000 51641357.752380 1.752380 0.000003         
103546880  32  1  0.5     10.7875833001 .0094686047 .0973067556 .0307710979 51772512.000000 51772510.550614 1.449386 0.000003         
103809024  32  1  0.5     10.8789925001 .0653380397 .2556130663 .0808319489 51903552.000000 51903550.152570 1.847430 0.000004         
104071168  32  1  0.5     10.9033069002 .1064009703 .3261916159 .1031508459 52034408.000000 52034408.333676 0.333676 0.000001         
104333312  32  1  0.5     10.8030603001 .0013545577 .0368043163 .0116385467 52165468.000000 52165469.610857 1.610857 0.000003         
104595456  32  1  0.5     10.8470301000 .0042067222 .0648592491 .0205102954 52296488.000000 52296487.434267 0.565733 0.000001         
104857600  32  1  0.5     10.9199218001 .0162035028 .1272929801 .0402535747 52427736.000000 52427736.994401 0.994401 0.000002         
 
