262144    .0149426667 .0000000046 .0000678232 .0000391577 -136.500000 -135.973939 0.526061 0.386883         
524288    .0149720000 .0000001192 .0003452535 .0001993322 -1130.000000 -1127.945749 2.054251 0.182123         
786432    .0158483334 .0000012702 .0011270314 .0006506918 246.500000 247.317899 0.817899 0.330707         
1048576    .0160583333 .0000000726 .0002694438 .0001555634 1211.000000 1211.231582 0.231582 0.019120         
1310720    .0174003334 .0000006082 .0007798717 .0004502591 1977.000000 1976.572489 0.427511 0.021629         
1572864    .0173266666 .0000000083 .0000911043 .0000525990 1778.000000 1777.127315 0.872685 0.049107         
1835008    .0175233334 .0000005076 .0007124605 .0004113392 1270.000000 1268.639592 1.360408 0.107234         
2097152    .0180130000 .0000001255 .0003542597 .0002045319 1667.000000 1664.723923 2.276077 0.136724         
2359296    .0183830000 .0000000494 .0002222611 .0001283225 1649.000000 1649.344842 0.344842 0.020908         
2621440    .0190220000 .0000007262 .0008521736 .0004920026 1990.000000 1990.718587 0.718587 0.036097         
2883584    .0193463334 .0000000051 .0000714142 .0000412310 2108.000000 2107.054436 0.945564 0.044876         
3145728    .0199496666 .0000000708 .0002660826 .0001536228 2152.000000 2151.013588 0.986412 0.045858         
3407872    .0234336667 .0000000371 .0001926136 .0001112055 2468.000000 2468.508333 0.508333 0.020593         
3670016    .0244383334 .0000000060 .0000774596 .0000447213 2438.000000 2441.335671 3.335671 0.136633         
3932160    .0254773334 .0000002033 .0004508880 .0002603203 1603.000000 1605.791314 2.791314 0.173828         
4194304    .0256396667 .0000000256 .0001600000 .0000923760 1472.000000 1471.192946 0.807054 0.054857         
4456448    .0264546667 .0000000750 .0002738612 .0001581138 1524.000000 1522.446066 1.553934 0.102068         
4718592    .0274676667 .0000000488 .0002209072 .0001275408 1491.000000 1494.581292 3.581292 0.239618         
4980736    .0280320000 .0000002190 .0004679743 .0002701850 2184.000000 2184.926567 0.926567 0.042407         
5242880    .0286913334 .0000002725 .0005220153 .0003013856 1938.000000 1938.333409 0.333409 0.017201         
5505024    .0294250000 .0000007043 .0008392258 .0004845272 2388.000000 2391.475631 3.475631 0.145334         
5767168    .0296383334 .0000001534 .0003916631 .0002261267 2212.000000 2219.474457 7.474457 0.336767         
6029312    .0300063333 .0000000176 .0001326649 .0000765941 2050.000000 2054.803967 4.803967 0.233792         
6291456    .0303346667 .0000000473 .0002174856 .0001255653 1034.000000 1035.340293 1.340293 0.129454         
6553600    .0307703334 .0000000935 .0003057776 .0001765407 650.500000 652.863744 2.363744 0.362058         
6815744    .0320736667 .0000008963 .0009467312 .0005465955 1062.000000 1063.744301 1.744301 0.163977         
7077888    .0319093333 .0000001753 .0004186884 .0002417298 782.500000 782.609636 0.109636 0.014009         
7340032    .0327403334 .0000000049 .0000700000 .0000404145 -94.500000 -94.424774 0.075226 0.079668         
7602176    .0335680000 .0000001921 .0004382921 .0002530480 1.500000 1.273983 0.226017 17.741017         
7864320    .0340183334 .0000002191 .0004680811 .0002702467 105.500000 108.235799 2.735799 2.527629         
8126464    .0345556667 .0000000181 .0001345362 .0000776745 -128.500000 -124.495723 4.004277 3.216397         
8388608    .0353876666 .0000000182 .0001349073 .0000778887 -319.500000 -314.976766 4.523234 1.436053         
8650752    .0359640000 .0000000558 .0002362202 .0001363817 -1434.000000 -1429.837809 4.162191 0.291095         
8912896    .0367636666 .0000001509 .0003884584 .0002242765 -1438.000000 -1434.034161 3.965839 0.276551         
9175040    .0368556667 .0000001497 .0003869108 .0002233830 -2664.000000 -2658.385719 5.614281 0.211191         
9437184    .0376750000 .0000000443 .0002104756 .0001215181 -2782.000000 -2778.555746 3.444254 0.123958         
9699328    .0382220000 .0000000688 .0002622975 .0001514375 -2978.000000 -2978.588477 0.588477 0.019757         
9961472    .0387263334 .0000000866 .0002942787 .0001699018 -3416.000000 -3416.985416 0.985416 0.028839         
10223616    .0393623333 .0000001900 .0004358898 .0002516610 -3504.000000 -3504.781597 0.781597 0.022301         
10485760    .0396766667 .0000000457 .0002137755 .0001234233 -2556.000000 -2558.981990 2.981990 0.116530         
10747904    .0406070000 .0000001801 .0004243819 .0002450170 -2033.000000 -2035.036821 2.036821 0.100088         
11010048    .0411666666 .0000001316 .0003627671 .0002094436 -1765.000000 -1768.792766 3.792766 0.214427         
11272192    .0418200000 .0000000648 .0002545584 .0001469693 -755.000000 -759.095873 4.095873 0.539573         
11534336    .0424010000 .0000002441 .0004940647 .0002852483 -1360.000000 -1362.844707 2.844707 0.208733         
11796480    .0429696667 .0000001448 .0003805259 .0002196967 -1524.000000 -1528.551996 4.551996 0.297798         
12058624    .0433003334 .0000000026 .0000509901 .0000294391 -1099.000000 -1101.908522 2.908522 0.263953         
12320768    .0439250000 .0000000219 .0001479864 .0000854399 -998.000000 -1002.625757 4.625757 0.461364         
12582912    .0449033333 .0000001057 .0003251153 .0001877054 -770.000000 -773.805816 3.805816 0.491831         
12845056    .0454773333 .0000000068 .0000824621 .0000476095 -309.500000 -312.193596 2.693596 0.862797         
13107200    .0460820000 .0000001303 .0003609709 .0002084066 -708.500000 -710.915081 2.415081 0.339714         
13369344    .0465546666 .0000000988 .0003143246 .0001814753 190.500000 191.004267 0.504267 0.264008         
13631488    .0471743334 .0000000203 .0001424780 .0000822597 786.500000 789.156115 2.656115 0.336577         
13893632    .0477483333 .0000000708 .0002660826 .0001536228 720.500000 725.187940 4.687940 0.646445         
14155776    .0482573334 .0000000307 .0001752141 .0001011599 1396.000000 1402.299472 6.299472 0.449224         
14417920    .0494016667 .0000001870 .0004324349 .0002496664 1260.000000 1268.305321 8.305321 0.654836         
14680064    .0490860000 .0000000322 .0001794435 .0001036017 1912.000000 1920.742349 8.742349 0.455155         
14942208    .0502816666 .0000001143 .0003380828 .0001951921 2076.000000 2080.349243 4.349243 0.209063         
15204352    .0507340000 .0000000505 .0002247220 .0001297433 1428.000000 1432.230262 4.230262 0.295362         
15466496    .0520386667 .0000003261 .0005710516 .0003296967 1656.000000 1658.644151 2.644151 0.159416         
15728640    .0517406667 .0000000371 .0001926136 .0001112055 1428.000000 1427.140417 0.859583 0.060231         
15990784    .0524563334 .0000000541 .0002325940 .0001342882 887.000000 889.054637 2.054637 0.231104         
16252928    .0533140000 .0000001023 .0003198437 .0001846618 1108.000000 1110.449351 2.449351 0.220573         
16515072    .0536790000 .0000000078 .0000883176 .0000509901 1120.000000 1124.436738 4.436738 0.394574         
16777216    .0544093334 .0000001171 .0003421987 .0001975685 1152.000000 1155.120385 3.120385 0.270135         
17039360    .0553126666 .0000000471 .0002170253 .0001252996 1672.000000 1676.578908 4.578908 0.273110         
17301504    .0566836667 .0000004376 .0006615134 .0003819249 1598.000000 1604.003533 6.003533 0.374284         
17563648    .0560246667 .0000001178 .0003432200 .0001981581 1478.000000 1486.240993 8.240993 0.554486         
17825792    .0564460000 .0000000766 .0002767670 .0001597915 1578.000000 1586.247348 8.247348 0.519928         
18087936    .0569430000 .0000000183 .0001352774 .0000781024 1996.000000 2001.005201 5.005201 0.250134         
18350080    .0576843334 .0000000964 .0003104834 .0001792576 2020.000000 2026.060443 6.060443 0.299124         
18612224    .0585090000 .0000000487 .0002206807 .0001274100 1712.000000 1722.773699 10.773699 0.625369         
18874368    .0590293334 .0000000539 .0002321637 .0001340397 1886.000000 1892.835138 6.835138 0.361106         
19136512    .0597026667 .0000001338 .0003657868 .0002111871 1182.000000 1185.781159 3.781159 0.318875         
19398656    .0603650000 .0000003720 .0006099180 .0003521363 1132.000000 1140.836477 8.836477 0.774561         
19660800    .0609086666 .0000001007 .0003173326 .0001832120 1650.000000 1655.678425 5.678425 0.342967         
19922944    .0613720000 .0000000668 .0002584569 .0001492201 1436.000000 1445.014821 9.014821 0.623857         
20185088    .0618443334 .0000000016 .0000400000 .0000230940 2298.000000 2304.915818 6.915818 0.300046         
20447232    .0627500000 .0000000328 .0001811077 .0001045625 1902.000000 1914.116213 12.116213 0.632993         
20709376    .0634196667 .0000000188 .0001371130 .0000791622 1994.000000 2005.511138 11.511138 0.573975         
20971520    .0639616667 .0000001447 .0003803945 .0002196208 2450.000000 2461.514376 11.514376 0.467776         
21233664    .0642496667 .0000002527 .0005026927 .0002902297 2992.000000 3003.302616 11.302616 0.376340         
21495808    .0650686666 .0000000412 .0002029778 .0001171892 2584.000000 2600.181911 16.181911 0.622338         
21757952    .0658390000 .0000000473 .0002174856 .0001255653 2748.000000 2761.544081 13.544081 0.490453         
22020096    .0664360000 .0000001958 .0004424929 .0002554733 3312.000000 3325.277893 13.277893 0.399302         
22282240    .0668096666 .0000000034 .0000583095 .0000336650 1749.000000 1757.694688 8.694688 0.494664         
22544384    .0674783333 .0000000088 .0000938083 .0000541602 336.000000 342.913639 6.913639 2.016146         
22806528    .0677730000 .0000000388 .0001969771 .0001137247 754.000000 761.655984 7.655984 1.005176         
23068672    .0684423333 .0000000017 .0000412310 .0000238047 141.000000 147.140847 6.140847 4.173448         
23330816    .0694110000 .0000002971 .0005450688 .0003146956 -277.000000 -271.556484 5.443516 2.004561         
23592960    .0701086667 .0000004486 .0006697760 .0003866953 -322.000000 -316.624424 5.375576 1.697777         
23855104    .0703063334 .0000000143 .0001195826 .0000690410 -732.000000 -725.175934 6.824066 0.941022         
24117248    .0707916667 .0000000442 .0002102379 .0001213809 -974.000000 -962.102959 11.897041 1.236566         
24379392    .0718026666 .0000007804 .0008834025 .0005100326 -999.500000 -986.084245 13.415755 1.360508         
24641536    .0720383333 .0000000562 .0002370653 .0001368697 -172.000000 -164.529596 7.470404 4.540462         
24903680    .0730953333 .0000000387 .0001967231 .0001135781 364.000000 370.171601 6.171601 1.667227         
25165824    .0730060000 .0000001187 .0003445286 .0001989136 -831.500000 -825.839818 5.660182 0.685385         
25427968    .0736796666 .0000001917 .0004378355 .0002527844 -844.000000 -836.967184 7.032816 0.840274         
25690112    .0745396667 .0000000527 .0002295648 .0001325392 -1223.000000 -1213.055362 9.944638 0.819801         
25952256    .0747380000 .0000000852 .0002918903 .0001685229 -1528.000000 -1518.659659 9.340341 0.615038         
26214400    .0763943334 .0000002340 .0004837354 .0002792847 -1415.000000 -1402.982779 12.017221 0.856548         
26476544    .0762976667 .0000000771 .0002776688 .0001603121 -1297.000000 -1285.173088 11.826912 0.920258         
26738688    .0768703334 .0000000404 .0002009975 .0001160459 -989.000000 -978.900536 10.099464 1.031715         
27000832    .0773096667 .0000000013 .0000360555 .0000208166 -661.000000 -649.972493 11.027507 1.696611         
27262976    .0782846666 .0000000035 .0000591607 .0000341564 -805.000000 -792.418623 12.581377 1.587718         
27525120    .0788266667 .0000002606 .0005104899 .0002947314 -1044.000000 -1029.965259 14.034741 1.362642         
27787264    .0792373333 .0000000897 .0002994995 .0001729161 -1636.000000 -1623.288427 12.711573 0.783075         
28049408    .0800200000 .0000002949 .0005430469 .0003135282 -1712.000000 -1698.587754 13.412246 0.789612         
28311552    .0804736666 .0000001740 .0004171330 .0002408318 -1836.000000 -1827.110459 8.889541 0.486535         
28573696    .0809663333 .0000001551 .0003938273 .0002273762 -2064.000000 -2056.571241 7.428759 0.361221         
28835840    .0817526667 .0000002630 .0005128352 .0002960855 -2800.000000 -2796.786947 3.213053 0.114884         
29097984    .0819723333 .0000000899 .0002998332 .0001731087 -2766.000000 -2765.781906 0.218094 0.007885         
29360128    .0825463333 .0000000020 .0000447213 .0000258198 -3198.000000 -3197.607393 0.392607 0.012278         
29622272    .0837916666 .0000008288 .0009103845 .0005256107 -3452.000000 -3450.094002 1.905998 0.055245         
29884416    .0839486667 .0000000226 .0001503329 .0000867947 -3550.000000 -3545.545349 4.454651 0.125641         
30146560    .0845673334 .0000001648 .0004059556 .0002343785 -3502.000000 -3495.994426 6.005574 0.171784         
30408704    .0852436666 .0000000349 .0001868154 .0001078579 -4744.000000 -4736.417160 7.582840 0.160097         
30670848    .0858613333 .0000000329 .0001813835 .0001047218 -4256.000000 -4254.375323 1.624677 0.038188         
30932992    .0866293334 .0000011894 .0010905961 .0006296559 -4364.000000 -4363.339455 0.660545 0.015139         
31195136    .0867413334 .0000000226 .0001503329 .0000867947 -3950.000000 -3946.090962 3.909038 0.099061         
31457280    .0873823333 .0000001014 .0003184336 .0001838477 -3608.000000 -3607.422052 0.577948 0.016021         
31719424    .0877356667 .0000000161 .0001268857 .0000732574 -4584.000000 -4578.364228 5.635772 0.123096         
31981568    .0885963333 .0000000076 .0000871779 .0000503321 -4056.000000 -4054.773118 1.226882 0.030258         
32243712    .0893953334 .0000001384 .0003720215 .0002147867 -4524.000000 -4525.612654 1.612654 0.035634         
32505856    .0897206666 .0000000272 .0001649242 .0000952190 -4816.000000 -4809.828636 6.171364 0.128307         
32768000    .0906750000 .0000000718 .0002679552 .0001547040 -5092.000000 -5079.679079 12.320921 0.242553         
33030144    .0911636667 .0000000076 .0000871779 .0000503321 -4820.000000 -4811.204638 8.795362 0.182810         
33292288    .0916393333 .0000000008 .0000282842 .0000163298 -4596.000000 -4582.690210 13.309790 0.290436         
33554432    .0921480000 .0000000096 .0000979795 .0000565684 -4664.000000 -4654.285128 9.714872 0.208730         
33816576    .0929206666 .0000001897 .0004355456 .0002514623 -4644.000000 -4635.294207 8.705793 0.187815         
34078720    .0938786666 .0000001346 .0003668787 .0002118175 -4580.000000 -4571.788779 8.211221 0.179606         
34340864    .0941383333 .0000000270 .0001643167 .0000948682 -4568.000000 -4563.432319 4.567681 0.100093         
34603008    .0948363334 .0000000485 .0002202271 .0001271481 -5016.000000 -5013.279709 2.720291 0.054262         
34865152    .0952276667 .0000000481 .0002193171 .0001266227 -4304.000000 -4302.048042 1.951958 0.045373         
35127296    .0959116666 .0000003177 .0005636488 .0003254227 -3844.000000 -3843.843101 0.156899 0.004082         
35389440    .0964930000 .0000001526 .0003906404 .0002255363 -4048.000000 -4046.574883 1.425117 0.035218         
35651584    .0977066666 .0000000017 .0000412310 .0000238047 -4788.000000 -4786.170171 1.829829 0.038232         
35913728    .0975733334 .0000000224 .0001496662 .0000864098 -5528.000000 -5526.209111 1.790889 0.032407         
36175872    .0982046666 .0000000026 .0000509901 .0000294391 -5232.000000 -5235.523240 3.523240 0.067295         
36438016    .0989813334 .0000000287 .0001694107 .0000978093 -5408.000000 -5411.315835 3.315835 0.061276         
36700160    .0994270000 .0000000044 .0000663324 .0000382970 -5512.000000 -5514.080447 2.080447 0.037730         
36962304    .1004746666 .0000004530 .0006730527 .0003885871 -4936.000000 -4934.960757 1.039243 0.021059         
37224448    .1002060000 .0000000288 .0001697056 .0000979795 -5040.000000 -5034.343984 5.656016 0.112349         
37486592    .1015190000 .0000002126 .0004610856 .0002662078 -5092.000000 -5089.498696 2.501304 0.049146         
37748736    .1016083333 .0000001773 .0004210700 .0002431048 -4824.000000 -4814.598048 9.401952 0.195280         
38010880    .1019253334 .0000000032 .0000565685 .0000326598 -5524.000000 -5519.635055 4.364945 0.079080         
38273024    .1027360000 .0000000738 .0002716615 .0001568438 -5256.000000 -5253.643643 2.356357 0.044852         
38535168    .1034966666 .0000000330 .0001816590 .0001048808 -5496.000000 -5487.978868 8.021132 0.146158         
38797312    .1043330000 .0000009292 .0009639502 .0005565369 -5220.000000 -5206.178577 13.821423 0.265481         
39059456    .1047370000 .0000000274 .0001655294 .0000955684 -4568.000000 -4564.693012 3.306988 0.072447         
39321600    .1053823333 .0000002572 .0005071488 .0002928024 -5936.000000 -5929.142105 6.857895 0.115664         
39583744    .1059650000 .0000001783 .0004222558 .0002437894 -6152.000000 -6154.934338 2.934338 0.047675         
39845888    .1066890000 .0000001051 .0003241913 .0001871719 -5624.000000 -5632.092332 8.092332 0.143683         
40108032    .1069483334 .0000000961 .0003100000 .0001789785 -6632.000000 -6632.584382 0.584382 0.008811         
40370176    .1079100000 .0000005470 .0007395944 .0004270050 -6568.000000 -6574.175145 6.175145 0.093930         
40632320    .1082240000 .0000002118 .0004602173 .0002657065 -6296.000000 -6304.092052 8.092052 0.128362         
40894464    .1089993333 .0000001667 .0004082891 .0002357258 -6872.000000 -6877.039890 5.039890 0.073286         
41156608    .1091893334 .0000000191 .0001382027 .0000797913 -6656.000000 -6656.291658 0.291658 0.004382         
41418752    .1097493333 .0000000588 .0002424871 .0001399999 -6740.000000 -6744.708185 4.708185 0.069806         
41680896    .1106090000 .0000000086 .0000927361 .0000535412 -6492.000000 -6484.707453 7.292547 0.112458         
41943040    .1109333333 .0000000238 .0001542724 .0000890692 -5944.000000 -5934.918622 9.081378 0.153016         
42205184    .1116820000 .0000001019 .0003192177 .0001843004 -5944.000000 -5921.291202 22.708798 0.383511         
42467328    .1124853334 .0000001905 .0004364630 .0002519920 -5992.000000 -5964.760023 27.239977 0.456682         
42729472    .1129140000 .0000002486 .0004985980 .0002878656 -6524.000000 -6498.178551 25.821449 0.397364         
42991616    .1140843333 .0000001256 .0003544009 .0002046134 -7372.000000 -7349.506302 22.493698 0.306057         
43253760    .1141590000 .0000000483 .0002197726 .0001268857 -7440.000000 -7422.050061 17.949939 0.241846         
43515904    .1168353334 .0000110260 .0033205421 .0019171158 -7360.000000 -7338.075348 21.924652 0.298779         
43778048    .1153130000 .0000002224 .0004715930 .0002722743 -7528.000000 -7516.239298 11.760702 0.156471         
44040192    .1158680000 .0000000009 .0000300000 .0000173205 -7024.000000 -7013.629463 10.370537 0.147863         
44302336    .1163063333 .0000000759 .0002754995 .0001590597 -6608.000000 -6598.082383 9.917617 0.150311         
44564480    .1170570000 .0000000139 .0001178982 .0000680685 -6208.000000 -6198.151094 9.848906 0.158901         
44826624    .1177000000 .0000000499 .0002233830 .0001289702 -6060.000000 -6058.525256 1.474744 0.024342         
45088768    .1180863334 .0000000283 .0001682260 .0000971253 -5796.000000 -5799.149274 3.149274 0.054306         
45350912    .1190743333 .0000001208 .0003475629 .0002006655 -6992.000000 -6988.542643 3.457357 0.049472         
45613056    .1196086666 .0000001870 .0004324349 .0002496664 -6848.000000 -6848.722572 0.722572 0.010550         
45875200    .1199486666 .0000000696 .0002638181 .0001523154 -7232.000000 -7234.272651 2.272651 0.031415         
46137344    .1207103334 .0000000136 .0001166190 .0000673300 -7992.000000 -7992.329204 0.329204 0.004119         
46399488    .1210813333 .0000000028 .0000529150 .0000305504 -8168.000000 -8160.864221 7.135779 0.087439         
46661632    .1220470000 .0000006876 .0008292164 .0004787483 -8936.000000 -8926.885458 9.114542 0.102102         
46923776    .1226433333 .0000001161 .0003407345 .0001967231 -9240.000000 -9234.265641 5.734359 0.062099         
47185920    .1231210000 .0000000375 .0001936491 .0001118033 -9064.000000 -9064.664472 0.664472 0.007330         
47448064    .1240073334 .0000000361 .0001900000 .0001096965 -8808.000000 -8810.079106 2.079106 0.023599         
47710208    .1239466667 .0000000518 .0002275961 .0001314026 -8904.000000 -8897.428085 6.571915 0.073863         
47972352    .1257826667 .0000001546 .0003931920 .0002270095 -8592.000000 -8588.052012 3.947988 0.045971         
48234496    .1250913333 .0000000292 .0001708800 .0000986576 -8560.000000 -8550.651767 9.348233 0.109328         
48496640    .1260690000 .0000000792 .0002814249 .0001624807 -9008.000000 -9012.951635 4.951635 0.054939         
48758784    .1264920000 .0000002634 .0005132250 .0002963105 -8704.000000 -8702.306133 1.693867 0.019465         
49020928    .1272233334 .0000000244 .0001562049 .0000901849 -8864.000000 -8859.151232 4.848768 0.054732         
49283072    .1278143333 .0000001963 .0004430575 .0002557993 -9648.000000 -9651.316610 3.316610 0.034364         
49545216    .1282943333 .0000003377 .0005811196 .0003355095 -10072.000000 -10065.428374 6.571626 0.065289         
49807360    .1290793334 .0000001613 .0004016217 .0002318763 -9904.000000 -9905.429279 1.429279 0.014429         
50069504    .1297236666 .0000000679 .0002605762 .0001504437 -10256.000000 -10258.429024 2.429024 0.023678         
50331648    .1300576666 .0000002110 .0004593473 .0002652042 -10152.000000 -10158.027845 6.027845 0.059341         
50593792    .1307393333 .0000000049 .0000700000 .0000404145 -10440.000000 -10446.673545 6.673545 0.063882         
50855936    .1316990000 .0000002252 .0004745524 .0002739829 -10952.000000 -10953.725786 1.725786 0.015755         
51118080    .1322003334 .0000001697 .0004119465 .0002378374 -10840.000000 -10852.174558 12.174558 0.112185         
51380224    .1322920000 .0000000623 .0002495996 .0001441063 -10336.000000 -10340.444761 4.444761 0.042984         
51642368    .1332280000 .0000000369 .0001920937 .0001109053 -10336.000000 -10327.855266 8.144734 0.078862         
51904512    .1339486667 .0000000834 .0002887905 .0001667332 -10248.000000 -10251.761680 3.761680 0.036693         
52166656    .1342860000 .0000002913 .0005397221 .0003116086 -10888.000000 -10899.917633 11.917633 0.109337         
52428800    .1348280000 .0000000438 .0002092844 .0001208304 -11520.000000 -11527.907226 7.907226 0.068592         
52690944    .1355826667 .0000000611 .0002471841 .0001427118 -12032.000000 -12025.466439 6.533561 0.054331         
52953088    .1362090000 .0000000116 .0001077032 .0000621824 -12320.000000 -12316.691465 3.308535 0.026862         
53215232    .1368076666 .0000000179 .0001337908 .0000772441 -11456.000000 -11473.677413 17.677413 0.154069         
53477376    .1377353334 .0000002728 .0005223025 .0003015514 -11600.000000 -11613.455895 13.455895 0.115865         
53739520    .1378710000 .0000000761 .0002758622 .0001592691 -12256.000000 -12263.717011 7.717011 0.062926         
54001664    .1383756666 .0000002856 .0005344155 .0003085449 -11952.000000 -11968.716240 16.716240 0.139666         
54263808    .1391283334 .0000000485 .0002202271 .0001271481 -11488.000000 -11503.909263 15.909263 0.138294         
54525952    .1397430000 .0000001730 .0004159326 .0002401387 -11632.000000 -11651.430902 19.430902 0.166768         
54788096    .1401536667 .0000001304 .0003611094 .0002084866 -12704.000000 -12721.767819 17.767819 0.139665         
55050240    .1405653333 .0000000052 .0000721110 .0000416333 -13264.000000 -13277.940611 13.940611 0.104991         
55312384    .1413620000 .0000000237 .0001539480 .0000888819 -11376.000000 -11389.629468 13.629468 0.119666         
55574528    .1418390000 .0000000575 .0002397915 .0001384436 -10936.000000 -10948.580938 12.580938 0.114909         
55836672    .1426090000 .0000000501 .0002238302 .0001292284 -11728.000000 -11740.964103 12.964103 0.110418         
56098816    .1431903334 .0000001118 .0003343650 .0001930457 -11768.000000 -11776.810824 8.810824 0.074815         
56360960    .1435446666 .0000000320 .0001788854 .0001032795 -11200.000000 -11204.887683 4.887683 0.043621         
56623104    .1447510000 .0000002227 .0004719110 .0002724579 -11488.000000 -11492.406043 4.406043 0.038339         
56885248    .1445886667 .0000000264 .0001624807 .0000938082 -11392.000000 -11404.217785 12.217785 0.107134         
57147392    .1452926667 .0000000025 .0000500000 .0000288675 -11896.000000 -11903.896669 7.896669 0.066337         
57409536    .1465086666 .0000000771 .0002776688 .0001603121 -11448.000000 -11448.787614 0.787614 0.006879         
57671680    .1467573333 .0000001084 .0003292415 .0001900876 -10760.000000 -10774.959769 14.959769 0.138838         
57933824    .1473943333 .0000000087 .0000932737 .0000538515 -10136.000000 -10153.077738 17.077738 0.168203         
58195968    .1477813333 .0000001009 .0003176476 .0001833939 -9624.000000 -9630.931769 6.931769 0.071974         
58458112    .1488363333 .0000002041 .0004517742 .0002608319 -10128.000000 -10134.733159 6.733159 0.066436         
58720256    .1497290000 .0000004059 .0006371028 .0003678314 -10176.000000 -10192.849402 16.849402 0.165306         
58982400    .1498283334 .0000000320 .0001788854 .0001032795 -10360.000000 -10380.960243 20.960243 0.201910         
59244544    .1503853333 .0000000207 .0001438749 .0000830662 -9968.000000 -9983.074377 15.074377 0.150999         
59506688    .1515990000 .0000003145 .0005608029 .0003237797 -9592.000000 -9607.327573 15.327573 0.159540         
59768832    .1520413333 .0000001145 .0003383784 .0001953628 -9488.000000 -9499.684551 11.684551 0.122999         
60030976    .1520490000 .0000000653 .0002555386 .0001475352 -8944.000000 -8957.538935 13.538935 0.151146         
60293120    .1525516666 .0000001416 .0003762977 .0002172555 -8768.000000 -8775.663131 7.663131 0.087323         
60555264    .1532650000 .0000001986 .0004456455 .0002572935 -10208.000000 -10216.551709 8.551709 0.083704         
60817408    .1539656667 .0000001163 .0003410278 .0001968924 -10376.000000 -10385.758298 9.758298 0.093958         
61079552    .1543733333 .0000000248 .0001574801 .0000909211 -9536.000000 -9549.686800 13.686800 0.143322         
61341696    .1552520000 .0000000438 .0002092844 .0001208304 -9016.000000 -9026.027163 10.027163 0.111092         
61603840    .1556353333 .0000000182 .0001349073 .0000778887 -9800.000000 -9824.557545 24.557545 0.249961         
61865984    .1559840000 .0000002758 .0005251666 .0003032050 -9160.000000 -9179.107386 19.107386 0.208162         
62128128    .1566060000 .0000000994 .0003152776 .0001820256 -8280.000000 -8302.633298 22.633298 0.272604         
62390272    .1571650000 .0000000089 .0000943398 .0000544671 -8392.000000 -8413.841153 21.841153 0.259586         
62652416    .1578176666 .0000000494 .0002222611 .0001283225 -8100.000000 -8117.144020 17.144020 0.211208         
62914560    .1584950000 .0000000270 .0001643167 .0000948682 -7784.000000 -7799.869411 15.869411 0.203457         
63176704    .1592780000 .0000005927 .0007698701 .0004444847 -7528.000000 -7545.489223 17.489223 0.231784         
63438848    .1599393334 .0000000705 .0002655183 .0001532970 -7824.000000 -7838.621730 14.621730 0.186534         
63700992    .1603143333 .0000000349 .0001868154 .0001078579 -7824.000000 -7845.465458 21.465458 0.273603         
63963136    .1609920000 .0000000996 .0003155946 .0001822086 -8368.000000 -8370.266912 2.266912 0.027083         
64225280    .1618200000 .0000001223 .0003497141 .0002019075 -8368.000000 -8371.987187 3.987187 0.047625         
64487424    .1622603333 .0000001514 .0003891015 .0002246478 -8904.000000 -8904.256911 0.256911 0.002885         
64749568    .1623496666 .0000000081 .0000900000 .0000519615 -8688.000000 -8683.676833 4.323167 0.049785         
65011712    .1632596666 .0000001664 .0004079215 .0002355135 -8496.000000 -8489.941372 6.058628 0.071362         
65273856    .1639500000 .0000000237 .0001539480 .0000888819 -9104.000000 -9108.348145 4.348145 0.047738         
65536000    .1649246666 .0000000185 .0001360147 .0000785281 -9328.000000 -9325.476579 2.523421 0.027059         
65798144    .1652053333 .0000003234 .0005686826 .0003283290 -8816.000000 -8814.599615 1.400385 0.015887         
66060288    .1661023334 .0000000530 .0002302172 .0001329159 -8504.000000 -8503.555979 0.444021 0.005222         
66322432    .1660416666 .0000001993 .0004464302 .0002577465 -8656.000000 -8656.349849 0.349849 0.004042         
66584576    .1671636666 .0000000752 .0002742261 .0001583245 -8184.000000 -8176.866155 7.133845 0.087244         
66846720    .1672736667 .0000001526 .0003906404 .0002255363 -8152.000000 -8143.216225 8.783775 0.107866         
67108864    .1684266666 .0000000359 .0001894729 .0001093922 -8168.000000 -8162.977896 5.022104 0.061523         
67371008    .1692246666 .0000003231 .0005684188 .0003281767 -7936.000000 -7932.215513 3.784487 0.047710         
67633152    .1692960000 .0000000246 .0001568438 .0000905538 -8128.000000 -8115.110473 12.889527 0.158834         
67895296    .1698740000 .0000002231 .0004723346 .0002727025 -8928.000000 -8918.894170 9.105830 0.102096         
68157440    .1705793334 .0000002552 .0005051732 .0002916618 -9584.000000 -9564.165407 19.834593 0.207384         
68419584    .1709856666 .0000001153 .0003395585 .0001960441 -9952.000000 -9937.919005 14.080995 0.141690         
68681728    .1714123334 .0000000028 .0000529150 .0000305504 -9776.000000 -9760.952842 15.047158 0.154157         
68943872    .1718400000 .0000000084 .0000916515 .0000529150 -10424.000000 -10404.220225 19.779775 0.190113         
69206016    .1725736667 .0000001478 .0003844476 .0002219609 -10392.000000 -10374.671504 17.328496 0.167027         
69468160    .1735830000 .0000000894 .0002989983 .0001726267 -10248.000000 -10235.736090 12.263910 0.119815         
69730304    .1739873334 .0000000864 .0002939387 .0001697055 -10600.000000 -10587.214752 12.785248 0.120761         
69992448    .1745013334 .0000000682 .0002611512 .0001507757 -10376.000000 -10372.641101 3.358899 0.032382         
70254592    .1751220000 .0000001158 .0003402939 .0001964687 -9808.000000 -9800.575770 7.424230 0.075753         
70516736    .1756920000 .0000000402 .0002004993 .0001157583 -9952.000000 -9938.191302 13.808698 0.138946         
70778880    .1761406666 .0000000111 .0001053565 .0000608276 -9328.000000 -9324.035906 3.964094 0.042515         
71041024    .1768510000 .0000000030 .0000547722 .0000316227 -9488.000000 -9488.080084 0.080084 0.000844         
71303168    .1775763333 .0000001083 .0003290896 .0001899999 -8576.000000 -8576.873334 0.873334 0.010182         
71565312    .1779756666 .0000000826 .0002874021 .0001659316 -8776.000000 -8771.110037 4.889963 0.055751         
71827456    .1785653333 .0000000442 .0002102379 .0001213809 -8384.000000 -8363.630513 20.369487 0.243548         
72089600    .1794516666 .0000000108 .0001039230 .0000599999 -8164.000000 -8149.873149 14.126851 0.173338         
72351744    .1803133333 .0000000142 .0001191637 .0000687991 -9040.000000 -9034.839295 5.160705 0.057120         
72613888    .1807646666 .0000000105 .0001024695 .0000591607 -8448.000000 -8436.679586 11.320414 0.134181         
72876032    .1812993333 .0000001221 .0003494281 .0002017424 -7660.000000 -7665.390766 5.390766 0.070326         
73138176    .1815933334 .0000000215 .0001466287 .0000846561 -7332.000000 -7336.843805 4.843805 0.066020         
73400320    .1823816667 .0000000214 .0001462873 .0000844590 -6828.000000 -6837.983478 9.983478 0.146000         
73662464    .1831356667 .0000002911 .0005395368 .0003115017 -6740.000000 -6745.145595 5.145595 0.076286         
73924608    .1833226667 .0000000056 .0000748331 .0000432049 -6948.000000 -6950.126218 2.126218 0.030593         
74186752    .1839010000 .0000000509 .0002256102 .0001302561 -5712.000000 -5714.624351 2.624351 0.045923         
74448896    .1846090000 .0000000461 .0002147091 .0001239623 -6168.000000 -6171.036009 3.036009 0.049198         
74711040    .1852713334 .0000000645 .0002539685 .0001466287 -6200.000000 -6196.208971 3.791029 0.061183         
74973184    .1859340000 .0000000494 .0002222611 .0001283225 -5416.000000 -5413.348974 2.651026 0.048972         
75235328    .1864083333 .0000000385 .0001962141 .0001132842 -5976.000000 -5970.575711 5.424289 0.090850         
75497472    .1871476667 .0000000416 .0002039607 .0001177567 -6520.000000 -6527.639918 7.639918 0.117040         
75759616    .1882206667 .0000003147 .0005609812 .0003238826 -6672.000000 -6665.177746 6.822254 0.102357         
76021760    .1884616667 .0000003576 .0005979966 .0003452534 -6192.000000 -6182.689492 9.310508 0.150590         
76283904    .1890430000 .0000007080 .0008414273 .0004857982 -5592.000000 -5583.345374 8.654626 0.155008         
76546048    .1892580000 .0000000969 .0003112876 .0001797219 -4704.000000 -4696.016239 7.983761 0.170011         
76808192    .1897623334 .0000000052 .0000721110 .0000416333 -5624.000000 -5621.123219 2.876781 0.051178         
77070336    .1907936667 .0000000056 .0000748331 .0000432049 -5688.000000 -5677.502063 10.497937 0.184904         
77332480    .1913303333 .0000000100 .0001000000 .0000577350 -6384.000000 -6375.562047 8.437953 0.132348         
77594624    .1916360000 .0000000730 .0002701851 .0001559914 -6552.000000 -6542.043959 9.956041 0.152185         
77856768    .1924330000 .0000000976 .0003124099 .0001803699 -6288.000000 -6290.902878 2.902878 0.046144         
78118912    .1931860000 .0000000501 .0002238302 .0001292284 -6336.000000 -6345.624643 9.624643 0.151674         
78381056    .1935263333 .0000000542 .0002328089 .0001344122 -6960.000000 -6970.520940 10.520940 0.150935         
78643200    .1941120000 .0000000240 .0001549193 .0000894426 -6888.000000 -6896.875534 8.875534 0.128689         
78905344    .1952513334 .0000002853 .0005341348 .0003083828 -6512.000000 -6529.680733 17.680733 0.270775         
79167488    .1954593334 .0000000072 .0000848528 .0000489897 -6032.000000 -6051.901750 19.901750 0.328851         
79429632    .1961706667 .0000000445 .0002109502 .0001217921 -4944.000000 -4956.786123 12.786123 0.257952         
79691776    .1969560000 .0000001367 .0003697296 .0002134634 -5872.000000 -5877.577291 5.577291 0.094891         
79953920    .1973953333 .0000001759 .0004194043 .0002421431 -5648.000000 -5656.668099 8.668099 0.153237         
80216064    .1976353334 .0000000596 .0002441311 .0001409491 -6112.000000 -6127.449754 15.449754 0.252140         
80478208    .1989100000 .0000006091 .0007804485 .0004505921 -6944.000000 -6955.543820 11.543820 0.165966         
80740352    .1996946667 .0000032610 .0018058239 .0010425929 -7656.000000 -7666.084895 10.084895 0.131552         
81002496    .1994390000 .0000000623 .0002495996 .0001441063 -7304.000000 -7315.983408 11.983408 0.163798         
81264640    .2002406666 .0000001045 .0003232645 .0001866368 -7248.000000 -7256.490978 8.490978 0.117012         
81526784    .2005630000 .0000000229 .0001513274 .0000873689 -6968.000000 -6984.568392 16.568392 0.237214         
81788928    .2019093333 .0000005122 .0007156814 .0004131988 -7984.000000 -7998.598089 14.598089 0.182508         
82051072    .2019433333 .0000000714 .0002672077 .0001542724 -6984.000000 -6987.544022 3.544022 0.050719         
82313216    .2025123333 .0000000584 .0002416609 .0001395229 -7032.000000 -7044.747155 12.747155 0.180946         
82575360    .2031210000 .0000001332 .0003649657 .0002107130 -6856.000000 -6870.770956 14.770956 0.214983         
82837504    .2037910000 .0000000632 .0002513961 .0001451436 -6532.000000 -6546.874494 14.874494 0.227200         
83099648    .2046133333 .0000001765 .0004201190 .0002425558 -6756.000000 -6773.177665 17.177665 0.253613         
83361792    .2055796667 .0000003310 .0005753259 .0003321645 -6212.000000 -6217.768258 5.768258 0.092771         
83623936    .2056540000 .0000000278 .0001667333 .0000962635 -6084.000000 -6089.331053 5.331053 0.087547         
83886080    .2063566667 .0000000630 .0002509980 .0001449137 -6028.000000 -6034.306197 6.306197 0.104506         
84148224    .2067426666 .0000002308 .0004804164 .0002773685 -5764.000000 -5767.720599 3.720599 0.064507         
84410368    .2072906667 .0000001230 .0003507135 .0002024845 -5576.000000 -5573.673351 2.326649 0.041744         
84672512    .2082153334 .0000002444 .0004943682 .0002854236 -5792.000000 -5799.661146 7.661146 0.132096         
84934656    .2087146667 .0000001737 .0004167733 .0002406241 -5960.000000 -5964.131750 4.131750 0.069277         
85196800    .2096213333 .0000000950 .0003082207 .0001779513 -6648.000000 -6643.633486 4.366514 0.065725         
85458944    .2096173334 .0000000231 .0001519868 .0000877496 -6672.000000 -6668.090100 3.909900 0.058636         
85721088    .2102976667 .0000000013 .0000360555 .0000208166 -5792.000000 -5788.725207 3.274793 0.056572         
85983232    .2111516666 .0000007172 .0008468766 .0004889444 -5760.000000 -5758.752029 1.247971 0.021671         
86245376    .2114743333 .0000000517 .0002273763 .0001312757 -4368.000000 -4364.319422 3.680578 0.084333         
86507520    .2125686667 .0000006634 .0008144937 .0004702481 -4416.000000 -4405.078470 10.921530 0.247930         
86769664    .2126753334 .0000001447 .0003803945 .0002196208 -4504.000000 -4497.434337 6.565663 0.145987         
87031808    .2134070000 .0000000413 .0002032240 .0001173314 -4034.000000 -4026.201031 7.798969 0.193705         
87293952    .2144223333 .0000010135 .0010067273 .0005812342 -3564.000000 -3556.219941 7.780059 0.218773         
87556096    .2145033333 .0000002077 .0004557411 .0002631222 -3796.000000 -3787.914753 8.085247 0.213448         
87818240    .2150346666 .0000000179 .0001337908 .0000772441 -4380.000000 -4380.555856 0.555856 0.012689         
88080384    .2157696666 .0000001497 .0003869108 .0002233830 -5532.000000 -5540.201616 8.201616 0.148038         
88342528    .2159156666 .0000000896 .0002993325 .0001728196 -6248.000000 -6260.701294 12.701294 0.202873         
88604672    .2169760000 .0000002161 .0004648655 .0002683902 -6240.000000 -6251.559253 11.559253 0.184902         
88866816    .2175726667 .0000000177 .0001330413 .0000768114 -6080.000000 -6090.275976 10.275976 0.168728         
89128960    .2184490000 .0000001064 .0003261901 .0001883259 -5852.000000 -5867.850490 15.850490 0.270124         
89391104    .2188786666 .0000001306 .0003613862 .0002086464 -6784.000000 -6798.533966 14.533966 0.213781         
89653248    .2192906666 .0000000422 .0002054263 .0001186029 -7952.000000 -7960.931231 8.931231 0.112188         
89915392    .2196436667 .0000000452 .0002126029 .0001227463 -7124.000000 -7130.162501 6.162501 0.086429         
90177536    .2210676667 .0000004952 .0007037044 .0004062839 -7012.000000 -7029.358158 17.358158 0.246938         
90439680    .2210323334 .0000001930 .0004393176 .0002536401 -7196.000000 -7198.838654 2.838654 0.039432         
90701824    .2218930000 .0000000322 .0001794435 .0001036017 -7004.000000 -7012.003699 8.003699 0.114143         
90963968    .2221120000 .0000001317 .0003629049 .0002095232 -6632.000000 -6641.229949 9.229949 0.138980         
91226112    .2227316667 .0000001851 .0004302324 .0002483947 -6488.000000 -6499.083328 11.083328 0.170537         
91488256    .2232243334 .0000000017 .0000412310 .0000238047 -5420.000000 -5437.647338 17.647338 0.324540         
91750400    .2240203334 .0000000448 .0002116601 .0001222020 -5932.000000 -5952.700696 20.700696 0.347753         
92012544    .2244406666 .0000000406 .0002014944 .0001163328 -5444.000000 -5462.155909 18.155909 0.332395         
92274688    .2253426667 .0000000251 .0001584297 .0000914694 -5908.000000 -5923.543299 15.543299 0.262399         
92536832    .2261036666 .0000001452 .0003810511 .0002199999 -6044.000000 -6060.167102 16.167102 0.266777         
92798976    .2266283333 .0000000516 .0002271563 .0001311487 -5580.000000 -5602.478058 22.478058 0.401216         
93061120    .2273310000 .0000004505 .0006711929 .0003875134 -6452.000000 -6473.505511 21.505511 0.332208         
93323264    .2275806666 .0000000087 .0000932737 .0000538515 -6260.000000 -6277.282146 17.282146 0.275313         
93585408    .2282876667 .0000001436 .0003789459 .0002187845 -6152.000000 -6167.876168 15.876168 0.257401         
93847552    .2289793334 .0000000464 .0002154065 .0001243650 -6768.000000 -6782.524375 14.524375 0.214144         
94109696    .2293363334 .0000001072 .0003274141 .0001890326 -6344.000000 -6358.126086 14.126086 0.222174         
94371840    .2304513333 .0000000356 .0001886796 .0001089342 -5808.000000 -5822.764064 14.764064 0.253558         
94633984    .2308170000 .0000000134 .0001157583 .0000668330 -6080.000000 -6090.267895 10.267895 0.168595         
94896128    .2314090000 .0000000524 .0002289104 .0001321614 -5712.000000 -5711.037408 0.962592 0.016855         
95158272    .2316863334 .0000000469 .0002165640 .0001250332 -5496.000000 -5494.598708 1.401292 0.025503         
95420416    .2325193334 .0000000487 .0002206807 .0001274100 -6624.000000 -6621.818781 2.181219 0.032940         
95682560    .2330240000 .0000000179 .0001337908 .0000772441 -7088.000000 -7088.175622 0.175622 0.002478         
95944704    .2336256666 .0000000222 .0001489966 .0000860232 -7024.000000 -7027.860998 3.860998 0.054938         
96206848    .2342146667 .0000000047 .0000685565 .0000395811 -6616.000000 -6616.264632 0.264632 0.004000         
96468992    .2355276667 .0000008017 .0008953770 .0005169461 -6752.000000 -6750.932439 1.067561 0.015814         
96731136    .2354046667 .0000000091 .0000953939 .0000550756 -6848.000000 -6855.723891 7.723891 0.112663         
96993280    .2364126667 .0000000283 .0001682260 .0000971253 -7632.000000 -7641.647686 9.647686 0.126251         
97255424    .2360243334 .0000000077 .0000877496 .0000506622 -7184.000000 -7204.477719 20.477719 0.284236         
97517568    .2370316666 .0000000583 .0002414539 .0001394034 -6264.000000 -6276.341553 12.341553 0.196636         
97779712    .2379423333 .0000000867 .0002944486 .0001699999 -6144.000000 -6150.070866 6.070866 0.098712         
98041856    .2382013334 .0000000292 .0001708800 .0000986576 -6496.000000 -6487.155402 8.844598 0.136340         
98304000    .2388606667 .0000001628 .0004034848 .0002329520 -6120.000000 -6103.362177 16.637823 0.272601         
98566144    .2397780000 .0000000228 .0001509966 .0000871779 -7152.000000 -7127.924295 24.075705 0.337766         
98828288    .2400330000 .0000000227 .0001506651 .0000869865 -6448.000000 -6436.530597 11.469403 0.178192         
99090432    .2410880000 .0000000103 .0001014889 .0000585946 -6472.000000 -6460.812877 11.187123 0.173153         
99352576    .2413876666 .0000000482 .0002195449 .0001267543 -6576.000000 -6561.481330 14.518670 0.221271         
99614720    .2420063334 .0000000155 .0001244989 .0000718794 -5856.000000 -5848.807375 7.192625 0.122976         
99876864    .2429580000 .0000001320 .0003633180 .0002097617 -5112.000000 -5105.294737 6.705263 0.131339         
100139008    .2429683333 .0000000089 .0000943398 .0000544671 -4944.000000 -4946.912842 2.912842 0.058882         
100401152    .2435733334 .0000000574 .0002395829 .0001383232 -4532.000000 -4532.965738 0.965738 0.021305         
100663296    .2444073333 .0000000440 .0002097617 .0001211059 -4780.000000 -4789.807591 9.807591 0.204760         
100925440    .2449320000 .0000001032 .0003212475 .0001854723 -5540.000000 -5551.918049 11.918049 0.214665         
101187584    .2455980000 .0000000358 .0001892088 .0001092397 -4604.000000 -4612.248997 8.248997 0.178850         
101449728    .2459233334 .0000000087 .0000932737 .0000538515 -4324.000000 -4339.081345 15.081345 0.347570         
101711872    .2468820000 .0000002231 .0004723346 .0002727025 -3044.000000 -3066.522958 22.522958 0.734479         
101974016    .2476790000 .0000003297 .0005741950 .0003315116 -2724.000000 -2745.292487 21.292487 0.775600         
102236160    .2482633334 .0000000785 .0002801785 .0001617611 -3036.000000 -3057.759701 21.759701 0.711622         
102498304    .2483036667 .0000000439 .0002095232 .0001209682 -3644.000000 -3663.467930 19.467930 0.531407         
102760448    .2491326666 .0000001963 .0004430575 .0002557993 -4116.000000 -4127.779121 11.779121 0.285362         
103022592    .2497973333 .0000001994 .0004465422 .0002578112 -4074.000000 -4084.326698 10.326698 0.252837         
103284736    .2504873333 .0000000071 .0000842614 .0000486483 -3834.000000 -3848.952573 14.952573 0.388484         
103546880    .2513260000 .0000000350 .0001870828 .0001080123 -4444.000000 -4460.020657 16.020657 0.359206         
103809024    .2515840000 .0000001537 .0003920459 .0002263478 -4500.000000 -4518.340357 18.340357 0.405909         
104071168    .2521450000 .0000000727 .0002696293 .0001556705 -3484.000000 -3512.515148 28.515148 0.811816         
104333312    .2539693334 .0000000286 .0001691153 .0000976387 -3604.000000 -3636.150194 32.150194 0.884182         
104595456    .2538706666 .0000004721 .0006870953 .0003966946 -3542.000000 -3568.907721 26.907721 0.753948         
104857600    .2549130000 .0000006342 .0007963667 .0004597825 -3982.000000 -3998.287105 16.287105 0.407352         
 
