262144  512  1  0.5     .0093923333 .0000000486 .0002204540 .0001272791 130950.109375 130949.661879 0.447496 0.000342         
524288  512  1  0.5     .0112596666 .0000000012 .0000346410 .0000199999 261984.812500 261985.181763 0.369263 0.000141         
786432  512  1  0.5     .0133113334 .0000000062 .0000787400 .0000454605 393054.218750 393053.868283 0.350467 0.000089         
1048576  512  1  0.5     .0154290000 .0000000025 .0000500000 .0000288675 524354.500000 524353.016601 1.483399 0.000283         
1310720  512  1  0.5     .0176736667 .0000000018 .0000424264 .0000244948 655362.250000 655361.754369 0.495631 0.000076         
1572864  512  1  0.5     .0197626666 0 0 0 786587.250000 786585.295905 1.954095 0.000248         
1835008  512  1  0.5     .0218683333 .0000000053 .0000728010 .0000420316 917822.500000 917821.942080 0.557920 0.000061         
2097152  512  1  0.5     .0237796666 .0000000004 .0000200000 .0000115470 1049026.750000 1049028.925218 2.175218 0.000207         
2359296  512  1  0.5     .0259120000 .0000000078 .0000883176 .0000509901 1180196.875000 1180200.076877 3.201877 0.000271         
2621440  512  1  0.5     .0281693334 .0000000378 .0001944222 .0001122497 1311478.750000 1311482.766523 4.016523 0.000306         
2883584  512  1  0.5     .0301210000 .0000000003 .0000173205 .0000099999 1442370.875000 1442374.452690 3.577690 0.000248         
3145728  512  1  0.5     .0326166667 .0000001460 .0003820994 .0002206051 1573656.250000 1573664.041637 7.791637 0.000495         
3407872  512  1  0.5     .0379660000 .0000000007 .0000264575 .0000152752 1704869.125000 1704877.400196 8.275196 0.000485         
3670016  512  1  0.5     .0401923333 .0000000020 .0000447213 .0000258198 1835918.500000 1835924.850941 6.350941 0.000346         
3932160  512  1  0.5     .0427160000 .0000002051 .0004528796 .0002614701 1967164.125000 1967169.486917 5.361917 0.000273         
4194304  512  1  0.5     .0447636666 .0000000026 .0000509901 .0000294391 2098268.750000 2098273.198124 4.448124 0.000212         
4456448  512  1  0.5     .0471260000 .0000000137 .0001170469 .0000675770 2229472.000000 2229476.852412 4.852412 0.000218         
4718592  512  1  0.5     .0492976666 .0000000009 .0000300000 .0000173205 2360585.500000 2360592.170990 6.670990 0.000283         
4980736  512  1  0.5     .0515760000 .0000000076 .0000871779 .0000503321 2492011.750000 2492018.561457 6.811457 0.000273         
5242880  512  1  0.5     .0537330000 .0000000155 .0001244989 .0000718794 2623025.000000 2623029.793644 4.793644 0.000183         
5505024  512  1  0.5     .0561836666 .0000000363 .0001905255 .0001099999 2754008.000000 2754017.737060 9.737060 0.000354         
5767168  512  1  0.5     .0583430000 .0000000005 .0000223606 .0000129098 2885189.000000 2885198.148105 9.148105 0.000317         
6029312  512  1  0.5     .0605703334 .0000000042 .0000648074 .0000374165 3016117.000000 3016119.898909 2.898909 0.000096         
6291456  512  1  0.5     .0629356666 .0000000034 .0000583095 .0000336650 3147142.750000 3147151.453207 8.703207 0.000277         
6553600  512  1  0.5     .0651100000 .0000000225 .0001500000 .0000866025 3278142.500000 3278146.183568 3.683568 0.000112         
6815744  512  1  0.5     .0672770000 .0000000013 .0000360555 .0000208166 3408747.000000 3408750.937978 3.937978 0.000116         
7077888  512  1  0.5     .0694366667 .0000001777 .0004215447 .0002433789 3539903.000000 3539900.881960 2.118040 0.000060         
7340032  512  1  0.5     .0708436666 .0000000016 .0000400000 .0000230940 3671242.500000 3671249.901608 7.401608 0.000202         
7602176  512  1  0.5     .0730983334 .0000000077 .0000877496 .0000506622 3802448.500000 3802446.549421 1.950579 0.000051         
7864320  512  1  0.5     .0752243333 .0000000016 .0000400000 .0000230940 3933482.250000 3933483.450687 1.200687 0.000031         
8126464  512  1  0.5     .0774026667 .0000000236 .0001536229 .0000886942 4064639.000000 4064646.468686 7.468686 0.000184         
8388608  512  1  0.5     .0795820000 .0000000016 .0000400000 .0000230940 4195747.000000 4195743.789535 3.210465 0.000077         
8650752  512  1  0.5     .0819216667 .0000000076 .0000871779 .0000503321 4326735.000000 4326738.237005 3.237005 0.000075         
8912896  512  1  0.5     .0841146667 .0000000024 .0000489897 .0000282842 4457509.000000 4457508.652220 0.347780 0.000008         
9175040  512  1  0.5     .0863073333 .0000000081 .0000900000 .0000519615 4588651.000000 4588640.763444 10.236556 0.000223         
9437184  512  1  0.5     .0885150000 .0000000034 .0000583095 .0000336650 4720052.000000 4720039.348282 12.651718 0.000268         
9699328  512  1  0.5     .0907696667 .0000000024 .0000489897 .0000282842 4851255.000000 4851260.338035 5.338035 0.000110         
9961472  512  1  0.5     .0929596666 0 0 0 4982417.000000 4982423.298871 6.298871 0.000126         
10223616  512  1  0.5     .0952096666 .0000000012 .0000346410 .0000199999 5113401.000000 5113393.128779 7.871221 0.000154         
10485760  512  1  0.5     .0974473333 .0000000168 .0001296148 .0000748331 5244313.000000 5244305.323534 7.676466 0.000146         
10747904  512  1  0.5     .1006740000 .0000008072 .0008984430 .0005187163 5375433.000000 5375440.059271 7.059271 0.000131         
11010048  512  1  0.5     .1033773333 .0000000012 .0000346410 .0000199999 5506547.500000 5506556.178900 8.678900 0.000158         
11272192  512  1  0.5     .1057540000 .0000000385 .0001962141 .0001132842 5637736.000000 5637731.887683 4.112317 0.000073         
11534336  512  1  0.5     .1075570000 .0000013601 .0011662332 .0006733250 5768878.000000 5768894.409111 16.409111 0.000284         
11796480  512  1  0.5     .1102483333 .0000000238 .0001542724 .0000890692 5899983.500000 5900000.753778 17.253778 0.000292         
12058624  512  1  0.5     .1112350000 .0000008996 .0009484724 .0005476007 6030852.500000 6030856.486713 3.986713 0.000066         
12320768  512  1  0.5     .1129436667 .0000000052 .0000721110 .0000416333 6161930.000000 6161928.232284 1.767716 0.000029         
12582912  512  1  0.5     .1150236667 .0000000089 .0000943398 .0000544671 6293133.000000 6293110.185050 22.814950 0.000363         
12845056  512  1  0.5     .1191443333 .0000000034 .0000583095 .0000336650 6424085.000000 6424060.449634 24.550366 0.000382         
13107200  512  1  0.5     .1216423334 .0000001129 .0003360059 .0001939930 6555263.000000 6555304.660545 41.660545 0.000636         
13369344  512  1  0.5     .1223680000 .0000012988 .0011396490 .0006579766 6686531.500000 6686563.121229 31.621229 0.000473         
13631488  512  1  0.5     .1238843334 .0000000103 .0001014889 .0000585946 6817773.500000 6817780.716869 7.216869 0.000106         
13893632  512  1  0.5     .1262070000 .0000000009 .0000300000 .0000173205 6948948.000000 6948936.248826 11.751174 0.000169         
14155776  512  1  0.5     .1290613334 .0000013366 .0011561141 .0006674827 7080206.000000 7080195.271903 10.728097 0.000152         
14417920  512  1  0.5     .1321616666 .0000008933 .0009451454 .0005456799 7211304.000000 7211313.112875 9.112875 0.000126         
14680064  512  1  0.5     .1328540000 .0000000234 .0001529705 .0000883175 7342448.000000 7342459.773022 11.773022 0.000160         
14942208  512  1  0.5     .1357976667 .0000014054 .0011854956 .0006844462 7473713.500000 7473707.560567 5.939433 0.000079         
15204352  512  1  0.5     .1372240000 .0000000265 .0001627882 .0000939858 7604318.000000 7604323.149253 5.149253 0.000068         
15466496  512  1  0.5     .1403093333 .0000015182 .0012321525 .0007113835 7735551.000000 7735553.113890 2.113890 0.000027         
15728640  512  1  0.5     .1415683334 .0000000021 .0000458257 .0000264574 7866597.000000 7866590.333937 6.666063 0.000085         
15990784  512  1  0.5     .1439370000 .0000000004 .0000200000 .0000115470 7997574.500000 7997572.372222 2.127778 0.000027         
16252928  512  1  0.5     .1462100000 .0000000002 .0000141421 .0000081649 8128776.500000 8128759.419376 17.080624 0.000210         
16515072  512  1  0.5     .1491973334 .0000018236 .0013504073 .0007796580 8259863.500000 8259851.690899 11.809101 0.000143         
16777216  512  1  0.5     .1505980000 .0000000110 .0001048808 .0000605529 8390993.000000 8391002.788552 9.788552 0.000117         
17039360  512  1  0.5     .1528106667 .0000000121 .0001100000 .0000635085 8522230.000000 8522235.125122 5.125122 0.000060         
17301504  512  1  0.5     .1549780000 .0000000013 .0000360555 .0000208166 8653409.000000 8653389.402089 19.597911 0.000226         
17563648  512  1  0.5     .1579713333 .0000019503 .0013965314 .0008062877 8784397.000000 8784412.136968 15.136968 0.000172         
17825792  512  1  0.5     .1595590000 .0000001162 .0003408812 .0001968078 8915352.000000 8915389.710793 37.710793 0.000423         
18087936  512  1  0.5     .1615796667 .0000000063 .0000793725 .0000458257 9046311.000000 9046332.925472 21.925472 0.000242         
18350080  512  1  0.5     .1646356666 .0000022434 .0014977983 .0008647542 9177460.000000 9177467.800913 7.800913 0.000085         
18612224  512  1  0.5     .1670100000 .0000020004 .0014143549 .0008165781 9308269.000000 9308328.917768 59.917768 0.000644         
18874368  512  1  0.5     .1691483333 .0000027843 .0016686221 .0009633794 9439615.000000 9439620.557659 5.557659 0.000059         
19136512  512  1  0.5     .1705350000 .0000000096 .0000979795 .0000565684 9570835.000000 9570827.865685 7.134315 0.000075         
19398656  512  1  0.5     .1728006667 .0000001294 .0003597221 .0002076856 9701993.000000 9701971.495802 21.504198 0.000222         
19660800  512  1  0.5     .1757800000 .0000023577 .0015354803 .0008865099 9833110.000000 9833100.092560 9.907440 0.000101         
19922944  512  1  0.5     .1770603334 .0000000006 .0000244948 .0000141420 9964268.000000 9964247.453568 20.546432 0.000206         
20185088  512  1  0.5     .1801653334 .0000025918 .0016099068 .0009294801 10095326.000000 10095356.775558 30.775558 0.000305         
20447232  512  1  0.5     .1814683333 .0000000001 .0000100000 .0000057735 10226758.000000 10226773.916986 15.916986 0.000156         
20709376  512  1  0.5     .1836896667 .0000000083 .0000911043 .0000525990 10357829.000000 10357844.330021 15.330021 0.000148         
20971520  512  1  0.5     .1859643334 .0000000050 .0000707106 .0000408247 10489100.000000 10489149.634951 49.634951 0.000473         
21233664  512  1  0.5     .1880553334 .0000000101 .0001004987 .0000580229 10620082.000000 10620114.902902 32.902902 0.000310         
21495808  512  1  0.5     .1903173333 .0000000147 .0001212435 .0000699999 10750872.000000 10750912.127341 40.127341 0.000373         
21757952  512  1  0.5     .1925893334 .0000000241 .0001552417 .0000896288 10881794.000000 10881797.013319 3.013319 0.000028         
22020096  512  1  0.5     .1946810000 .0000000002 .0000141421 .0000081649 11012861.000000 11012883.343030 22.343030 0.000203         
22282240  512  1  0.5     .1969273334 .0000000097 .0000984885 .0000568623 11143884.000000 11143965.924556 81.924556 0.000735         
22544384  512  1  0.5     .1992246666 .0000000011 .0000331662 .0000191485 11274996.000000 11274968.962637 27.037363 0.000240         
22806528  512  1  0.5     .2014123334 .0000000071 .0000842614 .0000486483 11406104.000000 11406155.346762 51.346762 0.000450         
23068672  512  1  0.5     .2038376666 .0000001596 .0003994996 .0002306512 11537242.000000 11537202.307074 39.692926 0.000344         
23330816  512  1  0.5     .2058503334 .0000000368 .0001918332 .0001107549 11668160.000000 11668201.176011 41.176011 0.000353         
23592960  512  1  0.5     .2080686666 .0000000216 .0001469693 .0000848527 11799252.000000 11799293.484149 41.484149 0.000352         
23855104  512  1  0.5     .2102250000 .0000000092 .0000959166 .0000553774 11930239.000000 11930258.610061 19.610061 0.000164         
24117248  512  1  0.5     .2124713333 .0000000118 .0001086278 .0000627162 12061065.000000 12061102.456608 37.456608 0.000311         
24379392  512  1  0.5     .2146853333 .0000000293 .0001711724 .0000988264 12192310.000000 12192318.150323 8.150323 0.000067         
24641536  512  1  0.5     .2168840000 .0000000118 .0001086278 .0000627162 12323423.000000 12323427.341025 4.341025 0.000035         
24903680  512  1  0.5     .2190126666 .0000000029 .0000538516 .0000310912 12454176.000000 12454218.895285 42.895285 0.000344         
25165824  512  1  0.5     .2216373334 .0000004113 .0006413267 .0003702701 12585366.000000 12585441.352596 75.352596 0.000599         
25427968  512  1  0.5     .2235083333 .0000000078 .0000883176 .0000509901 12716348.000000 12716422.250519 74.250519 0.000584         
25690112  512  1  0.5     .2268243334 .0000039166 .0019790401 .0011425993 12847702.000000 12847682.118135 19.881865 0.000155         
25952256  512  1  0.5     .2279643333 .0000000335 .0001830300 .0001056724 12978760.000000 12978740.353532 19.646468 0.000151         
26214400  512  1  0.5     .2300373334 .0000000016 .0000400000 .0000230940 13109858.000000 13109956.862881 98.862881 0.000754         
26476544  512  1  0.5     .2322570000 .0000000046 .0000678232 .0000391577 13240912.000000 13240924.144425 12.144425 0.000092         
26738688  512  1  0.5     .2344126667 .0000000091 .0000953939 .0000550756 13372178.000000 13372191.432306 13.432306 0.000100         
27000832  512  1  0.5     .2367983333 .0000000133 .0001153256 .0000665832 13503390.000000 13503348.167770 41.832230 0.000310         
27262976  512  1  0.5     .2391670000 .0000002499 .0004998999 .0002886173 13634748.000000 13634727.027385 20.972615 0.000154         
27525120  512  1  0.5     .2410570000 .0000000005 .0000223606 .0000129098 13765948.000000 13765934.237632 13.762368 0.000100         
27787264  512  1  0.5     .2432256667 .0000000003 .0000173205 .0000099999 13897160.000000 13897127.694457 32.305543 0.000232         
28049408  512  1  0.5     .2456596666 .0000000508 .0002253885 .0001301281 14028268.000000 14028317.598272 49.598272 0.000354         
28311552  512  1  0.5     .2478406666 .0000000004 .0000200000 .0000115470 14159657.000000 14159688.049817 31.049817 0.000219         
28573696  512  1  0.5     .2499580000 .0000000216 .0001469693 .0000848527 14290507.000000 14290516.644096 9.644096 0.000067         
28835840  512  1  0.5     .2522230000 .0000000694 .0002634387 .0001520964 14421507.000000 14421544.059451 37.059451 0.000257         
29097984  512  1  0.5     .2543516666 .0000000073 .0000854400 .0000493288 14552488.000000 14552485.364726 2.635274 0.000018         
29360128  512  1  0.5     .2566393333 .0000000087 .0000932737 .0000538515 14683604.000000 14683603.649292 0.350708 0.000002         
29622272  512  1  0.5     .2587876667 .0000000401 .0002002498 .0001156142 14814698.000000 14814781.358994 83.358994 0.000563         
29884416  512  1  0.5     .2610496667 .0000000319 .0001786057 .0001031180 14945650.000000 14945818.262407 168.262407 0.001126         
30146560  512  1  0.5     .2644896667 .0000052007 .0022805043 .0013166497 15076995.000000 15077023.241595 28.241595 0.000187         
30408704  512  1  0.5     .2653523333 .0000000075 .0000866025 .0000499999 15208146.000000 15208201.057636 55.057636 0.000362         
30670848  512  1  0.5     .2676043334 .0000000022 .0000469041 .0000270800 15339286.000000 15339305.875277 19.875277 0.000130         
30932992  512  1  0.5     .2698250000 .0000000167 .0001292284 .0000746100 15470260.000000 15470315.078975 55.078975 0.000356         
31195136  512  1  0.5     .2723216667 .0000000836 .0002891366 .0001669330 15601132.000000 15601182.180127 50.180127 0.000322         
31457280  512  1  0.5     .2742823333 .0000000066 .0000812403 .0000469041 15732162.000000 15732203.670905 41.670905 0.000265         
31719424  512  1  0.5     .2766530000 .0000000497 .0002229349 .0001287115 15863248.000000 15863266.128067 18.128067 0.000114         
31981568  512  1  0.5     .2786376666 .0000000299 .0001729161 .0000998331 15994298.000000 15994292.257334 5.742666 0.000036         
32243712  512  1  0.5     .2809146666 .0000000502 .0002240535 .0001293573 16125288.000000 16125302.374273 14.374273 0.000089         
32505856  512  1  0.5     .2829816666 .0000000058 .0000761577 .0000439696 16256235.000000 16256213.292175 21.707825 0.000134         
32768000  512  1  0.5     .2854530000 .0000000211 .0001452583 .0000838649 16387384.000000 16387388.878030 4.878030 0.000030         
33030144  512  1  0.5     .2874386667 .0000000092 .0000959166 .0000553774 16518497.000000 16518492.709807 4.290193 0.000026         
33292288  512  1  0.5     .2897133334 .0000000493 .0002220360 .0001281925 16649406.000000 16649456.307644 50.307644 0.000302         
33554432  512  1  0.5     .2919026667 .0000000016 .0000400000 .0000230940 16780362.000000 16780420.730242 58.730242 0.000350         
33816576  512  1  0.5     .2940706666 .0000000028 .0000529150 .0000305504 16911470.000000 16911483.082978 13.082978 0.000077         
34078720  512  1  0.5     .2963116666 .0000000017 .0000412310 .0000238047 17042596.000000 17042686.184338 90.184338 0.000529         
34340864  512  1  0.5     .2985006666 .0000000021 .0000458257 .0000264574 17173848.000000 17173817.211734 30.788266 0.000179         
34603008  512  1  0.5     .3007400000 .0000000143 .0001195826 .0000690410 17304734.000000 17304751.466334 17.466334 0.000101         
34865152  512  1  0.5     .3029193334 .0000000079 .0000888819 .0000513159 17435712.000000 17435735.666941 23.666941 0.000136         
35127296  512  1  0.5     .3050996667 .0000000189 .0001374772 .0000793724 17566846.000000 17566823.369062 22.630938 0.000129         
35389440  512  1  0.5     .3073766666 .0000000028 .0000529150 .0000305504 17698048.000000 17698043.158802 4.841198 0.000027         
35651584  512  1  0.5     .3095736667 .0000000052 .0000721110 .0000416333 17829088.000000 17829058.024139 29.975861 0.000168         
35913728  512  1  0.5     .3117956667 .0000000127 .0001126942 .0000650640 17960450.000000 17960333.681411 116.318589 0.000648         
36175872  512  1  0.5     .3141360000 .0000000603 .0002455605 .0001417744 18091288.000000 18091254.777764 33.222236 0.000184         
36438016  512  1  0.5     .3161170000 .0000000049 .0000700000 .0000404145 18222402.000000 18222328.514318 73.485682 0.000403         
36700160  512  1  0.5     .3182710000 .0000000025 .0000500000 .0000288675 18353436.000000 18353415.273999 20.726001 0.000113         
36962304  512  1  0.5     .3206380000 .0000000292 .0001708800 .0000986576 18484412.000000 18484443.368167 31.368167 0.000170         
37224448  512  1  0.5     .3227846667 0 0 0 18615330.000000 18615444.260279 114.260279 0.000614         
37486592  512  1  0.5     .3250240000 .0000000216 .0001469693 .0000848527 18746640.000000 18746572.554609 67.445391 0.000360         
37748736  512  1  0.5     .3271523333 .0000000245 .0001565247 .0000903695 18877824.000000 18877751.514373 72.485627 0.000384         
38010880  512  1  0.5     .3293910000 .0000000235 .0001532970 .0000885060 19008880.000000 19008872.118618 7.881382 0.000041         
38273024  512  1  0.5     .3316196666 .0000000080 .0000894427 .0000516397 19140086.000000 19140052.095440 33.904560 0.000177         
38535168  512  1  0.5     .3338526667 .0000000027 .0000519615 .0000299999 19271180.000000 19271100.661077 79.338923 0.000412         
38797312  512  1  0.5     .3359576666 .0000000160 .0001264911 .0000730296 19402076.000000 19402142.357907 66.357907 0.000342         
39059456  512  1  0.5     .3382533333 .0000000043 .0000655743 .0000378593 19533186.000000 19533167.999185 18.000815 0.000092         
39321600  512  1  0.5     .3404816666 .0000000166 .0001288409 .0000743863 19664176.000000 19664133.796539 42.203461 0.000215         
39583744  512  1  0.5     .3426250000 .0000000006 .0000244948 .0000141420 19795280.000000 19795290.016308 10.016308 0.000051         
39845888  512  1  0.5     .3448073334 .0000000023 .0000479583 .0000276887 19926246.000000 19926283.319879 37.319879 0.000187         
40108032  512  1  0.5     .3471640000 .0000000524 .0002289104 .0001321614 20057204.000000 20057253.431849 49.431849 0.000246         
40370176  512  1  0.5     .3493656667 .0000000051 .0000714142 .0000412310 20188300.000000 20188375.738796 75.738796 0.000375         
40632320  512  1  0.5     .3516273334 .0000000054 .0000734846 .0000424263 20319472.000000 20319555.985162 83.985162 0.000413         
40894464  512  1  0.5     .3536106667 .0000000046 .0000678232 .0000391577 20450458.000000 20450480.093693 22.093693 0.000108         
41156608  512  1  0.5     .3560276666 .0000000122 .0001104536 .0000637704 20581594.000000 20581649.798376 55.798376 0.000271         
41418752  512  1  0.5     .3581920000 .0000000057 .0000754983 .0000435889 20712718.000000 20712630.509960 87.490040 0.000422         
41680896  512  1  0.5     .3603233333 .0000000027 .0000519615 .0000299999 20843608.000000 20843586.638639 21.361361 0.000102         
41943040  512  1  0.5     .3627670000 .0000002976 .0005455272 .0003149602 20974390.000000 20974435.550480 45.550480 0.000217         
42205184  512  1  0.5     .3647243333 .0000000014 .0000374165 .0000216024 21105384.000000 21105512.841431 128.841431 0.000610         
42467328  512  1  0.5     .3669390000 .0000000154 .0001240967 .0000716472 21236632.000000 21236686.704331 54.704331 0.000258         
42729472  512  1  0.5     .3691600000 .0000000030 .0000547722 .0000316227 21367706.000000 21367810.599773 104.599773 0.000490         
42991616  512  1  0.5     .3711830000 .0000000128 .0001131370 .0000653196 21498714.000000 21498755.712957 41.712957 0.000194         
43253760  512  1  0.5     .3735456666 .0000000001 .0000100000 .0000057735 21629540.000000 21629634.448317 94.448317 0.000437         
43515904  512  1  0.5     .3760540000 .0000000961 .0003100000 .0001789785 21760588.000000 21760727.852537 139.852537 0.000643         
43778048  512  1  0.5     .3780830000 .0000000094 .0000969535 .0000559761 21891584.000000 21891744.429110 160.429110 0.000733         
44040192  512  1  0.5     .3800716667 .0000000026 .0000509901 .0000294391 22022922.000000 22022940.838761 18.838761 0.000086         
44302336  512  1  0.5     .3825593334 .0000000823 .0002868797 .0001656300 22154028.000000 22154051.289805 23.289805 0.000105         
44564480  512  1  0.5     .3849753333 .0000000742 .0002723967 .0001572683 22285064.000000 22285173.935062 109.935062 0.000493         
44826624  512  1  0.5     .3867776667 .0000000309 .0001757839 .0001014888 22416176.000000 22416255.140924 79.140924 0.000353         
45088768  512  1  0.5     .3890480000 .0000000127 .0001126942 .0000650640 22547318.000000 22547407.273871 89.273871 0.000396         
45350912  512  1  0.5     .3911300000 .0000000022 .0000469041 .0000270800 22678446.000000 22678480.465642 34.465642 0.000152         
45613056  512  1  0.5     .3933370000 .0000000008 .0000282842 .0000163298 22809484.000000 22809514.752163 30.752163 0.000135         
45875200  512  1  0.5     .3956490000 .0000000141 .0001187434 .0000685565 22940572.000000 22940610.802193 38.802193 0.000169         
46137344  512  1  0.5     .3977593333 0 0 0 23071462.000000 23071543.101511 81.101511 0.000352         
46399488  512  1  0.5     .4000573333 .0000000186 .0001363818 .0000787400 23202582.000000 23202568.373131 13.626869 0.000059         
46661632  512  1  0.5     .4022493334 .0000000010 .0000316227 .0000182573 23333414.000000 23333538.595203 124.595203 0.000534         
46923776  512  1  0.5     .4044990000 .0000000154 .0001240967 .0000716472 23464472.000000 23464517.837944 45.837944 0.000195         
47185920  512  1  0.5     .4069426667 .0000000413 .0002032240 .0001173314 23595704.000000 23595807.651290 103.651290 0.000439         
47448064  512  1  0.5     .4088633334 .0000000032 .0000565685 .0000326598 23726888.000000 23726942.102109 54.102109 0.000228         
47710208  512  1  0.5     .4109720000 .0000000029 .0000538516 .0000310912 23858012.000000 23857953.240622 58.759378 0.000246         
47972352  512  1  0.5     .4133100000 .0000000012 .0000346410 .0000199999 23988802.000000 23988868.874940 66.874940 0.000279         
48234496  512  1  0.5     .4155260000 .0000000376 .0001939071 .0001119523 24119710.000000 24119729.349311 19.349311 0.000080         
48496640  512  1  0.5     .4177223334 .0000000170 .0001303840 .0000752772 24250536.000000 24250658.609181 122.609181 0.000506         
48758784  512  1  0.5     .4200350000 .0000000196 .0001400000 .0000808290 24381890.000000 24381815.511388 74.488612 0.000306         
49020928  512  1  0.5     .4220723334 .0000000069 .0000830662 .0000479582 24512836.000000 24512923.019068 87.019068 0.000355         
49283072  512  1  0.5     .4242850000 0 0 0 24644538.000000 24644551.115473 13.115473 0.000053         
49545216  512  1  0.5     .4266460000 .0000000050 .0000707106 .0000408247 24775672.000000 24775683.803748 11.803748 0.000048         
49807360  512  1  0.5     .4286986667 .0000000159 .0001260952 .0000728010 24906650.000000 24906738.880855 88.880855 0.000357         
50069504  512  1  0.5     .4309283334 .0000000447 .0002114237 .0001220655 25038028.000000 25038033.233241 5.233241 0.000021         
50331648  512  1  0.5     .4330723333 .0000000070 .0000836660 .0000483045 25168986.000000 25169079.440325 93.440325 0.000371         
50593792  512  1  0.5     .4352993333 .0000000019 .0000435889 .0000251660 25300154.000000 25300207.841714 53.841714 0.000213         
50855936  512  1  0.5     .4374580000 .0000000296 .0001720465 .0000993310 25431298.000000 25431238.370753 59.629247 0.000234         
51118080  512  1  0.5     .4399470000 .0000001127 .0003357082 .0001938212 25562432.000000 25562406.197889 25.802111 0.000101         
51380224  512  1  0.5     .4420460000 .0000000429 .0002071231 .0001195825 25693314.000000 25693301.457813 12.542187 0.000049         
51642368  512  1  0.5     .4444093333 .0000000632 .0002513961 .0001451436 25824676.000000 25824566.934917 109.065083 0.000422         
51904512  512  1  0.5     .4465470000 .0000000070 .0000836660 .0000483045 25955620.000000 25955613.973743 6.026257 0.000023         
52166656  512  1  0.5     .4485790000 .0000000217 .0001473091 .0000850489 26086660.000000 26086656.732928 3.267072 0.000013         
52428800  512  1  0.5     .4508246666 .0000000223 .0001493318 .0000862167 26217440.000000 26217593.712841 153.712841 0.000586         
52690944  512  1  0.5     .4529956667 .0000000006 .0000244948 .0000141420 26348440.000000 26348514.246981 74.246981 0.000282         
52953088  512  1  0.5     .4551303334 .0000000020 .0000447213 .0000258198 26479566.000000 26479657.122608 91.122608 0.000344         
53215232  512  1  0.5     .4573206667 .0000000073 .0000854400 .0000493288 26610550.000000 26610498.606217 51.393783 0.000193         
53477376  512  1  0.5     .4596810000 .0000000026 .0000509901 .0000294391 26741672.000000 26741693.758919 21.758919 0.000081         
53739520  512  1  0.5     .4618143334 .0000000140 .0001183215 .0000683129 26872694.000000 26872691.783758 2.216242 0.000008         
54001664  512  1  0.5     .4639243334 .0000000012 .0000346410 .0000199999 27003588.000000 27003651.615816 63.615816 0.000236         
54263808  512  1  0.5     .4665016667 .0000001045 .0003232645 .0001866368 27134760.000000 27134833.316581 73.316581 0.000270         
54525952  512  1  0.5     .4685740000 .0000000035 .0000591607 .0000341564 27265748.000000 27265860.680417 112.680417 0.000413         
54788096  512  1  0.5     .4706496666 .0000000086 .0000927361 .0000535412 27396982.000000 27396915.815049 66.184951 0.000242         
55050240  512  1  0.5     .4731036667 .0000000859 .0002930870 .0001692138 27528178.000000 27528144.704314 33.295686 0.000121         
55312384  512  1  0.5     .4751383334 .0000000001 .0000100000 .0000057735 27659644.000000 27659643.168569 0.831431 0.000003         
55574528  512  1  0.5     .4772506667 .0000000105 .0001024695 .0000591607 27790828.000000 27790750.489135 77.510865 0.000279         
55836672  512  1  0.5     .4795410000 .0000000019 .0000435889 .0000251660 27921388.000000 27921404.091874 16.091874 0.000058         
56098816  512  1  0.5     .4816896667 .0000000071 .0000842614 .0000486483 28052606.000000 28052546.508964 59.491036 0.000212         
56360960  512  1  0.5     .4839036667 .0000000189 .0001374772 .0000793724 28183764.000000 28183786.548146 22.548146 0.000080         
56623104  512  1  0.5     .4863370000 .0000001084 .0003292415 .0001900876 28314756.000000 28314810.473419 54.473419 0.000192         
56885248  512  1  0.5     .4882950000 .0000000044 .0000663324 .0000382970 28445604.000000 28445720.030255 116.030255 0.000408         
57147392  512  1  0.5     .4908036666 .0000000258 .0001606237 .0000927361 28576718.000000 28576804.832187 86.832187 0.000304         
57409536  512  1  0.5     .4927246667 .0000000020 .0000447213 .0000258198 28707884.000000 28707809.192004 74.807996 0.000261         
57671680  512  1  0.5     .4949973334 .0000000167 .0001292284 .0000746100 28838946.000000 28838924.890984 21.109016 0.000073         
57933824  512  1  0.5     .4971640000 .0000000035 .0000591607 .0000341564 28969964.000000 28970040.619681 76.619681 0.000264         
58195968  512  1  0.5     .4993560000 .0000000078 .0000883176 .0000509901 29101230.000000 29101234.780832 4.780832 0.000016         
58458112  512  1  0.5     .5015010000 .0000000054 .0000734846 .0000424263 29232350.000000 29232172.961216 177.038784 0.000606         
58720256  512  1  0.5     .5037240000 .0000000071 .0000842614 .0000486483 29363414.000000 29363414.035267 0.035267 0.000000         
58982400  512  1  0.5     .5061076666 .0000000623 .0002495996 .0001441063 29494098.000000 29494120.869898 22.869898 0.000078         
59244544  512  1  0.5     .5081523334 .0000000096 .0000979795 .0000565684 29625324.000000 29625343.516325 19.516325 0.000066         
59506688  512  1  0.5     .5104463334 .0000000523 .0002286919 .0001320353 29756460.000000 29756304.111315 155.888685 0.000524         
59768832  512  1  0.5     .5125163333 .0000000370 .0001923538 .0001110555 29887464.000000 29887298.165213 165.834787 0.000555         
60030976  512  1  0.5     .5148146667 .0000000144 .0001200000 .0000692820 30018330.000000 30018338.489634 8.489634 0.000028         
60293120  512  1  0.5     .5171116667 .0000000153 .0001236931 .0000714142 30149388.000000 30149421.051260 33.051260 0.000110         
60555264  512  1  0.5     .5195203333 .0000001274 .0003569313 .0002060743 30280524.000000 30280533.820704 9.820704 0.000032         
60817408  512  1  0.5     .5215086667 .0000000135 .0001161895 .0000670820 30411616.000000 30411621.645035 5.645035 0.000019         
61079552  512  1  0.5     .5236513334 .0000000004 .0000200000 .0000115470 30543050.000000 30542904.599176 145.400824 0.000476         
61341696  512  1  0.5     .5258066666 .0000000062 .0000787400 .0000454605 30674026.000000 30674130.771360 104.771360 0.000342         
61603840  512  1  0.5     .5280946666 .0000000002 .0000141421 .0000081649 30805364.000000 30805350.088706 13.911294 0.000045         
61865984  512  1  0.5     .5302083334 .0000000113 .0001063014 .0000613731 30936622.000000 30936473.825099 148.174901 0.000479         
62128128  512  1  0.5     .5325930000 .0000000126 .0001122497 .0000648073 31067482.000000 31067522.706566 40.706566 0.000131         
62390272  512  1  0.5     .5346790000 .0000000043 .0000655743 .0000378593 31198816.000000 31198875.494004 59.494004 0.000191         
62652416  512  1  0.5     .5369026667 .0000000011 .0000331662 .0000191485 31329826.000000 31329969.810243 143.810243 0.000459         
62914560  512  1  0.5     .5389636667 .0000000065 .0000806225 .0000465474 31460960.000000 31461100.786540 140.786540 0.000447         
63176704  512  1  0.5     .5413136667 .0000000005 .0000223606 .0000129098 31592322.000000 31592392.698684 70.698684 0.000224         
63438848  512  1  0.5     .5435100000 .0000000001 .0000100000 .0000057735 31723688.000000 31723719.501487 31.501487 0.000099         
63700992  512  1  0.5     .5458196667 .0000000133 .0001153256 .0000665832 31854628.000000 31854701.767878 73.767878 0.000232         
63963136  512  1  0.5     .5479426666 .0000000255 .0001596871 .0000921953 31985490.000000 31985628.370524 138.370524 0.000433         
64225280  512  1  0.5     .5500523334 .0000000103 .0001014889 .0000585946 32116772.000000 32116818.084213 46.084213 0.000143         
64487424  512  1  0.5     .5523540000 .0000000006 .0000244948 .0000141420 32247980.000000 32248052.585656 72.585656 0.000225         
64749568  512  1  0.5     .5547103333 .0000000588 .0002424871 .0001399999 32379058.000000 32378988.751801 69.248199 0.000214         
65011712  512  1  0.5     .5566656666 .0000000008 .0000282842 .0000163298 32509964.000000 32510023.201321 59.201321 0.000182         
65273856  512  1  0.5     .5589403333 .0000000001 .0000100000 .0000057735 32641064.000000 32641062.551352 1.448648 0.000004         
65536000  512  1  0.5     .5613353334 .0000000865 .0002941088 .0001698037 32771822.000000 32771912.814247 90.814247 0.000277         
65798144  512  1  0.5     .5635076666 .0000000408 .0002019900 .0001166189 32902794.000000 32902836.611068 42.611068 0.000130         
66060288  512  1  0.5     .5655540000 .0000000021 .0000458257 .0000264574 33033980.000000 33033834.242634 145.757366 0.000441         
66322432  512  1  0.5     .5678753333 .0000000003 .0000173205 .0000099999 33164708.000000 33164849.572813 141.572813 0.000427         
66584576  512  1  0.5     .5700390000 .0000000107 .0001034408 .0000597215 33295634.000000 33295702.802860 68.802860 0.000207         
66846720  512  1  0.5     .5722583334 .0000000005 .0000223606 .0000129098 33426788.000000 33426839.580154 51.580154 0.000154         
67108864  512  1  0.5     .5743116666 .0000000084 .0000916515 .0000529150 33557796.000000 33557831.136790 35.136790 0.000105         
67371008  512  1  0.5     .5767196666 .0000000099 .0000994987 .0000574456 33688920.000000 33688824.466880 95.533120 0.000284         
67633152  512  1  0.5     .5788576667 .0000000201 .0001417744 .0000818534 33819720.000000 33819727.695805 7.695805 0.000023         
67895296  512  1  0.5     .5810506666 .0000000020 .0000447213 .0000258198 33950716.000000 33950584.265917 131.734083 0.000388         
68157440  512  1  0.5     .5832666667 .0000000111 .0001053565 .0000608276 34081516.000000 34081500.694456 15.305544 0.000045         
68419584  512  1  0.5     .5855736666 .0000000049 .0000700000 .0000404145 34212624.000000 34212569.639244 54.360756 0.000159         
68681728  512  1  0.5     .5876426666 .0000000014 .0000374165 .0000216024 34343876.000000 34343841.012854 34.987146 0.000102         
68943872  512  1  0.5     .5900316666 .0000000025 .0000500000 .0000288675 34475024.000000 34474979.110094 44.889906 0.000130         
69206016  512  1  0.5     .5921026667 .0000000332 .0001822086 .0001051981 34606160.000000 34606046.969590 113.030410 0.000327         
69468160  512  1  0.5     .5942700000 .0000000115 .0001072380 .0000619138 34737028.000000 34737098.427752 70.427752 0.000203         
69730304  512  1  0.5     .5965130000 .0000000213 .0001459451 .0000842614 34868100.000000 34868045.534473 54.465527 0.000156         
69992448  512  1  0.5     .5986373333 .0000000037 .0000608276 .0000351188 34998964.000000 34999024.038951 60.038951 0.000172         
70254592  512  1  0.5     .6009066667 .0000000024 .0000489897 .0000282842 35130496.000000 35130372.664308 123.335692 0.000351         
70516736  512  1  0.5     .6032563333 .0000000099 .0000994987 .0000574456 35261360.000000 35261394.394316 34.394316 0.000098         
70778880  512  1  0.5     .6053013334 .0000000019 .0000435889 .0000251660 35392260.000000 35392307.228772 47.228772 0.000133         
71041024  512  1  0.5     .6075073333 .0000000372 .0001928730 .0001113552 35523384.000000 35523411.343006 27.343006 0.000077         
71303168  512  1  0.5     .6096923333 .0000000474 .0002177154 .0001256980 35654488.000000 35654407.281438 80.718562 0.000226         
71565312  512  1  0.5     .6119540000 .0000000148 .0001216552 .0000702376 35785420.000000 35785317.364018 102.635982 0.000287         
71827456  512  1  0.5     .6141520000 .0000000050 .0000707106 .0000408247 35916620.000000 35916600.905856 19.094144 0.000053         
72089600  512  1  0.5     .6164883333 .0000000113 .0001063014 .0000613731 36047524.000000 36047639.912437 115.912437 0.000322         
72351744  512  1  0.5     .6185666667 .0000000123 .0001109053 .0000640312 36178852.000000 36178763.466102 88.533898 0.000245         
72613888  512  1  0.5     .6208590000 .0000000396 .0001989974 .0001148912 36309784.000000 36309805.406286 21.406286 0.000059         
72876032  512  1  0.5     .6230216667 .0000000070 .0000836660 .0000483045 36440676.000000 36440746.888968 70.888968 0.000195         
73138176  512  1  0.5     .6252660000 .0000000147 .0001212435 .0000699999 36571996.000000 36571946.230389 49.769611 0.000136         
73400320  512  1  0.5     .6273353334 .0000000218 .0001476482 .0000852447 36703148.000000 36703053.491301 94.508699 0.000257         
73662464  512  1  0.5     .6294756667 .0000000063 .0000793725 .0000458257 36834156.000000 36834287.346595 131.346595 0.000357         
73924608  512  1  0.5     .6318700000 .0000000138 .0001174734 .0000678232 36965504.000000 36965411.232771 92.767229 0.000251         
74186752  512  1  0.5     .6340863334 .0000000167 .0001292284 .0000746100 37096252.000000 37096332.405888 80.405888 0.000217         
74448896  512  1  0.5     .6361540000 .0000000023 .0000479583 .0000276887 37227600.000000 37227475.468742 124.531258 0.000335         
74711040  512  1  0.5     .6385110000 .0000000068 .0000824621 .0000476095 37358192.000000 37358207.968171 15.968171 0.000043         
74973184  512  1  0.5     .6407443334 .0000000065 .0000806225 .0000465474 37489308.000000 37489212.385343 95.614657 0.000255         
75235328  512  1  0.5     .6428810000 .0000000132 .0001148912 .0000663324 37620064.000000 37620146.420269 82.420269 0.000219         
75497472  512  1  0.5     .6450453334 .0000000014 .0000374165 .0000216024 37751480.000000 37751246.666171 233.333829 0.000618         
75759616  512  1  0.5     .6472176666 .0000000153 .0001236931 .0000714142 37881992.000000 37882167.410239 175.410239 0.000463         
76021760  512  1  0.5     .6495296667 .0000000129 .0001135781 .0000655743 38013380.000000 38013380.219182 0.219182 0.000001         
76283904  512  1  0.5     .6516120000 .0000000009 .0000300000 .0000173205 38144324.000000 38144335.214411 11.214411 0.000029         
76546048  512  1  0.5     .6540260000 .0000000864 .0002939387 .0001697055 38275360.000000 38275463.364627 103.364627 0.000270         
76808192  512  1  0.5     .6560983334 .0000000033 .0000574456 .0000331662 38406484.000000 38406370.660374 113.339626 0.000295         
77070336  512  1  0.5     .6582890000 .0000000082 .0000905538 .0000522812 38537672.000000 38537601.624223 70.375777 0.000183         
77332480  512  1  0.5     .6605336667 .0000000146 .0001208304 .0000697614 38668616.000000 38668603.366580 12.633420 0.000033         
77594624  512  1  0.5     .6626346667 .0000000007 .0000264575 .0000152752 38799680.000000 38799648.847829 31.152171 0.000080         
77856768  512  1  0.5     .6650253334 .0000000145 .0001204159 .0000695221 38931044.000000 38931008.905776 35.094224 0.000090         
78118912  512  1  0.5     .6671693333 .0000000033 .0000574456 .0000331662 39062068.000000 39062179.677539 111.677539 0.000286         
78381056  512  1  0.5     .6693353334 .0000000237 .0001539480 .0000888819 39193192.000000 39193170.099995 21.900005 0.000056         
78643200  512  1  0.5     .6715630000 .0000000288 .0001697056 .0000979795 39324124.000000 39324008.390316 115.609684 0.000294         
78905344  512  1  0.5     .6737463334 .0000000370 .0001923538 .0001110555 39455076.000000 39455200.936716 124.936716 0.000317         
79167488  512  1  0.5     .6759280000 .0000000095 .0000974679 .0000562731 39586224.000000 39586362.931995 138.931995 0.000351         
79429632  512  1  0.5     .6781306666 .0000000022 .0000469041 .0000270800 39717360.000000 39717291.343991 68.656009 0.000173         
79691776  512  1  0.5     .6803690000 .0000000111 .0001053565 .0000608276 39848340.000000 39848167.539959 172.460041 0.000433         
79953920  512  1  0.5     .6824936666 .0000000027 .0000519615 .0000299999 39979068.000000 39979177.087161 109.087161 0.000273         
80216064  512  1  0.5     .6848823334 .0000000533 .0002308679 .0001332916 40110168.000000 40110295.266012 127.266012 0.000317         
80478208  512  1  0.5     .6869570000 .0000000010 .0000316227 .0000182573 40241080.000000 40241022.834269 57.165731 0.000142         
80740352  512  1  0.5     .6891953334 .0000000073 .0000854400 .0000493288 40372452.000000 40372389.347550 62.652450 0.000155         
81002496  512  1  0.5     .6913806667 .0000000035 .0000591607 .0000341564 40503508.000000 40503436.963166 71.036834 0.000175         
81264640  512  1  0.5     .6936116666 .0000000014 .0000374165 .0000216024 40634548.000000 40634383.296333 164.703667 0.000405         
81526784  512  1  0.5     .6958100000 .0000000179 .0001337908 .0000772441 40765528.000000 40765548.187269 20.187269 0.000050         
81788928  512  1  0.5     .6980510000 .0000000153 .0001236931 .0000714142 40896808.000000 40896640.685990 167.314010 0.000409         
82051072  512  1  0.5     .7001060000 .0000000110 .0001048808 .0000605529 41027924.000000 41027683.001106 240.998894 0.000587         
82313216  512  1  0.5     .7025280000 .0000000226 .0001503329 .0000867947 41158976.000000 41158997.740451 21.740451 0.000053         
82575360  512  1  0.5     .7046666667 .0000000123 .0001109053 .0000640312 41289924.000000 41289818.797623 105.202377 0.000255         
82837504  512  1  0.5     .7066446667 .0000000174 .0001319090 .0000761576 41420960.000000 41420819.700373 140.299627 0.000339         
83099648  512  1  0.5     .7089860000 .0000000195 .0001396424 .0000806225 41552060.000000 41551833.277388 226.722612 0.000546         
83361792  512  1  0.5     .7111713334 .0000000092 .0000959166 .0000553774 41683348.000000 41683085.614432 262.385568 0.000629         
83623936  512  1  0.5     .7133646666 .0000000158 .0001256980 .0000725717 41814192.000000 41814038.585126 153.414874 0.000367         
83886080  512  1  0.5     .7156930000 .0000000479 .0002188606 .0001263592 41945440.000000 41945182.428313 257.571687 0.000614         
84148224  512  1  0.5     .7179963334 .0000000044 .0000663324 .0000382970 42076444.000000 42076201.311882 242.688118 0.000577         
84410368  512  1  0.5     .7200160000 .0000000040 .0000632455 .0000365148 42207300.000000 42207253.029646 46.970354 0.000111         
84672512  512  1  0.5     .7221763333 .0000000004 .0000200000 .0000115470 42338588.000000 42338583.642539 4.357461 0.000010         
84934656  512  1  0.5     .7244286666 .0000000009 .0000300000 .0000173205 42469860.000000 42469654.109097 205.890903 0.000485         
85196800  512  1  0.5     .7266860000 .0000000005 .0000223606 .0000129098 42600736.000000 42600356.002807 379.997193 0.000892         
85458944  512  1  0.5     .7288433333 .0000000072 .0000848528 .0000489897 42731844.000000 42731553.648075 290.351925 0.000679         
85721088  512  1  0.5     .7311833334 .0000000740 .0002720294 .0001570562 42862792.000000 42862551.735829 240.264171 0.000561         
85983232  512  1  0.5     .7332076667 .0000000080 .0000894427 .0000516397 42993836.000000 42993701.304903 134.695097 0.000313         
86245376  512  1  0.5     .7355480000 .0000000204 .0001428285 .0000824620 43125116.000000 43124807.215455 308.784545 0.000716         
86507520  512  1  0.5     .7378990000 .0000000994 .0003152776 .0001820256 43256360.000000 43256081.227237 278.772763 0.000644         
86769664  512  1  0.5     .7397500000 .0000000207 .0001438749 .0000830662 43387420.000000 43387284.945742 135.054258 0.000311         
87031808  512  1  0.5     .7420300000 .0000000185 .0001360147 .0000785281 43518784.000000 43518504.840398 279.159602 0.000641         
87293952  512  1  0.5     .7443676667 .0000000088 .0000938083 .0000541602 43649672.000000 43649419.424667 252.575333 0.000579         
87556096  512  1  0.5     .7464730000 .0000000151 .0001228820 .0000709459 43780632.000000 43780570.934591 61.065409 0.000139         
87818240  512  1  0.5     .7485893334 .0000000125 .0001118033 .0000645496 43912180.000000 43911890.309934 289.690066 0.000660         
88080384  512  1  0.5     .7508043334 .0000000003 .0000173205 .0000099999 44043464.000000 44043032.404931 431.595069 0.000980         
88342528  512  1  0.5     .7531700000 .0000000350 .0001870828 .0001080123 44174312.000000 44174074.879581 237.120419 0.000537         
88604672  512  1  0.5     .7554093334 .0000000175 .0001322875 .0000763762 44305264.000000 44305039.000560 224.999440 0.000508         
88866816  512  1  0.5     .7575726666 .0000000096 .0000979795 .0000565684 44436532.000000 44436278.932622 253.067378 0.000570         
89128960  512  1  0.5     .7600110000 .0000002834 .0005323532 .0003073542 44567708.000000 44567172.225160 535.774840 0.001202         
89391104  512  1  0.5     .7620596666 .0000000021 .0000458257 .0000264574 44699008.000000 44698637.413806 370.586194 0.000829         
89653248  512  1  0.5     .7641376666 .0000000175 .0001322875 .0000763762 44829984.000000 44829629.256664 354.743336 0.000791         
89915392  512  1  0.5     .7664266667 .0000000020 .0000447213 .0000258198 44961000.000000 44960745.302486 254.697514 0.000566         
90177536  512  1  0.5     .7685686667 .0000000022 .0000469041 .0000270800 45092368.000000 45091996.941210 371.058790 0.000823         
90439680  512  1  0.5     .7708810000 .0000000162 .0001272792 .0000734846 45223244.000000 45222973.835456 270.164544 0.000597         
90701824  512  1  0.5     .7730910000 .0000000202 .0001421267 .0000820568 45354408.000000 45354188.445776 219.554224 0.000484         
90963968  512  1  0.5     .7752786666 .0000000093 .0000964365 .0000556776 45485468.000000 45485087.486438 380.513562 0.000837         
91226112  512  1  0.5     .7774966667 .0000000134 .0001157583 .0000668330 45616668.000000 45616314.454488 353.545512 0.000775         
91488256  512  1  0.5     .7797386666 .0000000017 .0000412310 .0000238047 45748192.000000 45747594.150087 597.849913 0.001307         
91750400  512  1  0.5     .7818980000 .0000000109 .0001044030 .0000602771 45879128.000000 45878838.965837 289.034163 0.000630         
92012544  512  1  0.5     .7840856666 .0000000073 .0000854400 .0000493288 46010300.000000 46010017.308354 282.691646 0.000614         
92274688  512  1  0.5     .7862986667 .0000000112 .0001058300 .0000611009 46141328.000000 46140966.706750 361.293250 0.000783         
92536832  512  1  0.5     .7885593334 .0000000047 .0000685565 .0000395811 46272456.000000 46272228.892109 227.107891 0.000491         
92798976  512  1  0.5     .7906673333 .0000000130 .0001140175 .0000658280 46403596.000000 46403338.431932 257.568068 0.000555         
93061120  512  1  0.5     .7930400000 .0000000179 .0001337908 .0000772441 46534916.000000 46534691.243170 224.756830 0.000483         
93323264  512  1  0.5     .7950543334 .0000000138 .0001174734 .0000678232 46666060.000000 46665645.803096 414.196904 0.000888         
93585408  512  1  0.5     .7973586666 .0000000189 .0001374772 .0000793724 46797176.000000 46796812.529823 363.470177 0.000777         
93847552  512  1  0.5     .7995896666 .0000000042 .0000648074 .0000374165 46928156.000000 46927947.691460 208.308540 0.000444         
94109696  512  1  0.5     .8016856667 .0000000113 .0001063014 .0000613731 47059556.000000 47059021.558447 534.441553 0.001136         
94371840  512  1  0.5     .8040486666 .0000000413 .0002032240 .0001173314 47190676.000000 47190155.515040 520.484960 0.001103         
94633984  512  1  0.5     .8061776666 .0000000023 .0000479583 .0000276887 47321796.000000 47321276.057893 519.942107 0.001099         
94896128  512  1  0.5     .8084140000 .0000000018 .0000424264 .0000244948 47452728.000000 47452122.676077 605.323923 0.001276         
95158272  512  1  0.5     .8105806667 .0000000043 .0000655743 .0000378593 47583540.000000 47583036.291832 503.708168 0.001059         
95420416  512  1  0.5     .8128343333 .0000000049 .0000700000 .0000404145 47714440.000000 47714159.162406 280.837594 0.000589         
95682560  512  1  0.5     .8150433334 .0000000474 .0002177154 .0001256980 47845524.000000 47844993.411065 530.588935 0.001109         
95944704  512  1  0.5     .8171733333 .0000000395 .0001987460 .0001147460 47976672.000000 47976079.005434 592.994566 0.001236         
96206848  512  1  0.5     .8193413334 .0000000095 .0000974679 .0000562731 48108032.000000 48107215.403489 816.596511 0.001697         
96468992  512  1  0.5     .8215180000 .0000000285 .0001688194 .0000974679 48238716.000000 48238108.989904 607.010096 0.001258         
96731136  512  1  0.5     .8238886667 .0000000291 .0001705872 .0000984885 48369852.000000 48369127.975540 724.024460 0.001497         
96993280  512  1  0.5     .8259580000 .0000000009 .0000300000 .0000173205 48500704.000000 48499993.593651 710.406349 0.001465         
97255424  512  1  0.5     .8283183333 .0000000290 .0001702938 .0000983191 48631348.000000 48630725.268280 622.731720 0.001281         
97517568  512  1  0.5     .8304736666 .0000000140 .0001183215 .0000683129 48762384.000000 48761778.704412 605.295588 0.001241         
97779712  512  1  0.5     .8326476667 .0000000009 .0000300000 .0000173205 48893144.000000 48892765.348903 378.651097 0.000774         
98041856  512  1  0.5     .8348476666 .0000000363 .0001905255 .0001099999 49024232.000000 49023596.000615 635.999385 0.001297         
98304000  512  1  0.5     .8370833334 .0000000599 .0002447447 .0001413034 49155136.000000 49154486.330888 649.669112 0.001322         
98566144  512  1  0.5     .8393473334 .0000000143 .0001195826 .0000690410 49286140.000000 49285336.276241 803.723759 0.001631         
98828288  512  1  0.5     .8414353334 .0000000053 .0000728010 .0000420316 49417012.000000 49416313.374885 698.625115 0.001414         
99090432  512  1  0.5     .8437936666 .0000000650 .0002549509 .0001471959 49548140.000000 49547517.091822 622.908178 0.001257         
99352576  512  1  0.5     .8459160000 .0000000147 .0001212435 .0000699999 49679264.000000 49678601.199767 662.800233 0.001334         
99614720  512  1  0.5     .8480960000 .0000000041 .0000640312 .0000369684 49810004.000000 49809480.606112 523.393888 0.001051         
99876864  512  1  0.5     .8504450000 .0000000472 .0002172556 .0001254325 49941412.000000 49940660.386682 751.613318 0.001505         
100139008  512  1  0.5     .8525940000 .0000000048 .0000692820 .0000399999 50072428.000000 50071761.860992 666.139008 0.001330         
100401152  512  1  0.5     .8548846667 .0000000218 .0001476482 .0000852447 50203552.000000 50202831.631633 720.368367 0.001435         
100663296  512  1  0.5     .8568860000 .0000000038 .0000616441 .0000355902 50334720.000000 50334081.532996 638.467004 0.001268         
100925440  512  1  0.5     .8591800000 .0000000352 .0001876166 .0001083204 50466276.000000 50465248.630429 1027.369571 0.002036         
101187584  512  1  0.5     .8613376667 .0000000036 .0000600000 .0000346410 50596584.000000 50596087.972890 496.027110 0.000980         
101449728  512  1  0.5     .8634623334 .0000000038 .0000616441 .0000355902 50727916.000000 50727182.235192 733.764808 0.001446         
101711872  512  1  0.5     .8657366666 .0000000023 .0000479583 .0000276887 50858924.000000 50858379.846353 544.153647 0.001070         
101974016  512  1  0.5     .8679853333 .0000000226 .0001503329 .0000867947 50989960.000000 50989521.112843 438.887157 0.000861         
102236160  512  1  0.5     .8703740000 .0000000029 .0000538516 .0000310912 51121304.000000 51120625.714108 678.285892 0.001327         
102498304  512  1  0.5     .8726036666 .0000000910 .0003016620 .0001741646 51252096.000000 51251408.542912 687.457088 0.001341         
102760448  512  1  0.5     .8745666667 .0000000342 .0001849324 .0001067707 51383200.000000 51382393.817043 806.182957 0.001569         
103022592  512  1  0.5     .8769356667 .0000000091 .0000953939 .0000550756 51514508.000000 51513789.413289 718.586711 0.001395         
103284736  512  1  0.5     .8790840000 .0000000066 .0000812403 .0000469041 51645572.000000 51644962.072240 609.927760 0.001181         
103546880  512  1  0.5     .8813073334 .0000000015 .0000387298 .0000223606 51776636.000000 51776138.832184 497.167816 0.000960         
103809024  512  1  0.5     .8835056667 .0000000013 .0000360555 .0000208166 51908092.000000 51907243.493467 848.506533 0.001635         
104071168  512  1  0.5     .8855706666 .0000000314 .0001772004 .0001023066 52038920.000000 52038346.254905 573.745095 0.001103         
104333312  512  1  0.5     .8882400000 .0000003237 .0005689463 .0003284812 52170028.000000 52169325.894166 702.105834 0.001346         
104595456  512  1  0.5     .8900610000 .0000000160 .0001264911 .0000730296 52300872.000000 52300247.883304 624.116696 0.001193         
104857600  512  1  0.5     .8923020000 .0000000073 .0000854400 .0000493288 52432152.000000 52431338.622100 813.377900 0.001551         
 
