262144  1024  1  0     .0116853334 .0000044713 .0021145448 .0012208330 130952.250000 130949.661879 2.588121 0.001976         
524288  1024  1  0     .0147520000 .0000009126 .0009553009 .0005515432 261987.250000 261985.181763 2.068237 0.000789         
786432  1024  1  0     .0178106666 .0000003752 .0006125357 .0003536476 393056.500000 393053.868283 2.631717 0.000670         
1048576  1024  1  0     .0209900000 .0000000032 .0000565685 .0000326598 524358.000000 524353.016601 4.983399 0.000950         
1310720  1024  1  0     .0243500000 .0000000009 .0000300000 .0000173205 655365.500000 655361.754369 3.745631 0.000572         
1572864  1024  1  0     .0294163334 .0000052580 .0022930329 .0013238831 786588.000000 786585.295905 2.704095 0.000344         
1835008  1024  1  0     .0315100000 .0000000009 .0000300000 .0000173205 917825.250000 917821.942080 3.307920 0.000360         
2097152  1024  1  0     .0349033334 .0000000015 .0000387298 .0000223606 1049032.000000 1049028.925218 3.074782 0.000293         
2359296  1024  1  0     .0383316667 .0000000100 .0001000000 .0000577350 1180202.000000 1180200.076877 1.923123 0.000163         
2621440  1024  1  0     .0417936666 .0000000023 .0000479583 .0000276887 1311486.000000 1311482.766523 3.233477 0.000247         
2883584  1024  1  0     .0453663333 .0000000435 .0002085665 .0001204159 1442381.000000 1442374.452690 6.547310 0.000454         
3145728  1024  1  0     .0489273333 .0000000020 .0000447213 .0000258198 1573668.500000 1573664.041637 4.458363 0.000283         
3407872  1024  1  0     .0586513334 .0000000103 .0001014889 .0000585946 1704882.500000 1704877.400196 5.099804 0.000299         
3670016  1024  1  0     .0628326666 .0000000619 .0002487971 .0001436430 1835930.250000 1835924.850941 5.399059 0.000294         
3932160  1024  1  0     .0664476666 .0000000018 .0000424264 .0000244948 1967178.500000 1967169.486917 9.013083 0.000458         
4194304  1024  1  0     .0704863334 .0000000355 .0001884144 .0001087811 2098281.000000 2098273.198124 7.801876 0.000372         
4456448  1024  1  0     .0743480000 .0000000023 .0000479583 .0000276887 2229482.500000 2229476.852412 5.647588 0.000253         
4718592  1024  1  0     .0781980000 .0000000008 .0000282842 .0000163298 2360599.750000 2360592.170990 7.579010 0.000321         
4980736  1024  1  0     .0821010000 .0000000009 .0000300000 .0000173205 2492022.750000 2492018.561457 4.188543 0.000168         
5242880  1024  1  0     .0860410000 .0000000038 .0000616441 .0000355902 2623032.000000 2623029.793644 2.206356 0.000084         
5505024  1024  1  0     .0904830000 .0000002330 .0004827007 .0002786873 2754018.750000 2754017.737060 1.012940 0.000037         
5767168  1024  1  0     .0938513334 .0000000055 .0000741619 .0000428173 2885199.000000 2885198.148105 0.851895 0.000030         
6029312  1024  1  0     .0979226666 .0000000469 .0002165640 .0001250332 3016120.250000 3016119.898909 0.351091 0.000012         
6291456  1024  1  0     .1017830000 .0000000065 .0000806225 .0000465474 3147151.750000 3147151.453207 0.296793 0.000009         
6553600  1024  1  0     .1056310000 .0000000027 .0000519615 .0000299999 3278146.500000 3278146.183568 0.316432 0.000010         
6815744  1024  1  0     .1093043333 .0000001234 .0003512833 .0002028135 3408755.500000 3408750.937978 4.562022 0.000134         
7077888  1024  1  0     .1122663333 .0000002384 .0004882622 .0002818983 3539904.500000 3539900.881960 3.618040 0.000102         
7340032  1024  1  0     .1157000000 .0000000052 .0000721110 .0000416333 3671255.750000 3671249.901608 5.848392 0.000159         
7602176  1024  1  0     .1196390000 .0000000019 .0000435889 .0000251660 3802453.250000 3802446.549421 6.700579 0.000176         
7864320  1024  1  0     .1235243333 .0000000272 .0001649242 .0000952190 3933493.000000 3933483.450687 9.549313 0.000243         
8126464  1024  1  0     .1275806666 .0000000612 .0002473863 .0001428285 4064656.500000 4064646.468686 10.031314 0.000247         
8388608  1024  1  0     .1313493333 .0000000289 .0001700000 .0000981495 4195751.000000 4195743.789535 7.210465 0.000172         
8650752  1024  1  0     .1353760000 .0000001231 .0003508560 .0002025668 4326747.000000 4326738.237005 8.762995 0.000203         
8912896  1024  1  0     .1389806667 0 0 0 4457515.000000 4457508.652220 6.347780 0.000142         
9175040  1024  1  0     .1429793333 .0000001262 .0003552463 .0002051015 4588653.000000 4588640.763444 12.236556 0.000267         
9437184  1024  1  0     .1466246666 .0000000048 .0000692820 .0000399999 4720049.000000 4720039.348282 9.651718 0.000204         
9699328  1024  1  0     .1505523333 .0000000048 .0000692820 .0000399999 4851279.500000 4851260.338035 19.161965 0.000395         
9961472  1024  1  0     .1543883333 .0000000077 .0000877496 .0000506622 4982433.000000 4982423.298871 9.701129 0.000195         
10223616  1024  1  0     .1589840000 .0000015387 .0012404434 .0007161703 5113406.000000 5113393.128779 12.871221 0.000252         
10485760  1024  1  0     .1636283333 .0000018699 .0013674428 .0007894934 5244319.500000 5244305.323534 14.176466 0.000270         
10747904  1024  1  0     .1682850000 .0000000005 .0000223606 .0000129098 5375448.000000 5375440.059271 7.940729 0.000148         
11010048  1024  1  0     .1715843334 .0000022228 .0014909057 .0008607748 5506579.500000 5506556.178900 23.321100 0.000424         
11272192  1024  1  0     .1745753333 .0000019480 .0013957077 .0008058122 5637741.500000 5637731.887683 9.612317 0.000170         
11534336  1024  1  0     .1792600000 .0000018651 .0013656866 .0007884795 5768920.000000 5768894.409111 25.590889 0.000444         
11796480  1024  1  0     .1814123333 .0000000002 .0000141421 .0000081649 5900018.500000 5900000.753778 17.746222 0.000301         
12058624  1024  1  0     .1852946667 .0000000007 .0000264575 .0000152752 6030867.500000 6030856.486713 11.013287 0.000183         
12320768  1024  1  0     .1910766666 .0000026486 .0016274519 .0009396097 6161944.000000 6161928.232284 15.767716 0.000256         
12582912  1024  1  0     .1941096667 .0000019860 .0014092551 .0008136338 6293137.500000 6293110.185050 27.314950 0.000434         
12845056  1024  1  0     .1968543333 .0000000005 .0000223606 .0000129098 6424080.000000 6424060.449634 19.550366 0.000304         
13107200  1024  1  0     .2009386667 .0000000392 .0001979898 .0001143094 6555333.000000 6555304.660545 28.339455 0.000432         
13369344  1024  1  0     .2055730000 .0000025964 .0016113348 .0009303045 6686602.000000 6686563.121229 38.878771 0.000581         
13631488  1024  1  0     .2083913333 .0000000128 .0001131370 .0000653196 6817810.000000 6817780.716869 29.283131 0.000430         
13893632  1024  1  0     .2142623334 .0000031153 .0017650212 .0010190354 6948962.000000 6948936.248826 25.751174 0.000371         
14155776  1024  1  0     .2171846666 .0000029386 .0017142345 .0009897137 7080234.000000 7080195.271903 38.728097 0.000547         
14417920  1024  1  0     .2210710000 .0000031929 .0017868687 .0010316491 7211346.500000 7211313.112875 33.387125 0.000463         
14680064  1024  1  0     .2249396667 .0000033058 .0018181859 .0010497301 7342508.000000 7342459.773022 48.226978 0.000657         
14942208  1024  1  0     .2278403333 .0000000107 .0001034408 .0000597215 7473725.500000 7473707.560567 17.939433 0.000240         
15204352  1024  1  0     .2328053333 .0000039089 .0019770938 .0011414756 7604363.500000 7604323.149253 40.350747 0.000531         
15466496  1024  1  0     .2366206666 .0000038435 .0019604846 .0011318863 7735566.000000 7735553.113890 12.886110 0.000167         
15728640  1024  1  0     .2394536666 .0000000285 .0001688194 .0000974679 7866601.000000 7866590.333937 10.666063 0.000136         
15990784  1024  1  0     .2433730000 .0000000146 .0001208304 .0000697614 7997601.000000 7997572.372222 28.627778 0.000358         
16252928  1024  1  0     .2471086667 .0000000045 .0000670820 .0000387298 8128781.500000 8128759.419376 22.080624 0.000272         
16515072  1024  1  0     .2512366666 .0000000096 .0000979795 .0000565684 8259869.000000 8259851.690899 17.309101 0.000210         
16777216  1024  1  0     .2550996666 .0000000097 .0000984885 .0000568623 8391034.000000 8391002.788552 31.211448 0.000372         
17039360  1024  1  0     .2604960000 .0000050558 .0022485106 .0012981782 8522249.000000 8522235.125122 13.874878 0.000163         
17301504  1024  1  0     .2642233334 .0000062887 .0025077280 .0014478374 8653418.000000 8653389.402089 28.597911 0.000330         
17563648  1024  1  0     .2681573333 .0000060777 .0024652991 .0014233410 8784430.000000 8784412.136968 17.863032 0.000203         
17825792  1024  1  0     .2705413333 .0000000102 .0001009950 .0000583094 8915422.000000 8915389.710793 32.289207 0.000362         
18087936  1024  1  0     .2744030000 .0000000019 .0000435889 .0000251660 9046371.000000 9046332.925472 38.074528 0.000421         
18350080  1024  1  0     .2782400000 .0000000004 .0000200000 .0000115470 9177500.000000 9177467.800913 32.199087 0.000351         
18612224  1024  1  0     .2821943333 .0000000084 .0000916515 .0000529150 9308357.000000 9308328.917768 28.082232 0.000302         
18874368  1024  1  0     .2875083333 .0000071860 .0026806715 .0015476864 9439620.000000 9439620.557659 0.557659 0.000006         
19136512  1024  1  0     .2898080000 .0000000053 .0000728010 .0000420316 9570872.000000 9570827.865685 44.134315 0.000461         
19398656  1024  1  0     .2938440000 .0000000105 .0001024695 .0000591607 9702008.000000 9701971.495802 36.504198 0.000376         
19660800  1024  1  0     .2983593334 .0000015777 .0012560652 .0007251895 9833108.000000 9833100.092560 7.907440 0.000080         
19922944  1024  1  0     .3030483334 .0000069213 .0026308363 .0015189140 9964290.000000 9964247.453568 42.546432 0.000427         
20185088  1024  1  0     .3053326667 .0000000106 .0001029563 .0000594418 10095374.000000 10095356.775558 17.224442 0.000171         
20447232  1024  1  0     .3092160000 .0000000126 .0001122497 .0000648073 10226829.000000 10226773.916986 55.083014 0.000539         
20709376  1024  1  0     .3130616667 .0000000005 .0000223606 .0000129098 10357840.000000 10357844.330021 4.330021 0.000042         
20971520  1024  1  0     .3171203333 .0000001777 .0004215447 .0002433789 10489176.000000 10489149.634951 26.365049 0.000251         
21233664  1024  1  0     .3208633334 .0000000020 .0000447213 .0000258198 10620140.000000 10620114.902902 25.097098 0.000236         
21495808  1024  1  0     .3247763334 .0000000173 .0001315294 .0000759385 10750952.000000 10750912.127341 39.872659 0.000371         
21757952  1024  1  0     .3285546666 .0000000089 .0000943398 .0000544671 10881792.000000 10881797.013319 5.013319 0.000046         
22020096  1024  1  0     .3324126667 .0000000051 .0000714142 .0000412310 11012916.000000 11012883.343030 32.656970 0.000297         
22282240  1024  1  0     .3362733333 .0000000022 .0000469041 .0000270800 11143952.000000 11143965.924556 13.924556 0.000125         
22544384  1024  1  0     .3402363334 .0000000064 .0000800000 .0000461880 11274985.000000 11274968.962637 16.037363 0.000142         
22806528  1024  1  0     .3440783333 .0000000086 .0000927361 .0000535412 11406157.000000 11406155.346762 1.653238 0.000014         
23068672  1024  1  0     .3477463333 .0000000015 .0000387298 .0000223606 11537252.000000 11537202.307074 49.692926 0.000431         
23330816  1024  1  0     .3517513333 .0000000096 .0000979795 .0000565684 11668242.000000 11668201.176011 40.823989 0.000350         
23592960  1024  1  0     .3555923334 .0000000036 .0000600000 .0000346410 11799356.000000 11799293.484149 62.515851 0.000530         
23855104  1024  1  0     .3594426667 .0000000010 .0000316227 .0000182573 11930260.000000 11930258.610061 1.389939 0.000012         
24117248  1024  1  0     .3633373334 .0000000150 .0001224744 .0000707106 12061056.000000 12061102.456608 46.456608 0.000385         
24379392  1024  1  0     .3671833334 .0000000036 .0000600000 .0000346410 12192298.000000 12192318.150323 20.150323 0.000165         
24641536  1024  1  0     .3709870000 .0000000011 .0000331662 .0000191485 12323471.000000 12323427.341025 43.658975 0.000354         
24903680  1024  1  0     .3749586666 .0000000055 .0000741619 .0000428173 12454222.000000 12454218.895285 3.104715 0.000025         
25165824  1024  1  0     .3788906667 .0000000072 .0000848528 .0000489897 12585508.000000 12585441.352596 66.647404 0.000530         
25427968  1024  1  0     .3827400000 .0000000197 .0001403566 .0000810349 12716461.000000 12716422.250519 38.749481 0.000305         
25690112  1024  1  0     .3867296667 .0000000159 .0001260952 .0000728010 12847656.000000 12847682.118135 26.118135 0.000203         
25952256  1024  1  0     .3903693333 .0000000065 .0000806225 .0000465474 12978792.000000 12978740.353532 51.646468 0.000398         
26214400  1024  1  0     .3942923333 .0000000069 .0000830662 .0000479582 13109965.000000 13109956.862881 8.137119 0.000062         
26476544  1024  1  0     .3981243334 .0000000049 .0000700000 .0000404145 13240892.000000 13240924.144425 32.144425 0.000243         
26738688  1024  1  0     .4021556666 .0000000148 .0001216552 .0000702376 13372230.000000 13372191.432306 38.567694 0.000288         
27000832  1024  1  0     .4059076666 .0000000053 .0000728010 .0000420316 13503319.000000 13503348.167770 29.167770 0.000216         
27262976  1024  1  0     .4097690000 0 0 0 13634721.000000 13634727.027385 6.027385 0.000044         
27525120  1024  1  0     .4136693334 .0000000127 .0001126942 .0000650640 13765954.000000 13765934.237632 19.762368 0.000144         
27787264  1024  1  0     .4174833333 .0000000049 .0000700000 .0000404145 13897102.000000 13897127.694457 25.694457 0.000185         
28049408  1024  1  0     .4212766666 .0000000001 .0000100000 .0000057735 14028347.000000 14028317.598272 29.401728 0.000210         
28311552  1024  1  0     .4251753333 .0000000133 .0001153256 .0000665832 14159671.000000 14159688.049817 17.049817 0.000120         
28573696  1024  1  0     .4289896667 .0000000094 .0000969535 .0000559761 14290532.000000 14290516.644096 15.355904 0.000107         
28835840  1024  1  0     .4332436666 .0000004391 .0006626462 .0003825789 14421553.000000 14421544.059451 8.940549 0.000062         
29097984  1024  1  0     .4366736666 0 0 0 14552429.000000 14552485.364726 56.364726 0.000387         
29360128  1024  1  0     .4409156666 .0000002015 .0004488875 .0002591653 14683590.000000 14683603.649292 13.649292 0.000093         
29622272  1024  1  0     .4444913333 .0000000063 .0000793725 .0000458257 14814738.000000 14814781.358994 43.358994 0.000293         
29884416  1024  1  0     .4484400000 .0000000369 .0001920937 .0001109053 14945803.000000 14945818.262407 15.262407 0.000102         
30146560  1024  1  0     .4522316667 .0000000023 .0000479583 .0000276887 15076960.000000 15077023.241595 63.241595 0.000419         
30408704  1024  1  0     .4561513333 .0000000697 .0002640075 .0001524248 15208170.000000 15208201.057636 31.057636 0.000204         
30670848  1024  1  0     .4599843334 .0000000016 .0000400000 .0000230940 15339338.000000 15339305.875277 32.124723 0.000209         
30932992  1024  1  0     .4639376666 .0000000513 .0002264950 .0001307669 15470310.000000 15470315.078975 5.078975 0.000033         
31195136  1024  1  0     .4677796666 .0000000116 .0001077032 .0000621824 15601220.000000 15601182.180127 37.819873 0.000242         
31457280  1024  1  0     .4715853334 .0000000109 .0001044030 .0000602771 15732233.000000 15732203.670905 29.329095 0.000186         
31719424  1024  1  0     .4754170000 .0000000050 .0000707106 .0000408247 15863290.000000 15863266.128067 23.871933 0.000150         
31981568  1024  1  0     .4794703334 .0000000446 .0002111871 .0001219289 15994260.000000 15994292.257334 32.257334 0.000202         
32243712  1024  1  0     .4832033333 .0000000019 .0000435889 .0000251660 16125282.000000 16125302.374273 20.374273 0.000126         
32505856  1024  1  0     .4869803333 .0000000079 .0000888819 .0000513159 16256232.000000 16256213.292175 18.707825 0.000115         
32768000  1024  1  0     .4909293334 .0000000160 .0001264911 .0000730296 16387412.000000 16387388.878030 23.121970 0.000141         
33030144  1024  1  0     .4948183334 0 0 0 16518478.000000 16518492.709807 14.709807 0.000089         
33292288  1024  1  0     .4986770000 .0000000050 .0000707106 .0000408247 16649452.000000 16649456.307644 4.307644 0.000026         
33554432  1024  1  0     .5025280000 .0000000006 .0000244948 .0000141420 16780392.000000 16780420.730242 28.730242 0.000171         
33816576  1024  1  0     .5063596666 .0000000015 .0000387298 .0000223606 16911500.000000 16911483.082978 16.917022 0.000100         
34078720  1024  1  0     .5101936666 .0000000112 .0001058300 .0000611009 17042704.000000 17042686.184338 17.815662 0.000105         
34340864  1024  1  0     .5142590000 .0000000191 .0001382027 .0000797913 17173850.000000 17173817.211734 32.788266 0.000191         
34603008  1024  1  0     .5180836667 .0000000451 .0002123676 .0001226104 17304816.000000 17304751.466334 64.533666 0.000373         
34865152  1024  1  0     .5218663334 0 0 0 17435724.000000 17435735.666941 11.666941 0.000067         
35127296  1024  1  0     .5258680000 .0000000173 .0001315294 .0000759385 17566774.000000 17566823.369062 49.369062 0.000281         
35389440  1024  1  0     .5296083334 .0000000416 .0002039607 .0001177567 17698014.000000 17698043.158802 29.158802 0.000165         
35651584  1024  1  0     .5333946667 .0000000008 .0000282842 .0000163298 17829032.000000 17829058.024139 26.024139 0.000146         
35913728  1024  1  0     .5374710000 .0000002848 .0005336665 .0003081124 17960400.000000 17960333.681411 66.318589 0.000369         
36175872  1024  1  0     .5411853333 .0000000019 .0000435889 .0000251660 18091282.000000 18091254.777764 27.222236 0.000150         
36438016  1024  1  0     .5450703334 .0000000021 .0000458257 .0000264574 18222312.000000 18222328.514318 16.514318 0.000091         
36700160  1024  1  0     .5488293334 .0000000008 .0000282842 .0000163298 18353484.000000 18353415.273999 68.726001 0.000374         
36962304  1024  1  0     .5527616666 .0000000109 .0001044030 .0000602771 18484478.000000 18484443.368167 34.631833 0.000187         
37224448  1024  1  0     .5565816666 .0000000015 .0000387298 .0000223606 18615416.000000 18615444.260279 28.260279 0.000152         
37486592  1024  1  0     .5605846667 .0000000096 .0000979795 .0000565684 18746630.000000 18746572.554609 57.445391 0.000306         
37748736  1024  1  0     .5643583333 .0000000064 .0000800000 .0000461880 18877724.000000 18877751.514373 27.514373 0.000146         
38010880  1024  1  0     .5682570000 .0000000088 .0000938083 .0000541602 19008864.000000 19008872.118618 8.118618 0.000043         
38273024  1024  1  0     .5720656666 .0000000020 .0000447213 .0000258198 19139984.000000 19140052.095440 68.095440 0.000356         
38535168  1024  1  0     .5759106667 .0000000021 .0000458257 .0000264574 19271074.000000 19271100.661077 26.661077 0.000138         
38797312  1024  1  0     .5797853333 .0000000163 .0001276714 .0000737111 19402166.000000 19402142.357907 23.642093 0.000122         
39059456  1024  1  0     .5837516667 .0000000099 .0000994987 .0000574456 19533120.000000 19533167.999185 47.999185 0.000246         
39321600  1024  1  0     .5876636666 .0000000246 .0001568438 .0000905538 19664164.000000 19664133.796539 30.203461 0.000154         
39583744  1024  1  0     .5914096667 .0000000093 .0000964365 .0000556776 19795274.000000 19795290.016308 16.016308 0.000081         
39845888  1024  1  0     .5952463333 .0000000006 .0000244948 .0000141420 19926240.000000 19926283.319879 43.319879 0.000217         
40108032  1024  1  0     .5991863333 .0000000044 .0000663324 .0000382970 20057256.000000 20057253.431849 2.568151 0.000013         
40370176  1024  1  0     .6032853334 .0000002123 .0004607602 .0002660200 20188276.000000 20188375.738796 99.738796 0.000494         
40632320  1024  1  0     .6069496666 .0000000008 .0000282842 .0000163298 20319464.000000 20319555.985162 91.985162 0.000453         
40894464  1024  1  0     .6107056667 .0000000193 .0001389244 .0000802080 20450418.000000 20450480.093693 62.093693 0.000304         
41156608  1024  1  0     .6146360000 .0000000034 .0000583095 .0000336650 20581628.000000 20581649.798376 21.798376 0.000106         
41418752  1024  1  0     .6185746666 .0000000105 .0001024695 .0000591607 20712614.000000 20712630.509960 16.509960 0.000080         
41680896  1024  1  0     .6223180000 .0000000007 .0000264575 .0000152752 20843476.000000 20843586.638639 110.638639 0.000531         
41943040  1024  1  0     .6261993333 .0000000150 .0001224744 .0000707106 20974392.000000 20974435.550480 43.550480 0.000208         
42205184  1024  1  0     .6301720000 .0000000135 .0001161895 .0000670820 21105476.000000 21105512.841431 36.841431 0.000175         
42467328  1024  1  0     .6339973334 .0000000024 .0000489897 .0000282842 21236696.000000 21236686.704331 9.295669 0.000044         
42729472  1024  1  0     .6377523334 .0000000028 .0000529150 .0000305504 21367838.000000 21367810.599773 27.400227 0.000128         
42991616  1024  1  0     .6417856666 .0000000064 .0000800000 .0000461880 21498698.000000 21498755.712957 57.712957 0.000268         
43253760  1024  1  0     .6455363334 .0000000062 .0000787400 .0000454605 21629630.000000 21629634.448317 4.448317 0.000021         
43515904  1024  1  0     .6494403334 .0000000143 .0001195826 .0000690410 21760674.000000 21760727.852537 53.852537 0.000247         
43778048  1024  1  0     .6531490000 .0000000020 .0000447213 .0000258198 21891684.000000 21891744.429110 60.429110 0.000276         
44040192  1024  1  0     .6572330000 .0000000055 .0000741619 .0000428173 22022864.000000 22022940.838761 76.838761 0.000349         
44302336  1024  1  0     .6609690000 .0000000003 .0000173205 .0000099999 22154146.000000 22154051.289805 94.710195 0.000428         
44564480  1024  1  0     .6649416667 .0000000014 .0000374165 .0000216024 22285106.000000 22285173.935062 67.935062 0.000305         
44826624  1024  1  0     .6685533333 .0000000090 .0000948683 .0000547722 22416144.000000 22416255.140924 111.140924 0.000496         
45088768  1024  1  0     .6725720000 .0000000318 .0001783255 .0001029562 22547414.000000 22547407.273871 6.726129 0.000030         
45350912  1024  1  0     .6765070000 .0000000021 .0000458257 .0000264574 22678504.000000 22678480.465642 23.534358 0.000104         
45613056  1024  1  0     .6805830000 .0000001336 .0003655133 .0002110292 22809462.000000 22809514.752163 52.752163 0.000231         
45875200  1024  1  0     .6842363334 .0000000030 .0000547722 .0000316227 22940632.000000 22940610.802193 21.197807 0.000092         
46137344  1024  1  0     .6880730000 .0000000028 .0000529150 .0000305504 23071486.000000 23071543.101511 57.101511 0.000247         
46399488  1024  1  0     .6919083334 .0000000020 .0000447213 .0000258198 23202488.000000 23202568.373131 80.373131 0.000346         
46661632  1024  1  0     .6958540000 .0000000160 .0001264911 .0000730296 23333488.000000 23333538.595203 50.595203 0.000217         
46923776  1024  1  0     .6995916667 .0000000235 .0001532970 .0000885060 23464486.000000 23464517.837944 31.837944 0.000136         
47185920  1024  1  0     .7036430000 .0000000834 .0002887905 .0001667332 23595764.000000 23595807.651290 43.651290 0.000185         
47448064  1024  1  0     .7074636666 .0000000297 .0001723368 .0000994986 23726908.000000 23726942.102109 34.102109 0.000144         
47710208  1024  1  0     .7113253334 .0000000019 .0000435889 .0000251660 23857982.000000 23857953.240622 28.759378 0.000121         
47972352  1024  1  0     .7150293333 .0000000030 .0000547722 .0000316227 23988902.000000 23988868.874940 33.125060 0.000138         
48234496  1024  1  0     .7189676667 .0000000035 .0000591607 .0000341564 24119756.000000 24119729.349311 26.650689 0.000110         
48496640  1024  1  0     .7227690000 .0000000216 .0001469693 .0000848527 24250496.000000 24250658.609181 162.609181 0.000671         
48758784  1024  1  0     .7267086667 .0000000016 .0000400000 .0000230940 24381724.000000 24381815.511388 91.511388 0.000375         
49020928  1024  1  0     .7306363333 .0000000008 .0000282842 .0000163298 24512840.000000 24512923.019068 83.019068 0.000339         
49283072  1024  1  0     .7344200000 .0000000059 .0000768114 .0000443470 24644456.000000 24644551.115473 95.115473 0.000386         
49545216  1024  1  0     .7383436666 .0000000057 .0000754983 .0000435889 24775670.000000 24775683.803748 13.803748 0.000056         
49807360  1024  1  0     .7422363334 .0000000142 .0001191637 .0000687991 24906624.000000 24906738.880855 114.880855 0.000461         
50069504  1024  1  0     .7459856666 .0000000012 .0000346410 .0000199999 25037882.000000 25038033.233241 151.233241 0.000604         
50331648  1024  1  0     .7497936667 .0000000101 .0001004987 .0000580229 25169016.000000 25169079.440325 63.440325 0.000252         
50593792  1024  1  0     .7537376667 .0000000099 .0000994987 .0000574456 25299936.000000 25300207.841714 271.841714 0.001074         
50855936  1024  1  0     .7575000000 .0000000065 .0000806225 .0000465474 25431130.000000 25431238.370753 108.370753 0.000426         
51118080  1024  1  0     .7616366667 .0000000149 .0001220655 .0000704745 25562358.000000 25562406.197889 48.197889 0.000189         
51380224  1024  1  0     .7653923333 .0000000126 .0001122497 .0000648073 25693228.000000 25693301.457813 73.457813 0.000286         
51642368  1024  1  0     .7693683334 .0000000243 .0001558845 .0000899999 25824480.000000 25824566.934917 86.934917 0.000337         
51904512  1024  1  0     .7731673334 .0000000098 .0000989949 .0000571547 25955624.000000 25955613.973743 10.026257 0.000039         
52166656  1024  1  0     .7770816666 .0000000975 .0003122498 .0001802775 26086572.000000 26086656.732928 84.732928 0.000325         
52428800  1024  1  0     .7807920000 .0000000017 .0000412310 .0000238047 26217488.000000 26217593.712841 105.712841 0.000403         
52690944  1024  1  0     .7848433334 .0000000329 .0001813835 .0001047218 26348624.000000 26348514.246981 109.753019 0.000417         
52953088  1024  1  0     .7885323333 .0000000021 .0000458257 .0000264574 26479574.000000 26479657.122608 83.122608 0.000314         
53215232  1024  1  0     .7924526667 .0000000022 .0000469041 .0000270800 26610376.000000 26610498.606217 122.606217 0.000461         
53477376  1024  1  0     .7963560000 .0000000133 .0001153256 .0000665832 26741498.000000 26741693.758919 195.758919 0.000732         
53739520  1024  1  0     .8002980000 .0000000569 .0002385372 .0001377195 26872586.000000 26872691.783758 105.783758 0.000394         
54001664  1024  1  0     .8041366667 .0000000207 .0001438749 .0000830662 27003508.000000 27003651.615816 143.615816 0.000532         
54263808  1024  1  0     .8079473334 .0000000145 .0001204159 .0000695221 27134820.000000 27134833.316581 13.316581 0.000049         
54525952  1024  1  0     .8117863334 .0000000063 .0000793725 .0000458257 27265696.000000 27265860.680417 164.680417 0.000604         
54788096  1024  1  0     .8156540000 .0000000025 .0000500000 .0000288675 27396874.000000 27396915.815049 41.815049 0.000153         
55050240  1024  1  0     .8196220000 .0000000355 .0001884144 .0001087811 27527980.000000 27528144.704314 164.704314 0.000598         
55312384  1024  1  0     .8233856667 .0000000001 .0000100000 .0000057735 27659576.000000 27659643.168569 67.168569 0.000243         
55574528  1024  1  0     .8272986667 .0000000186 .0001363818 .0000787400 27790636.000000 27790750.489135 114.489135 0.000412         
55836672  1024  1  0     .8312043334 .0000000074 .0000860232 .0000496655 27921284.000000 27921404.091874 120.091874 0.000430         
56098816  1024  1  0     .8349840000 .0000000027 .0000519615 .0000299999 28052488.000000 28052546.508964 58.508964 0.000209         
56360960  1024  1  0     .8389920000 .0000000119 .0001090871 .0000629814 28183682.000000 28183786.548146 104.548146 0.000371         
56623104  1024  1  0     .8426893334 .0000000230 .0001516575 .0000875594 28314800.000000 28314810.473419 10.473419 0.000037         
56885248  1024  1  0     .8465466667 .0000000009 .0000300000 .0000173205 28445560.000000 28445720.030255 160.030255 0.000563         
57147392  1024  1  0     .8504460000 .0000000158 .0001256980 .0000725717 28576816.000000 28576804.832187 11.167813 0.000039         
57409536  1024  1  0     .8543270000 .0000000110 .0001048808 .0000605529 28707782.000000 28707809.192004 27.192004 0.000095         
57671680  1024  1  0     .8580630000 .0000000011 .0000331662 .0000191485 28838870.000000 28838924.890984 54.890984 0.000190         
57933824  1024  1  0     .8618960000 .0000000016 .0000400000 .0000230940 28969832.000000 28970040.619681 208.619681 0.000720         
58195968  1024  1  0     .8657616666 .0000000055 .0000741619 .0000428173 29101096.000000 29101234.780832 138.780832 0.000477         
58458112  1024  1  0     .8696666666 .0000000330 .0001816590 .0001048808 29232146.000000 29232172.961216 26.961216 0.000092         
58720256  1024  1  0     .8735066666 .0000000038 .0000616441 .0000355902 29363376.000000 29363414.035267 38.035267 0.000130         
58982400  1024  1  0     .8772876667 .0000000025 .0000500000 .0000288675 29493924.000000 29494120.869898 196.869898 0.000667         
59244544  1024  1  0     .8813360000 .0000000004 .0000200000 .0000115470 29625230.000000 29625343.516325 113.516325 0.000383         
59506688  1024  1  0     .8851890000 .0000000013 .0000360555 .0000208166 29756156.000000 29756304.111315 148.111315 0.000498         
59768832  1024  1  0     .8890746667 .0000000043 .0000655743 .0000378593 29887100.000000 29887298.165213 198.165213 0.000663         
60030976  1024  1  0     .8929043334 .0000000007 .0000264575 .0000152752 30018236.000000 30018338.489634 102.489634 0.000341         
60293120  1024  1  0     .8967756667 .0000000203 .0001424780 .0000822597 30149228.000000 30149421.051260 193.051260 0.000640         
60555264  1024  1  0     .9005843333 .0000000088 .0000938083 .0000541602 30280392.000000 30280533.820704 141.820704 0.000468         
60817408  1024  1  0     .9044073333 .0000000009 .0000300000 .0000173205 30411788.000000 30411621.645035 166.354965 0.000547         
61079552  1024  1  0     .9083006666 .0000000045 .0000670820 .0000387298 30542752.000000 30542904.599176 152.599176 0.000500         
61341696  1024  1  0     .9121100000 .0000000021 .0000458257 .0000264574 30674128.000000 30674130.771360 2.771360 0.000009         
61603840  1024  1  0     .9160486667 .0000000288 .0001697056 .0000979795 30805092.000000 30805350.088706 258.088706 0.000838         
61865984  1024  1  0     .9200256666 .0000000013 .0000360555 .0000208166 30936450.000000 30936473.825099 23.825099 0.000077         
62128128  1024  1  0     .9238400000 .0000000047 .0000685565 .0000395811 31067336.000000 31067522.706566 186.706566 0.000601         
62390272  1024  1  0     .9277663334 .0000000215 .0001466287 .0000846561 31198718.000000 31198875.494004 157.494004 0.000505         
62652416  1024  1  0     .9316556667 .0000000098 .0000989949 .0000571547 31329794.000000 31329969.810243 175.810243 0.000561         
62914560  1024  1  0     .9354413334 .0000000018 .0000424264 .0000244948 31460970.000000 31461100.786540 130.786540 0.000416         
63176704  1024  1  0     .9394223333 .0000000256 .0001600000 .0000923760 31592276.000000 31592392.698684 116.698684 0.000369         
63438848  1024  1  0     .9431290000 .0000000071 .0000842614 .0000486483 31723680.000000 31723719.501487 39.501487 0.000125         
63700992  1024  1  0     .9468960000 .0000000056 .0000748331 .0000432049 31854456.000000 31854701.767878 245.767878 0.000772         
63963136  1024  1  0     .9507830000 .0000000086 .0000927361 .0000535412 31985414.000000 31985628.370524 214.370524 0.000670         
64225280  1024  1  0     .9547836667 .0000000089 .0000943398 .0000544671 32116650.000000 32116818.084213 168.084213 0.000523         
64487424  1024  1  0     .9586403334 .0000000266 .0001630950 .0000941629 32247858.000000 32248052.585656 194.585656 0.000603         
64749568  1024  1  0     .9626230000 .0000000073 .0000854400 .0000493288 32378772.000000 32378988.751801 216.751801 0.000669         
65011712  1024  1  0     .9665210000 .0000000437 .0002090454 .0001206924 32509852.000000 32510023.201321 171.201321 0.000527         
65273856  1024  1  0     .9702870000 .0000000059 .0000768114 .0000443470 32640768.000000 32641062.551352 294.551352 0.000902         
65536000  1024  1  0     .9740113333 .0000000021 .0000458257 .0000264574 32771726.000000 32771912.814247 186.814247 0.000570         
65798144  1024  1  0     .9779530000 .0000000212 .0001456021 .0000840634 32902806.000000 32902836.611068 30.611068 0.000093         
66060288  1024  1  0     .9817323333 .0000000106 .0001029563 .0000594418 33033720.000000 33033834.242634 114.242634 0.000346         
66322432  1024  1  0     .9858230000 .0000000180 .0001341640 .0000774596 33164722.000000 33164849.572813 127.572813 0.000385         
66584576  1024  1  0     .9895840000 .0000000042 .0000648074 .0000374165 33295512.000000 33295702.802860 190.802860 0.000573         
66846720  1024  1  0     .9933623333 .0000000077 .0000877496 .0000506622 33426706.000000 33426839.580154 133.580154 0.000400         
67108864  1024  1  0     .9973960000 .0000000289 .0001700000 .0000981495 33557780.000000 33557831.136790 51.136790 0.000152         
67371008  1024  1  0     1.0011946667 .0000000182 .0001349073 .0000778887 33688772.000000 33688824.466880 52.466880 0.000156         
67633152  1024  1  0     1.0051043334 .0000000705 .0002655183 .0001532970 33819640.000000 33819727.695805 87.695805 0.000259         
67895296  1024  1  0     1.0088773333 .0000000046 .0000678232 .0000391577 33950428.000000 33950584.265917 156.265917 0.000460         
68157440  1024  1  0     1.0127816667 .0000000332 .0001822086 .0001051981 34081312.000000 34081500.694456 188.694456 0.000554         
68419584  1024  1  0     1.0166536667 .0000000013 .0000360555 .0000208166 34212592.000000 34212569.639244 22.360756 0.000065         
68681728  1024  1  0     1.0204966666 .0000000004 .0000200000 .0000115470 34343616.000000 34343841.012854 225.012854 0.000655         
68943872  1024  1  0     1.0242956666 .0000000103 .0001014889 .0000585946 34474852.000000 34474979.110094 127.110094 0.000369         
69206016  1024  1  0     1.0283690000 .0000000196 .0001400000 .0000808290 34605968.000000 34606046.969590 78.969590 0.000228         
69468160  1024  1  0     1.0322420000 .0000000931 .0003051229 .0001761627 34736940.000000 34737098.427752 158.427752 0.000456         
69730304  1024  1  0     1.0358986666 .0000000155 .0001244989 .0000718794 34868040.000000 34868045.534473 5.534473 0.000016         
69992448  1024  1  0     1.0398213334 .0000000028 .0000529150 .0000305504 34998876.000000 34999024.038951 148.038951 0.000423         
70254592  1024  1  0     1.0437773334 .0000000001 .0000100000 .0000057735 35130324.000000 35130372.664308 48.664308 0.000139         
70516736  1024  1  0     1.0475396666 .0000000024 .0000489897 .0000282842 35261352.000000 35261394.394316 42.394316 0.000120         
70778880  1024  1  0     1.0515830000 .0000000049 .0000700000 .0000404145 35392412.000000 35392307.228772 104.771228 0.000296         
71041024  1024  1  0     1.0554126667 .0000000016 .0000400000 .0000230940 35523464.000000 35523411.343006 52.656994 0.000148         
71303168  1024  1  0     1.0591590000 .0000000001 .0000100000 .0000057735 35654392.000000 35654407.281438 15.281438 0.000043         
71565312  1024  1  0     1.0628786666 .0000000012 .0000346410 .0000199999 35785236.000000 35785317.364018 81.364018 0.000227         
71827456  1024  1  0     1.0668326667 .0000000015 .0000387298 .0000223606 35916304.000000 35916600.905856 296.905856 0.000827         
72089600  1024  1  0     1.0707283334 .0000000075 .0000866025 .0000499999 36047424.000000 36047639.912437 215.912437 0.000599         
72351744  1024  1  0     1.0744293333 .0000000020 .0000447213 .0000258198 36178544.000000 36178763.466102 219.466102 0.000607         
72613888  1024  1  0     1.0784486666 .0000000231 .0001519868 .0000877496 36309768.000000 36309805.406286 37.406286 0.000103         
72876032  1024  1  0     1.0822643334 .0000000099 .0000994987 .0000574456 36440480.000000 36440746.888968 266.888968 0.000732         
73138176  1024  1  0     1.0862360000 .0000000342 .0001849324 .0001067707 36572008.000000 36571946.230389 61.769611 0.000169         
73400320  1024  1  0     1.0900646666 .0000000075 .0000866025 .0000499999 36702884.000000 36703053.491301 169.491301 0.000462         
73662464  1024  1  0     1.0942423334 .0000001049 .0003238826 .0001869937 36834100.000000 36834287.346595 187.346595 0.000509         
73924608  1024  1  0     1.0976653333 .0000000160 .0001264911 .0000730296 36965408.000000 36965411.232771 3.232771 0.000009         
74186752  1024  1  0     1.1018543333 .0000000751 .0002740437 .0001582192 37096088.000000 37096332.405888 244.405888 0.000659         
74448896  1024  1  0     1.1057033333 .0000000365 .0001910497 .0001103025 37227428.000000 37227475.468742 47.468742 0.000128         
74711040  1024  1  0     1.1094970000 .0000000077 .0000877496 .0000506622 37357948.000000 37358207.968171 259.968171 0.000696         
74973184  1024  1  0     1.1133166667 .0000000003 .0000173205 .0000099999 37488964.000000 37489212.385343 248.385343 0.000663         
75235328  1024  1  0     1.1171900000 .0000000020 .0000447213 .0000258198 37620116.000000 37620146.420269 30.420269 0.000081         
75497472  1024  1  0     1.1209463334 .0000000036 .0000600000 .0000346410 37750920.000000 37751246.666171 326.666171 0.000865         
75759616  1024  1  0     1.1249846667 .0000000119 .0001090871 .0000629814 37881868.000000 37882167.410239 299.410239 0.000790         
76021760  1024  1  0     1.1288613334 .0000000281 .0001676305 .0000967815 38013300.000000 38013380.219182 80.219182 0.000211         
76283904  1024  1  0     1.1328143334 .0000000350 .0001870828 .0001080123 38144108.000000 38144335.214411 227.214411 0.000596         
76546048  1024  1  0     1.1363636667 .0000000019 .0000435889 .0000251660 38275228.000000 38275463.364627 235.364627 0.000615         
76808192  1024  1  0     1.1402650000 .0000000124 .0001113552 .0000642909 38406216.000000 38406370.660374 154.660374 0.000403         
77070336  1024  1  0     1.1441023334 .0000000064 .0000800000 .0000461880 38537392.000000 38537601.624223 209.624223 0.000544         
77332480  1024  1  0     1.1480103334 .0000000274 .0001655294 .0000955684 38668428.000000 38668603.366580 175.366580 0.000454         
77594624  1024  1  0     1.1521870000 .0000000609 .0002467792 .0001424780 38799628.000000 38799648.847829 20.847829 0.000054         
77856768  1024  1  0     1.1556913334 .0000000036 .0000600000 .0000346410 38930892.000000 38931008.905776 116.905776 0.000300         
78118912  1024  1  0     1.1595413334 .0000000098 .0000989949 .0000571547 39061820.000000 39062179.677539 359.677539 0.000921         
78381056  1024  1  0     1.1634176667 .0000000010 .0000316227 .0000182573 39193176.000000 39193170.099995 5.900005 0.000015         
78643200  1024  1  0     1.1672453334 .0000000060 .0000774596 .0000447213 39323736.000000 39324008.390316 272.390316 0.000693         
78905344  1024  1  0     1.1713180000 .0000000167 .0001292284 .0000746100 39454996.000000 39455200.936716 204.936716 0.000519         
79167488  1024  1  0     1.1752466667 .0000000361 .0001900000 .0001096965 39586176.000000 39586362.931995 186.931995 0.000472         
79429632  1024  1  0     1.1791043333 .0000000078 .0000883176 .0000509901 39717024.000000 39717291.343991 267.343991 0.000673         
79691776  1024  1  0     1.1827396667 .0000000038 .0000616441 .0000355902 39847976.000000 39848167.539959 191.539959 0.000481         
79953920  1024  1  0     1.1869580000 .0000000826 .0002874021 .0001659316 39979024.000000 39979177.087161 153.087161 0.000383         
80216064  1024  1  0     1.1906743334 .0000000078 .0000883176 .0000509901 40110160.000000 40110295.266012 135.266012 0.000337         
80478208  1024  1  0     1.1942543333 .0000000058 .0000761577 .0000439696 40240800.000000 40241022.834269 222.834269 0.000554         
80740352  1024  1  0     1.1982116666 .0000000041 .0000640312 .0000369684 40372184.000000 40372389.347550 205.347550 0.000509         
81002496  1024  1  0     1.2020310000 .0000000469 .0002165640 .0001250332 40503296.000000 40503436.963166 140.963166 0.000348         
81264640  1024  1  0     1.2060333333 .0000000027 .0000519615 .0000299999 40634164.000000 40634383.296333 219.296333 0.000540         
81526784  1024  1  0     1.2099543334 .0000000015 .0000387298 .0000223606 40765336.000000 40765548.187269 212.187269 0.000521         
81788928  1024  1  0     1.2136820000 .0000000089 .0000943398 .0000544671 40896424.000000 40896640.685990 216.685990 0.000530         
82051072  1024  1  0     1.2177080000 .0000000408 .0002019900 .0001166189 41027544.000000 41027683.001106 139.001106 0.000339         
82313216  1024  1  0     1.2215046667 .0000000028 .0000529150 .0000305504 41158580.000000 41158997.740451 417.740451 0.001015         
82575360  1024  1  0     1.2254383333 .0000000481 .0002193171 .0001266227 41289616.000000 41289818.797623 202.797623 0.000491         
82837504  1024  1  0     1.2290590000 .0000000059 .0000768114 .0000443470 41420460.000000 41420819.700373 359.700373 0.000868         
83099648  1024  1  0     1.2330330000 .0000000026 .0000509901 .0000294391 41551692.000000 41551833.277388 141.277388 0.000340         
83361792  1024  1  0     1.2368476666 .0000000042 .0000648074 .0000374165 41682820.000000 41683085.614432 265.614432 0.000637         
83623936  1024  1  0     1.2407156666 .0000000068 .0000824621 .0000476095 41813600.000000 41814038.585126 438.585126 0.001049         
83886080  1024  1  0     1.2446113333 .0000000057 .0000754983 .0000435889 41944956.000000 41945182.428313 226.428313 0.000540         
84148224  1024  1  0     1.2485853333 .0000000077 .0000877496 .0000506622 42076024.000000 42076201.311882 177.311882 0.000421         
84410368  1024  1  0     1.2524336667 .0000000020 .0000447213 .0000258198 42206988.000000 42207253.029646 265.029646 0.000628         
84672512  1024  1  0     1.2562433334 .0000000046 .0000678232 .0000391577 42338304.000000 42338583.642539 279.642539 0.000660         
84934656  1024  1  0     1.2601510000 .0000000059 .0000768114 .0000443470 42469316.000000 42469654.109097 338.109097 0.000796         
85196800  1024  1  0     1.2638833333 .0000000004 .0000200000 .0000115470 42600208.000000 42600356.002807 148.002807 0.000347         
85458944  1024  1  0     1.2679523333 .0000000059 .0000768114 .0000443470 42731368.000000 42731553.648075 185.648075 0.000434         
85721088  1024  1  0     1.2717496666 .0000000088 .0000938083 .0000541602 42862388.000000 42862551.735829 163.735829 0.000382         
85983232  1024  1  0     1.2754463334 .0000000128 .0001131370 .0000653196 42993552.000000 42993701.304903 149.304903 0.000347         
86245376  1024  1  0     1.2794313334 .0000000406 .0002014944 .0001163328 43124776.000000 43124807.215455 31.215455 0.000072         
86507520  1024  1  0     1.2834386667 .0000000315 .0001774823 .0001024694 43255924.000000 43256081.227237 157.227237 0.000363         
86769664  1024  1  0     1.2871190000 .0000000078 .0000883176 .0000509901 43386976.000000 43387284.945742 308.945742 0.000712         
87031808  1024  1  0     1.2910433333 .0000000121 .0001100000 .0000635085 43518164.000000 43518504.840398 340.840398 0.000783         
87293952  1024  1  0     1.2951836666 .0000000048 .0000692820 .0000399999 43649308.000000 43649419.424667 111.424667 0.000255         
87556096  1024  1  0     1.2989633333 .0000000536 .0002315167 .0001336662 43780396.000000 43780570.934591 174.934591 0.000400         
87818240  1024  1  0     1.3027083333 .0000000001 .0000100000 .0000057735 43911788.000000 43911890.309934 102.309934 0.000233         
88080384  1024  1  0     1.3066536667 .0000000026 .0000509901 .0000294391 44042752.000000 44043032.404931 280.404931 0.000637         
88342528  1024  1  0     1.3103040000 .0000000005 .0000223606 .0000129098 44173968.000000 44174074.879581 106.879581 0.000242         
88604672  1024  1  0     1.3142186667 .0000000031 .0000556776 .0000321454 44304700.000000 44305039.000560 339.000560 0.000765         
88866816  1024  1  0     1.3180763333 .0000000035 .0000591607 .0000341564 44436136.000000 44436278.932622 142.932622 0.000322         
89128960  1024  1  0     1.3219953333 .0000000024 .0000489897 .0000282842 44566972.000000 44567172.225160 200.225160 0.000449         
89391104  1024  1  0     1.3258890000 .0000000421 .0002051828 .0001184623 44698616.000000 44698637.413806 21.413806 0.000048         
89653248  1024  1  0     1.3296340000 .0000000019 .0000435889 .0000251660 44829388.000000 44829629.256664 241.256664 0.000538         
89915392  1024  1  0     1.3335793333 .0000000067 .0000818535 .0000472581 44960452.000000 44960745.302486 293.302486 0.000652         
90177536  1024  1  0     1.3374643334 .0000000019 .0000435889 .0000251660 45092024.000000 45091996.941210 27.058790 0.000060         
90439680  1024  1  0     1.3412686667 .0000000043 .0000655743 .0000378593 45222764.000000 45222973.835456 209.835456 0.000464         
90701824  1024  1  0     1.3451306666 .0000000204 .0001428285 .0000824620 45354044.000000 45354188.445776 144.445776 0.000318         
90963968  1024  1  0     1.3490856667 .0000000103 .0001014889 .0000585946 45484832.000000 45485087.486438 255.486438 0.000562         
91226112  1024  1  0     1.3530600000 .0000000025 .0000500000 .0000288675 45616372.000000 45616314.454488 57.545512 0.000126         
91488256  1024  1  0     1.3568703333 .0000000333 .0001824828 .0001053564 45747728.000000 45747594.150087 133.849913 0.000293         
91750400  1024  1  0     1.3607693333 .0000000309 .0001757839 .0001014888 45878560.000000 45878838.965837 278.965837 0.000608         
92012544  1024  1  0     1.3643800000 .0000000019 .0000435889 .0000251660 46009832.000000 46010017.308354 185.308354 0.000403         
92274688  1024  1  0     1.3683390000 .0000000001 .0000100000 .0000057735 46140828.000000 46140966.706750 138.706750 0.000301         
92536832  1024  1  0     1.3723143333 .0000000042 .0000648074 .0000374165 46272044.000000 46272228.892109 184.892109 0.000400         
92798976  1024  1  0     1.3760083333 .0000000089 .0000943398 .0000544671 46403412.000000 46403338.431932 73.568068 0.000159         
93061120  1024  1  0     1.3798596667 .0000000114 .0001067707 .0000616440 46534488.000000 46534691.243170 203.243170 0.000437         
93323264  1024  1  0     1.3835990000 .0000000021 .0000458257 .0000264574 46665464.000000 46665645.803096 181.803096 0.000390         
93585408  1024  1  0     1.3877490000 .0000000054 .0000734846 .0000424263 46796784.000000 46796812.529823 28.529823 0.000061         
93847552  1024  1  0     1.3914580000 .0000000299 .0001729161 .0000998331 46927672.000000 46927947.691460 275.691460 0.000587         
94109696  1024  1  0     1.3953070000 .0000000567 .0002381176 .0001374772 47058912.000000 47059021.558447 109.558447 0.000233         
94371840  1024  1  0     1.3994370000 .0000000016 .0000400000 .0000230940 47190068.000000 47190155.515040 87.515040 0.000185         
94633984  1024  1  0     1.3968323334 .0001232904 .0111036210 .0064106785 47320872.000000 47321276.057893 404.057893 0.000854         
94896128  1024  1  0     1.3937133334 .0005320818 .0230668983 .0133176799 47452188.000000 47452122.676077 65.323923 0.000138         
95158272  1024  1  0     1.3980223333 .0004918794 .0221783543 .0128046788 47582696.000000 47583036.291832 340.291832 0.000715         
95420416  1024  1  0     1.4146463334 .0000000006 .0000244948 .0000141420 47714120.000000 47714159.162406 39.162406 0.000082         
95682560  1024  1  0     1.4069846666 .0004156661 .0203878910 .0117709543 47844836.000000 47844993.411065 157.411065 0.000329         
95944704  1024  1  0     1.4224883334 .0000000044 .0000663324 .0000382970 47975900.000000 47976079.005434 179.005434 0.000373         
96206848  1024  1  0     1.4001750000 .0005236012 .0228823337 .0132111215 48107160.000000 48107215.403489 55.403489 0.000115         
96468992  1024  1  0     1.4301510000 .0000000003 .0000173205 .0000099999 48237976.000000 48238108.989904 132.989904 0.000276         
96731136  1024  1  0     1.4340380000 .0000000074 .0000860232 .0000496655 48368952.000000 48369127.975540 175.975540 0.000364         
96993280  1024  1  0     1.4380863333 .0000000291 .0001705872 .0000984885 48499548.000000 48499993.593651 445.593651 0.000919         
97255424  1024  1  0     1.4418140000 .0000000351 .0001873499 .0001081665 48630868.000000 48630725.268280 142.731720 0.000294         
97517568  1024  1  0     1.4456813333 .0000000027 .0000519615 .0000299999 48761392.000000 48761778.704412 386.704412 0.000793         
97779712  1024  1  0     1.4494613334 .0000000268 .0001637070 .0000945162 48892384.000000 48892765.348903 381.348903 0.000780         
98041856  1024  1  0     1.4280530000 .0019193621 .0438105249 .0252940183 49023316.000000 49023596.000615 280.000615 0.000571         
98304000  1024  1  0     1.4398973334 .0009078364 .0301303235 .0173957503 49154152.000000 49154486.330888 334.330888 0.000680         
98566144  1024  1  0     1.4689063333 .0001847465 .0135921484 .0078474305 49285136.000000 49285336.276241 200.276241 0.000406         
98828288  1024  1  0     1.4650120000 .0000000003 .0000173205 .0000099999 49416152.000000 49416313.374885 161.374885 0.000327         
99090432  1024  1  0     1.4688070000 .0000000197 .0001403566 .0000810349 49547536.000000 49547517.091822 18.908178 0.000038         
99352576  1024  1  0     1.4728046666 .0000000270 .0001643167 .0000948682 49678364.000000 49678601.199767 237.199767 0.000477         
99614720  1024  1  0     1.4843786666 .0001795934 .0134012462 .0077372131 49809388.000000 49809480.606112 92.606112 0.000186         
99876864  1024  1  0     1.4804270000 .0000000039 .0000624499 .0000360554 49940336.000000 49940660.386682 324.386682 0.000650         
100139008  1024  1  0     1.4890573334 .0002937719 .0171397753 .0098956538 50071448.000000 50071761.860992 313.860992 0.000627         
100401152  1024  1  0     1.4882333334 .0000000094 .0000969535 .0000559761 50202728.000000 50202831.631633 103.631633 0.000206         
100663296  1024  1  0     1.5001686666 .0002000365 .0141434260 .0081657108 50334112.000000 50334081.532996 30.467004 0.000061         
100925440  1024  1  0     1.4941843333 .0006957049 .0263762184 .0152283167 50465328.000000 50465248.630429 79.369571 0.000157         
101187584  1024  1  0     1.4998536667 .0000000096 .0000979795 .0000565684 50596060.000000 50596087.972890 27.972890 0.000055         
101449728  1024  1  0     1.5035726666 .0000000067 .0000818535 .0000472581 50726728.000000 50727182.235192 454.235192 0.000895         
101711872  1024  1  0     1.5075616666 .0000000022 .0000469041 .0000270800 50858460.000000 50858379.846353 80.153647 0.000158         
101974016  1024  1  0     1.5115203333 .0000000714 .0002672077 .0001542724 50989124.000000 50989521.112843 397.112843 0.000779         
102236160  1024  1  0     1.5153670000 .0000000960 .0003098386 .0001788853 51120664.000000 51120625.714108 38.285892 0.000075         
102498304  1024  1  0     1.5192633333 .0000000149 .0001220655 .0000704745 51251256.000000 51251408.542912 152.542912 0.000298         
102760448  1024  1  0     1.5230190000 .0000000090 .0000948683 .0000547722 51382316.000000 51382393.817043 77.817043 0.000151         
103022592  1024  1  0     1.5350120000 .0002049059 .0143145345 .0082645003 51513480.000000 51513789.413289 309.413289 0.000601         
103284736  1024  1  0     1.5363936667 .0000845519 .0091952107 .0053088573 51644936.000000 51644962.072240 26.072240 0.000050         
103546880  1024  1  0     1.5430086666 .0002062458 .0143612603 .0082914775 51775868.000000 51776138.832184 270.832184 0.000523         
103809024  1024  1  0     1.5382826667 .0000000034 .0000583095 .0000336650 51906844.000000 51907243.493467 399.493467 0.000770         
104071168  1024  1  0     1.5422576666 .0000000025 .0000500000 .0000288675 52038432.000000 52038346.254905 85.745095 0.000165         
104333312  1024  1  0     1.5545700000 .0001959891 .0139996107 .0080826790 52168956.000000 52169325.894166 369.894166 0.000709         
104595456  1024  1  0     1.5582980000 .0002026859 .0142367798 .0082196086 52300132.000000 52300247.883304 115.883304 0.000222         
104857600  1024  1  0     1.5539070000 .0000000250 .0001581138 .0000912870 52431076.000000 52431338.622100 262.622100 0.000501         
 
