262144  32  4  0     .0081373334 .0000000728 .0002698147 .0001557775 130949.593750 130949.661879 0.068129 0.000052         
524288  32  4  0     .0089750000 .0000001359 .0003686461 .0002128379 261985.078125 261985.181763 0.103638 0.000040         
786432  32  4  0     .0099486667 .0000002129 .0004614108 .0002663956 393053.656250 393053.868283 0.212033 0.000054         
1048576  32  4  0     .0111323334 .0000008399 .0009164605 .0005291187 524352.812500 524353.016601 0.204101 0.000039         
1310720  32  4  0     .0112536667 .0000000017 .0000412310 .0000238047 655361.125000 655361.754369 0.629369 0.000096         
1572864  32  4  0     .0121043333 .0000000008 .0000282842 .0000163298 786587.000000 786585.295905 1.704095 0.000217         
1835008  32  4  0     .0125736666 .0000000005 .0000223606 .0000129098 917823.500000 917821.942080 1.557920 0.000170         
2097152  32  4  0     .0134673334 .0000000843 .0002903446 .0001676305 1049029.750000 1049028.925218 0.824782 0.000079         
2359296  32  4  0     .0139033333 0 0 0 1180200.750000 1180200.076877 0.673123 0.000057         
2621440  32  4  0     .0149710000 .0000005902 .0007682447 .0004435462 1311481.750000 1311482.766523 1.016523 0.000078         
2883584  32  4  0     .0151253333 0 0 0 1442374.000000 1442374.452690 0.452690 0.000031         
3145728  32  4  0     .0161803334 .0000002607 .0005105878 .0002947880 1573665.625000 1573664.041637 1.583363 0.000101         
3407872  32  4  0     .0190580000 .0000000792 .0002814249 .0001624807 1704874.875000 1704877.400196 2.525196 0.000148         
3670016  32  4  0     .0201116666 .0000000042 .0000648074 .0000374165 1835925.250000 1835924.850941 0.399059 0.000022         
3932160  32  4  0     .0211230000 .0000000010 .0000316227 .0000182573 1967166.125000 1967169.486917 3.361917 0.000171         
4194304  32  4  0     .0219343333 .0000000037 .0000608276 .0000351188 2098270.750000 2098273.198124 2.448124 0.000117         
4456448  32  4  0     .0227123333 0 0 0 2229473.500000 2229476.852412 3.352412 0.000150         
4718592  32  4  0     .0236140000 .0000000039 .0000624499 .0000360554 2360591.500000 2360592.170990 0.670990 0.000028         
4980736  32  4  0     .0245733333 .0000000036 .0000600000 .0000346410 2492016.750000 2492018.561457 1.811457 0.000073         
5242880  32  4  0     .0256286667 .0000000156 .0001248999 .0000721109 2623027.500000 2623029.793644 2.293644 0.000087         
5505024  32  4  0     .0262193334 .0000000010 .0000316227 .0000182573 2754012.250000 2754017.737060 5.487060 0.000199         
5767168  32  4  0     .0271013334 .0000000048 .0000692820 .0000399999 2885195.500000 2885198.148105 2.648105 0.000092         
6029312  32  4  0     .0279673334 .0000000006 .0000244948 .0000141420 3016117.500000 3016119.898909 2.398909 0.000080         
6291456  32  4  0     .0288176667 .0000000025 .0000500000 .0000288675 3147151.500000 3147151.453207 0.046793 0.000001         
6553600  32  4  0     .0298173334 .0000000082 .0000905538 .0000522812 3278143.750000 3278146.183568 2.433568 0.000074         
6815744  32  4  0     .0305453333 0 0 0 3408746.500000 3408750.937978 4.437978 0.000130         
7077888  32  4  0     .0315500000 .0000000129 .0001135781 .0000655743 3539895.000000 3539900.881960 5.881960 0.000166         
7340032  32  4  0     .0322173334 .0000000055 .0000741619 .0000428173 3671241.750000 3671249.901608 8.151608 0.000222         
7602176  32  4  0     .0330976666 .0000000022 .0000469041 .0000270800 3802442.000000 3802446.549421 4.549421 0.000120         
7864320  32  4  0     .0339786666 .0000000028 .0000529150 .0000305504 3933475.750000 3933483.450687 7.700687 0.000196         
8126464  32  4  0     .0348616666 .0000000160 .0001264911 .0000730296 4064639.750000 4064646.468686 6.718686 0.000165         
8388608  32  4  0     .0359536666 .0000000835 .0002889636 .0001668332 4195736.500000 4195743.789535 7.289535 0.000174         
8650752  32  4  0     .0365393334 .0000000027 .0000519615 .0000299999 4326735.000000 4326738.237005 3.237005 0.000075         
8912896  32  4  0     .0374186667 .0000000055 .0000741619 .0000428173 4457503.000000 4457508.652220 5.652220 0.000127         
9175040  32  4  0     .0383480000 .0000000178 .0001334166 .0000770281 4588632.000000 4588640.763444 8.763444 0.000191         
9437184  32  4  0     .0390930000 .0000000005 .0000223606 .0000129098 4720028.000000 4720039.348282 11.348282 0.000240         
9699328  32  4  0     .0398923334 .0000000017 .0000412310 .0000238047 4851252.500000 4851260.338035 7.838035 0.000162         
9961472  32  4  0     .0409590000 .0000000097 .0000984885 .0000568623 4982417.500000 4982423.298871 5.798871 0.000116         
10223616  32  4  0     .0418510000 .0000000081 .0000900000 .0000519615 5113389.500000 5113393.128779 3.628779 0.000071         
10485760  32  4  0     .0425803333 .0000000003 .0000173205 .0000099999 5244306.000000 5244305.323534 0.676466 0.000013         
10747904  32  4  0     .0436980000 .0000000438 .0002092844 .0001208304 5375440.500000 5375440.059271 0.440729 0.000008         
11010048  32  4  0     .0442503334 .0000000056 .0000748331 .0000432049 5506555.000000 5506556.178900 1.178900 0.000021         
11272192  32  4  0     .0452680000 .0000000339 .0001841195 .0001063014 5637730.500000 5637731.887683 1.387683 0.000025         
11534336  32  4  0     .0459713334 .0000000015 .0000387298 .0000223606 5768902.000000 5768894.409111 7.590889 0.000132         
11796480  32  4  0     .0469646666 .0000000396 .0001989974 .0001148912 5900013.500000 5900000.753778 12.746222 0.000216         
12058624  32  4  0     .0477310000 .0000000038 .0000616441 .0000355902 6030857.000000 6030856.486713 0.513287 0.000009         
12320768  32  4  0     .0486403334 .0000000483 .0002197726 .0001268857 6161923.000000 6161928.232284 5.232284 0.000085         
12582912  32  4  0     .0496073334 .0000000322 .0001794435 .0001036017 6293100.500000 6293110.185050 9.685050 0.000154         
12845056  32  4  0     .0503540000 .0000000094 .0000969535 .0000559761 6424052.500000 6424060.449634 7.949634 0.000124         
13107200  32  4  0     .0513833334 .0000000040 .0000632455 .0000365148 6555297.500000 6555304.660545 7.160545 0.000109         
13369344  32  4  0     .0521156667 .0000000072 .0000848528 .0000489897 6686561.000000 6686563.121229 2.121229 0.000032         
13631488  32  4  0     .0530393333 .0000000977 .0003125699 .0001804623 6817765.500000 6817780.716869 15.216869 0.000223         
13893632  32  4  0     .0539790000 .0000000846 .0002908607 .0001679285 6948923.500000 6948936.248826 12.748826 0.000183         
14155776  32  4  0     .0549180000 .0000001410 .0003754996 .0002167947 7080179.500000 7080195.271903 15.771903 0.000223         
14417920  32  4  0     .0554733334 .0000000058 .0000761577 .0000439696 7211303.500000 7211313.112875 9.612875 0.000133         
14680064  32  4  0     .0563230000 .0000000045 .0000670820 .0000387298 7342437.500000 7342459.773022 22.273022 0.000303         
14942208  32  4  0     .0571923333 .0000000018 .0000424264 .0000244948 7473689.500000 7473707.560567 18.060567 0.000242         
15204352  32  4  0     .0581060000 .0000000028 .0000529150 .0000305504 7604312.000000 7604323.149253 11.149253 0.000147         
15466496  32  4  0     .0591716666 .0000001177 .0003430743 .0001980740 7735550.500000 7735553.113890 2.613890 0.000034         
15728640  32  4  0     .0598570000 .0000000073 .0000854400 .0000493288 7866572.000000 7866590.333937 18.333937 0.000233         
15990784  32  4  0     .0606150000 .0000000043 .0000655743 .0000378593 7997555.000000 7997572.372222 17.372222 0.000217         
16252928  32  4  0     .0616920000 .0000000559 .0002364318 .0001365039 8128753.000000 8128759.419376 6.419376 0.000079         
16515072  32  4  0     .0622930000 .0000000067 .0000818535 .0000472581 8259839.500000 8259851.690899 12.190899 0.000148         
16777216  32  4  0     .0631810000 .0000000013 .0000360555 .0000208166 8390998.000000 8391002.788552 4.788552 0.000057         
17039360  32  4  0     .0642213334 .0000000452 .0002126029 .0001227463 8522215.000000 8522235.125122 20.125122 0.000236         
17301504  32  4  0     .0649746666 .0000000131 .0001144552 .0000660807 8653378.000000 8653389.402089 11.402089 0.000132         
17563648  32  4  0     .0659253333 .0000000729 .0002700000 .0001558845 8784392.000000 8784412.136968 20.136968 0.000229         
17825792  32  4  0     .0666456667 .0000000373 .0001931320 .0001115048 8915366.000000 8915389.710793 23.710793 0.000266         
18087936  32  4  0     .0674846666 .0000000047 .0000685565 .0000395811 9046328.000000 9046332.925472 4.925472 0.000054         
18350080  32  4  0     .0683560000 .0000000030 .0000547722 .0000316227 9177446.000000 9177467.800913 21.800913 0.000238         
18612224  32  4  0     .0696820000 .0000001425 .0003774917 .0002179449 9308310.000000 9308328.917768 18.917768 0.000203         
18874368  32  4  0     .0700186666 .0000000090 .0000948683 .0000547722 9439597.000000 9439620.557659 23.557659 0.000250         
19136512  32  4  0     .0709810000 .0000000095 .0000974679 .0000562731 9570808.000000 9570827.865685 19.865685 0.000208         
19398656  32  4  0     .0717486667 .0000000004 .0000200000 .0000115470 9701954.000000 9701971.495802 17.495802 0.000180         
19660800  32  4  0     .0726730000 .0000000048 .0000692820 .0000399999 9833092.000000 9833100.092560 8.092560 0.000082         
19922944  32  4  0     .0737356667 .0000000791 .0002812472 .0001623781 9964233.000000 9964247.453568 14.453568 0.000145         
20185088  32  4  0     .0744713334 .0000000658 .0002565151 .0001480990 10095338.000000 10095356.775558 18.775558 0.000186         
20447232  32  4  0     .0751766667 .0000000045 .0000670820 .0000387298 10226748.000000 10226773.916986 25.916986 0.000253         
20709376  32  4  0     .0762873333 .0000001035 .0003217141 .0001857417 10357815.000000 10357844.330021 29.330021 0.000283         
20971520  32  4  0     .0769293334 .0000000031 .0000556776 .0000321454 10489109.000000 10489149.634951 40.634951 0.000387         
21233664  32  4  0     .0778406667 .0000000139 .0001178982 .0000680685 10620091.000000 10620114.902902 23.902902 0.000225         
21495808  32  4  0     .0786483333 .0000000076 .0000871779 .0000503321 10750890.000000 10750912.127341 22.127341 0.000206         
21757952  32  4  0     .0796966666 .0000000593 .0002435159 .0001405939 10881751.000000 10881797.013319 46.013319 0.000423         
22020096  32  4  0     .0803523333 .0000000026 .0000509901 .0000294391 11012836.000000 11012883.343030 47.343030 0.000430         
22282240  32  4  0     .0812206667 .0000000006 .0000244948 .0000141420 11143929.000000 11143965.924556 36.924556 0.000331         
22544384  32  4  0     .0820993334 .0000000216 .0001469693 .0000848527 11274926.000000 11274968.962637 42.962637 0.000381         
22806528  32  4  0     .0829400000 .0000000004 .0000200000 .0000115470 11406125.000000 11406155.346762 30.346762 0.000266         
23068672  32  4  0     .0838940000 .0000000205 .0001431782 .0000826639 11537159.000000 11537202.307074 43.307074 0.000375         
23330816  32  4  0     .0847226667 .0000000022 .0000469041 .0000270800 11668179.000000 11668201.176011 22.176011 0.000190         
23592960  32  4  0     .0855243333 .0000000080 .0000894427 .0000516397 11799259.000000 11799293.484149 34.484149 0.000292         
23855104  32  4  0     .0864913334 .0000000699 .0002643860 .0001526433 11930241.000000 11930258.610061 17.610061 0.000148         
24117248  32  4  0     .0872040000 .0000000023 .0000479583 .0000276887 12061087.000000 12061102.456608 15.456608 0.000128         
24379392  32  4  0     .0880350000 .0000000024 .0000489897 .0000282842 12192298.000000 12192318.150323 20.150323 0.000165         
24641536  32  4  0     .0889576667 .0000000007 .0000264575 .0000152752 12323408.000000 12323427.341025 19.341025 0.000157         
24903680  32  4  0     .0898020000 .0000000019 .0000435889 .0000251660 12454208.000000 12454218.895285 10.895285 0.000087         
25165824  32  4  0     .0906843333 .0000000176 .0001326649 .0000765941 12585435.000000 12585441.352596 6.352596 0.000050         
25427968  32  4  0     .0914620000 .0000000001 .0000100000 .0000057735 12716410.000000 12716422.250519 12.250519 0.000096         
25690112  32  4  0     .0923680000 .0000000149 .0001220655 .0000704745 12847673.000000 12847682.118135 9.118135 0.000071         
25952256  32  4  0     .0932510000 .0000000006 .0000244948 .0000141420 12978733.000000 12978740.353532 7.353532 0.000057         
26214400  32  4  0     .0940703333 .0000000050 .0000707106 .0000408247 13109942.000000 13109956.862881 14.862881 0.000113         
26476544  32  4  0     .0949523334 .0000000023 .0000479583 .0000276887 13240913.000000 13240924.144425 11.144425 0.000084         
26738688  32  4  0     .0958516666 .0000000065 .0000806225 .0000465474 13372176.000000 13372191.432306 15.432306 0.000115         
27000832  32  4  0     .0966913333 0 0 0 13503336.000000 13503348.167770 12.167770 0.000090         
27262976  32  4  0     .0976743333 .0000001089 .0003300000 .0001905255 13634703.000000 13634727.027385 24.027385 0.000176         
27525120  32  4  0     .0983683333 .0000000138 .0001174734 .0000678232 13765906.000000 13765934.237632 28.237632 0.000205         
27787264  32  4  0     .0992653334 .0000000302 .0001737814 .0001003327 13897110.000000 13897127.694457 17.694457 0.000127         
28049408  32  4  0     .1004830000 .0000003430 .0005856620 .0003381321 14028297.000000 14028317.598272 20.598272 0.000147         
28311552  32  4  0     .1009650000 .0000000016 .0000400000 .0000230940 14159664.000000 14159688.049817 24.049817 0.000170         
28573696  32  4  0     .1018243333 .0000000042 .0000648074 .0000374165 14290484.000000 14290516.644096 32.644096 0.000228         
28835840  32  4  0     .1029940000 .0000000552 .0002349468 .0001356465 14421516.000000 14421544.059451 28.059451 0.000195         
29097984  32  4  0     .1036530000 .0000000151 .0001228820 .0000709459 14552443.000000 14552485.364726 42.364726 0.000291         
29360128  32  4  0     .1043323333 .0000000029 .0000538516 .0000310912 14683574.000000 14683603.649292 29.649292 0.000202         
29622272  32  4  0     .1052560000 .0000000051 .0000714142 .0000412310 14814738.000000 14814781.358994 43.358994 0.000293         
29884416  32  4  0     .1060656667 .0000000051 .0000714142 .0000412310 14945787.000000 14945818.262407 31.262407 0.000209         
30146560  32  4  0     .1069253334 .0000000002 .0000141421 .0000081649 15076988.000000 15077023.241595 35.241595 0.000234         
30408704  32  4  0     .1077800000 .0000000019 .0000435889 .0000251660 15208152.000000 15208201.057636 49.057636 0.000323         
30670848  32  4  0     .1086890000 .0000000010 .0000316227 .0000182573 15339249.000000 15339305.875277 56.875277 0.000371         
30932992  32  4  0     .1095066666 .0000000088 .0000938083 .0000541602 15470263.000000 15470315.078975 52.078975 0.000337         
31195136  32  4  0     .1102760000 .0000000013 .0000360555 .0000208166 15601133.000000 15601182.180127 49.180127 0.000315         
31457280  32  4  0     .1111906667 .0000000014 .0000374165 .0000216024 15732154.000000 15732203.670905 49.670905 0.000316         
31719424  32  4  0     .1121186667 .0000000050 .0000707106 .0000408247 15863226.000000 15863266.128067 40.128067 0.000253         
31981568  32  4  0     .1129640000 .0000000338 .0001838477 .0001061445 15994236.000000 15994292.257334 56.257334 0.000352         
32243712  32  4  0     .1138710000 .0000000002 .0000141421 .0000081649 16125267.000000 16125302.374273 35.374273 0.000219         
32505856  32  4  0     .1146096667 .0000000021 .0000458257 .0000264574 16256165.000000 16256213.292175 48.292175 0.000297         
32768000  32  4  0     .1155050000 .0000000178 .0001334166 .0000770281 16387352.000000 16387388.878030 36.878030 0.000225         
33030144  32  4  0     .1163443334 .0000000002 .0000141421 .0000081649 16518467.000000 16518492.709807 25.709807 0.000156         
33292288  32  4  0     .1172016667 .0000000010 .0000316227 .0000182573 16649431.000000 16649456.307644 25.307644 0.000152         
33554432  32  4  0     .1180710000 .0000000037 .0000608276 .0000351188 16780406.000000 16780420.730242 14.730242 0.000088         
33816576  32  4  0     .1189770000 .0000000093 .0000964365 .0000556776 16911456.000000 16911483.082978 27.082978 0.000160         
34078720  32  4  0     .1198810000 .0000000061 .0000781024 .0000450924 17042646.000000 17042686.184338 40.184338 0.000236         
34340864  32  4  0     .1207633333 .0000000189 .0001374772 .0000793724 17173806.000000 17173817.211734 11.211734 0.000065         
34603008  32  4  0     .1215253334 .0000000156 .0001248999 .0000721109 17304728.000000 17304751.466334 23.466334 0.000136         
34865152  32  4  0     .1225546667 .0000001030 .0003209361 .0001852925 17435708.000000 17435735.666941 27.666941 0.000159         
35127296  32  4  0     .1231446666 .0000000076 .0000871779 .0000503321 17566792.000000 17566823.369062 31.369062 0.000179         
35389440  32  4  0     .1239703334 0 0 0 17698016.000000 17698043.158802 27.158802 0.000153         
35651584  32  4  0     .1249593334 .0000000158 .0001256980 .0000725717 17829006.000000 17829058.024139 52.024139 0.000292         
35913728  32  4  0     .1257753334 .0000000025 .0000500000 .0000288675 17960302.000000 17960333.681411 31.681411 0.000176         
36175872  32  4  0     .1266760000 .0000000028 .0000529150 .0000305504 18091208.000000 18091254.777764 46.777764 0.000259         
36438016  32  4  0     .1276706666 .0000000206 .0001435270 .0000828653 18222276.000000 18222328.514318 52.514318 0.000288         
36700160  32  4  0     .1284470000 .0000000561 .0002368543 .0001367478 18353376.000000 18353415.273999 39.273999 0.000214         
36962304  32  4  0     .1292123333 .0000000083 .0000911043 .0000525990 18484426.000000 18484443.368167 17.368167 0.000094         
37224448  32  4  0     .1300136666 .0000000001 .0000100000 .0000057735 18615422.000000 18615444.260279 22.260279 0.000120         
37486592  32  4  0     .1309206667 .0000000077 .0000877496 .0000506622 18746562.000000 18746572.554609 10.554609 0.000056         
37748736  32  4  0     .1317243334 .0000000026 .0000509901 .0000294391 18877746.000000 18877751.514373 5.514373 0.000029         
38010880  32  4  0     .1326793334 .0000000003 .0000173205 .0000099999 19008890.000000 19008872.118618 17.881382 0.000094         
38273024  32  4  0     .1335863333 .0000000098 .0000989949 .0000571547 19140018.000000 19140052.095440 34.095440 0.000178         
38535168  32  4  0     .1344343333 .0000000322 .0001794435 .0001036017 19271070.000000 19271100.661077 30.661077 0.000159         
38797312  32  4  0     .1351713333 .0000000100 .0001000000 .0000577350 19402098.000000 19402142.357907 44.357907 0.000229         
39059456  32  4  0     .1360496666 .0000000001 .0000100000 .0000057735 19533126.000000 19533167.999185 41.999185 0.000215         
39321600  32  4  0     .1369610000 .0000000073 .0000854400 .0000493288 19664078.000000 19664133.796539 55.796539 0.000284         
39583744  32  4  0     .1377650000 .0000000006 .0000244948 .0000141420 19795244.000000 19795290.016308 46.016308 0.000232         
39845888  32  4  0     .1388173334 .0000001749 .0004182104 .0002414538 19926218.000000 19926283.319879 65.319879 0.000328         
40108032  32  4  0     .1395723333 .0000000007 .0000264575 .0000152752 20057216.000000 20057253.431849 37.431849 0.000187         
40370176  32  4  0     .1403873334 .0000000195 .0001396424 .0000806225 20188296.000000 20188375.738796 79.738796 0.000395         
40632320  32  4  0     .1419236667 .0000005285 .0007269800 .0004197220 20319502.000000 20319555.985162 53.985162 0.000266         
40894464  32  4  0     .1420953334 .0000000287 .0001694107 .0000978093 20450402.000000 20450480.093693 78.093693 0.000382         
41156608  32  4  0     .1430333333 .0000000158 .0001256980 .0000725717 20581584.000000 20581649.798376 65.798376 0.000320         
41418752  32  4  0     .1438570000 .0000000150 .0001224744 .0000707106 20712564.000000 20712630.509960 66.509960 0.000321         
41680896  32  4  0     .1445540000 .0000000014 .0000374165 .0000216024 20843502.000000 20843586.638639 84.638639 0.000406         
41943040  32  4  0     .1454653333 .0000000008 .0000282842 .0000163298 20974372.000000 20974435.550480 63.550480 0.000303         
42205184  32  4  0     .1463413334 .0000000065 .0000806225 .0000465474 21105422.000000 21105512.841431 90.841431 0.000430         
42467328  32  4  0     .1471826666 .0000000049 .0000700000 .0000404145 21236606.000000 21236686.704331 80.704331 0.000380         
42729472  32  4  0     .1481956666 .0000000296 .0001720465 .0000993310 21367738.000000 21367810.599773 72.599773 0.000340         
42991616  32  4  0     .1488816667 .0000000012 .0000346410 .0000199999 21498652.000000 21498755.712957 103.712957 0.000482         
43253760  32  4  0     .1498256666 .0000000031 .0000556776 .0000321454 21629514.000000 21629634.448317 120.448317 0.000557         
43515904  32  4  0     .1505366667 .0000000022 .0000469041 .0000270800 21760596.000000 21760727.852537 131.852537 0.000606         
43778048  32  4  0     .1514820000 .0000000073 .0000854400 .0000493288 21891626.000000 21891744.429110 118.429110 0.000541         
44040192  32  4  0     .1523006667 .0000000017 .0000412310 .0000238047 22022804.000000 22022940.838761 136.838761 0.000621         
44302336  32  4  0     .1532300000 .0000000067 .0000818535 .0000472581 22153916.000000 22154051.289805 135.289805 0.000611         
44564480  32  4  0     .1541113333 .0000000362 .0001902629 .0001098483 22285064.000000 22285173.935062 109.935062 0.000493         
44826624  32  4  0     .1549673334 .0000000025 .0000500000 .0000288675 22416120.000000 22416255.140924 135.140924 0.000603         
45088768  32  4  0     .1557346667 .0000000079 .0000888819 .0000513159 22547250.000000 22547407.273871 157.273871 0.000698         
45350912  32  4  0     .1566020000 .0000000032 .0000565685 .0000326598 22678374.000000 22678480.465642 106.465642 0.000469         
45613056  32  4  0     .1574796666 .0000000019 .0000435889 .0000251660 22809382.000000 22809514.752163 132.752163 0.000582         
45875200  32  4  0     .1585350000 .0000000614 .0002477902 .0001430617 22940494.000000 22940610.802193 116.802193 0.000509         
46137344  32  4  0     .1591120000 .0000000013 .0000360555 .0000208166 23071398.000000 23071543.101511 145.101511 0.000629         
46399488  32  4  0     .1602203334 .0000001304 .0003611094 .0002084866 23202394.000000 23202568.373131 174.373131 0.000752         
46661632  32  4  0     .1611020000 .0000001194 .0003455430 .0001994993 23333394.000000 23333538.595203 144.595203 0.000620         
46923776  32  4  0     .1617723333 .0000000031 .0000556776 .0000321454 23464368.000000 23464517.837944 149.837944 0.000639         
47185920  32  4  0     .1625663334 0 0 0 23595632.000000 23595807.651290 175.651290 0.000744         
47448064  32  4  0     .1636883334 .0000000882 .0002969848 .0001714642 23726760.000000 23726942.102109 182.102109 0.000767         
47710208  32  4  0     .1643640000 .0000000033 .0000574456 .0000331662 23857784.000000 23857953.240622 169.240622 0.000709         
47972352  32  4  0     .1651296666 .0000000005 .0000223606 .0000129098 23988722.000000 23988868.874940 146.874940 0.000612         
48234496  32  4  0     .1659610000 .0000000014 .0000374165 .0000216024 24119556.000000 24119729.349311 173.349311 0.000719         
48496640  32  4  0     .1670276667 .0000000040 .0000632455 .0000365148 24250474.000000 24250658.609181 184.609181 0.000761         
48758784  32  4  0     .1677483334 .0000000079 .0000888819 .0000513159 24381604.000000 24381815.511388 211.511388 0.000867         
49020928  32  4  0     .1688813334 .0000000750 .0002738612 .0001581138 24512720.000000 24512923.019068 203.019068 0.000828         
49283072  32  4  0     .1694110000 .0000000023 .0000479583 .0000276887 24644362.000000 24644551.115473 189.115473 0.000767         
49545216  32  4  0     .1703730000 .0000000086 .0000927361 .0000535412 24775484.000000 24775683.803748 199.803748 0.000806         
49807360  32  4  0     .1711683334 .0000000026 .0000509901 .0000294391 24906510.000000 24906738.880855 228.880855 0.000919         
50069504  32  4  0     .1725266667 .0000002560 .0005059644 .0002921186 25037824.000000 25038033.233241 209.233241 0.000836         
50331648  32  4  0     .1728930000 .0000000025 .0000500000 .0000288675 25168850.000000 25169079.440325 229.440325 0.000912         
50593792  32  4  0     .1738926666 .0000000071 .0000842614 .0000486483 25300006.000000 25300207.841714 201.841714 0.000798         
50855936  32  4  0     .1748103334 .0000000548 .0002340939 .0001351541 25431026.000000 25431238.370753 212.370753 0.000835         
51118080  32  4  0     .1755523333 .0000000120 .0001095445 .0000632455 25562170.000000 25562406.197889 236.197889 0.000924         
51380224  32  4  0     .1765126666 .0000000519 .0002278157 .0001315294 25693042.000000 25693301.457813 259.457813 0.001010         
51642368  32  4  0     .1771766666 .0000000091 .0000953939 .0000550756 25824326.000000 25824566.934917 240.934917 0.000933         
51904512  32  4  0     .1780293334 .0000000025 .0000500000 .0000288675 25955354.000000 25955613.973743 259.973743 0.001002         
52166656  32  4  0     .1790030000 .0000000166 .0001288409 .0000743863 26086408.000000 26086656.732928 248.732928 0.000953         
52428800  32  4  0     .1797366667 .0000000135 .0001161895 .0000670820 26217352.000000 26217593.712841 241.712841 0.000922         
52690944  32  4  0     .1806180000 .0000000187 .0001367479 .0000789514 26348250.000000 26348514.246981 264.246981 0.001003         
52953088  32  4  0     .1815250000 .0000000023 .0000479583 .0000276887 26479398.000000 26479657.122608 259.122608 0.000979         
53215232  32  4  0     .1823720000 .0000000053 .0000728010 .0000420316 26610240.000000 26610498.606217 258.606217 0.000972         
53477376  32  4  0     .1831326666 .0000000014 .0000374165 .0000216024 26741454.000000 26741693.758919 239.758919 0.000897         
53739520  32  4  0     .1840486667 .0000000024 .0000489897 .0000282842 26872418.000000 26872691.783758 273.783758 0.001019         
54001664  32  4  0     .1848740000 .0000000021 .0000458257 .0000264574 27003388.000000 27003651.615816 263.615816 0.000976         
54263808  32  4  0     .1857493333 0 0 0 27134552.000000 27134833.316581 281.316581 0.001037         
54525952  32  4  0     .1867293334 .0000000616 .0002481934 .0001432945 27265552.000000 27265860.680417 308.680417 0.001132         
54788096  32  4  0     .1875076666 .0000000089 .0000943398 .0000544671 27396642.000000 27396915.815049 273.815049 0.000999         
55050240  32  4  0     .1883146666 .0000000055 .0000741619 .0000428173 27527846.000000 27528144.704314 298.704314 0.001085         
55312384  32  4  0     .1892223333 .0000000051 .0000714142 .0000412310 27659344.000000 27659643.168569 299.168569 0.001082         
55574528  32  4  0     .1900470000 .0000000227 .0001506651 .0000869865 27790448.000000 27790750.489135 302.489135 0.001088         
55836672  32  4  0     .1913730000 .0000008225 .0009069178 .0005236092 27921108.000000 27921404.091874 296.091874 0.001060         
56098816  32  4  0     .1917596667 .0000000051 .0000714142 .0000412310 28052254.000000 28052546.508964 292.508964 0.001043         
56360960  32  4  0     .1931746667 .0000010932 .0010455620 .0006036555 28183482.000000 28183786.548146 304.548146 0.001081         
56623104  32  4  0     .1939066667 .0000006283 .0007926537 .0004576388 28314478.000000 28314810.473419 332.473419 0.001174         
56885248  32  4  0     .1943796667 .0000000001 .0000100000 .0000057735 28445394.000000 28445720.030255 326.030255 0.001146         
57147392  32  4  0     .1952453334 .0000000018 .0000424264 .0000244948 28576496.000000 28576804.832187 308.832187 0.001081         
57409536  32  4  0     .1960046666 .0000000027 .0000519615 .0000299999 28707508.000000 28707809.192004 301.192004 0.001049         
57671680  32  4  0     .1969876666 .0000000213 .0001459451 .0000842614 28838606.000000 28838924.890984 318.890984 0.001106         
57933824  32  4  0     .1978203333 .0000000223 .0001493318 .0000862167 28969700.000000 28970040.619681 340.619681 0.001176         
58195968  32  4  0     .1986766666 .0000000241 .0001552417 .0000896288 29100892.000000 29101234.780832 342.780832 0.001178         
58458112  32  4  0     .1994963333 .0000000014 .0000374165 .0000216024 29231800.000000 29232172.961216 372.961216 0.001276         
58720256  32  4  0     .2003506667 .0000000239 .0001545962 .0000892561 29363098.000000 29363414.035267 316.035267 0.001076         
58982400  32  4  0     .2012096666 .0000000091 .0000953939 .0000550756 29493814.000000 29494120.869898 306.869898 0.001040         
59244544  32  4  0     .2019916667 .0000000022 .0000469041 .0000270800 29624988.000000 29625343.516325 355.516325 0.001200         
59506688  32  4  0     .2028996667 .0000000053 .0000728010 .0000420316 29755976.000000 29756304.111315 328.111315 0.001103         
59768832  32  4  0     .2036780000 .0000000021 .0000458257 .0000264574 29886974.000000 29887298.165213 324.165213 0.001085         
60030976  32  4  0     .2046576667 .0000000125 .0001118033 .0000645496 30018016.000000 30018338.489634 322.489634 0.001074         
60293120  32  4  0     .2054976667 .0000000406 .0002014944 .0001163328 30149066.000000 30149421.051260 355.051260 0.001178         
60555264  32  4  0     .2063330000 .0000000214 .0001462873 .0000844590 30280212.000000 30280533.820704 321.820704 0.001063         
60817408  32  4  0     .2072883333 .0000000372 .0001928730 .0001113552 30411284.000000 30411621.645035 337.645035 0.001110         
61079552  32  4  0     .2080856666 .0000000147 .0001212435 .0000699999 30542578.000000 30542904.599176 326.599176 0.001069         
61341696  32  4  0     .2088753334 .0000000010 .0000316227 .0000182573 30673850.000000 30674130.771360 280.771360 0.000915         
61603840  32  4  0     .2097873334 .0000000340 .0001843908 .0001064580 30805010.000000 30805350.088706 340.088706 0.001104         
61865984  32  4  0     .2106353333 .0000000024 .0000489897 .0000282842 30936166.000000 30936473.825099 307.825099 0.000995         
62128128  32  4  0     .2114946666 .0000000036 .0000600000 .0000346410 31067216.000000 31067522.706566 306.706566 0.000987         
62390272  32  4  0     .2122846666 .0000000028 .0000529150 .0000305504 31198508.000000 31198875.494004 367.494004 0.001178         
62652416  32  4  0     .2131800000 .0000000038 .0000616441 .0000355902 31329604.000000 31329969.810243 365.810243 0.001168         
62914560  32  4  0     .2139553333 .0000000021 .0000458257 .0000264574 31460758.000000 31461100.786540 342.786540 0.001090         
63176704  32  4  0     .2150006667 .0000000351 .0001873499 .0001081665 31592028.000000 31592392.698684 364.698684 0.001154         
63438848  32  4  0     .2157550000 .0000000068 .0000824621 .0000476095 31723346.000000 31723719.501487 373.501487 0.001177         
63700992  32  4  0     .2166696667 .0000000234 .0001529705 .0000883175 31854324.000000 31854701.767878 377.767878 0.001186         
63963136  32  4  0     .2174283333 .0000000012 .0000346410 .0000199999 31985276.000000 31985628.370524 352.370524 0.001102         
64225280  32  4  0     .2183153334 .0000000068 .0000824621 .0000476095 32116390.000000 32116818.084213 428.084213 0.001333         
64487424  32  4  0     .2192456666 .0000000053 .0000728010 .0000420316 32247672.000000 32248052.585656 380.585656 0.001180         
64749568  32  4  0     .2200673334 .0000000050 .0000707106 .0000408247 32378604.000000 32378988.751801 384.751801 0.001188         
65011712  32  4  0     .2211193333 .0000000231 .0001519868 .0000877496 32509668.000000 32510023.201321 355.201321 0.001093         
65273856  32  4  0     .2216976666 .0000000010 .0000316227 .0000182573 32640678.000000 32641062.551352 384.551352 0.001178         
65536000  32  4  0     .2225746666 .0000000021 .0000458257 .0000264574 32771540.000000 32771912.814247 372.814247 0.001138         
65798144  32  4  0     .2235160000 .0000000144 .0001200000 .0000692820 32902422.000000 32902836.611068 414.611068 0.001260         
66060288  32  4  0     .2242860000 .0000000016 .0000400000 .0000230940 33033442.000000 33033834.242634 392.242634 0.001187         
66322432  32  4  0     .2251140000 .0000000001 .0000100000 .0000057735 33164486.000000 33164849.572813 363.572813 0.001096         
66584576  32  4  0     .2259670000 .0000000091 .0000953939 .0000550756 33295340.000000 33295702.802860 362.802860 0.001090         
66846720  32  4  0     .2267883333 .0000000064 .0000800000 .0000461880 33426464.000000 33426839.580154 375.580154 0.001124         
67108864  32  4  0     .2277746667 0 0 0 33557492.000000 33557831.136790 339.136790 0.001011         
67371008  32  4  0     .2285620000 .0000000005 .0000223606 .0000129098 33688492.000000 33688824.466880 332.466880 0.000987         
67633152  32  4  0     .2295223334 .0000000349 .0001868154 .0001078579 33819380.000000 33819727.695805 347.695805 0.001028         
67895296  32  4  0     .2303860000 .0000000132 .0001148912 .0000663324 33950228.000000 33950584.265917 356.265917 0.001049         
68157440  32  4  0     .2311476667 0 0 0 34081144.000000 34081500.694456 356.694456 0.001047         
68419584  32  4  0     .2320386666 .0000000001 .0000100000 .0000057735 34212244.000000 34212569.639244 325.639244 0.000952         
68681728  32  4  0     .2328800000 .0000000263 .0001621727 .0000936304 34343512.000000 34343841.012854 329.012854 0.000958         
68943872  32  4  0     .2337440000 .0000000049 .0000700000 .0000404145 34474652.000000 34474979.110094 327.110094 0.000949         
69206016  32  4  0     .2347450000 .0000001041 .0003226453 .0001862793 34605716.000000 34606046.969590 330.969590 0.000956         
69468160  32  4  0     .2355906666 .0000000470 .0002167948 .0001251665 34736784.000000 34737098.427752 314.427752 0.000905         
69730304  32  4  0     .2363416666 .0000000079 .0000888819 .0000513159 34867776.000000 34868045.534473 269.534473 0.000773         
69992448  32  4  0     .2371366667 .0000000060 .0000774596 .0000447213 34998784.000000 34999024.038951 240.038951 0.000686         
70254592  32  4  0     .2379990000 .0000000027 .0000519615 .0000299999 35130140.000000 35130372.664308 232.664308 0.000662         
70516736  32  4  0     .2389820000 .0000000094 .0000969535 .0000559761 35261092.000000 35261394.394316 302.394316 0.000858         
70778880  32  4  0     .2397283333 .0000000186 .0001363818 .0000787400 35392060.000000 35392307.228772 247.228772 0.000699         
71041024  32  4  0     .2406423333 .0000000305 .0001746424 .0001008298 35523128.000000 35523411.343006 283.343006 0.000798         
71303168  32  4  0     .2413900000 .0000000060 .0000774596 .0000447213 35654100.000000 35654407.281438 307.281438 0.000862         
71565312  32  4  0     .2422606667 .0000000029 .0000538516 .0000310912 35785076.000000 35785317.364018 241.364018 0.000674         
71827456  32  4  0     .2431000000 .0000000048 .0000692820 .0000399999 35916336.000000 35916600.905856 264.905856 0.000738         
72089600  32  4  0     .2440000000 .0000000005 .0000223606 .0000129098 36047356.000000 36047639.912437 283.912437 0.000788         
72351744  32  4  0     .2447853334 .0000000005 .0000223606 .0000129098 36178508.000000 36178763.466102 255.466102 0.000706         
72613888  32  4  0     .2457123334 .0000000188 .0001371130 .0000791622 36309548.000000 36309805.406286 257.406286 0.000709         
72876032  32  4  0     .2465830000 .0000000010 .0000316227 .0000182573 36440460.000000 36440746.888968 286.888968 0.000787         
73138176  32  4  0     .2475496666 .0000000878 .0002963106 .0001710750 36571660.000000 36571946.230389 286.230389 0.000783         
73400320  32  4  0     .2483123333 .0000000269 .0001640121 .0000946924 36702728.000000 36703053.491301 325.491301 0.000887         
73662464  32  4  0     .2491730000 .0000000029 .0000538516 .0000310912 36833948.000000 36834287.346595 339.346595 0.000921         
73924608  32  4  0     .2499810000 .0000000027 .0000519615 .0000299999 36965104.000000 36965411.232771 307.232771 0.000831         
74186752  32  4  0     .2508233334 .0000000070 .0000836660 .0000483045 37096000.000000 37096332.405888 332.405888 0.000896         
74448896  32  4  0     .2517046667 .0000000202 .0001421267 .0000820568 37227184.000000 37227475.468742 291.468742 0.000783         
74711040  32  4  0     .2525913333 .0000000033 .0000574456 .0000331662 37357888.000000 37358207.968171 319.968171 0.000856         
74973184  32  4  0     .2535246667 .0000000483 .0002197726 .0001268857 37488912.000000 37489212.385343 300.385343 0.000801         
75235328  32  4  0     .2542296666 .0000000002 .0000141421 .0000081649 37619812.000000 37620146.420269 334.420269 0.000889         
75497472  32  4  0     .2551106667 .0000000081 .0000900000 .0000519615 37750852.000000 37751246.666171 394.666171 0.001045         
75759616  32  4  0     .2560060000 .0000000242 .0001555634 .0000898145 37881800.000000 37882167.410239 367.410239 0.000970         
76021760  32  4  0     .2568066666 .0000000097 .0000984885 .0000568623 38012984.000000 38013380.219182 396.219182 0.001042         
76283904  32  4  0     .2576410000 .0000000034 .0000583095 .0000336650 38143980.000000 38144335.214411 355.214411 0.000931         
76546048  32  4  0     .2584770000 .0000000042 .0000648074 .0000374165 38275140.000000 38275463.364627 323.364627 0.000845         
76808192  32  4  0     .2594940000 .0000000042 .0000648074 .0000374165 38405960.000000 38406370.660374 410.660374 0.001069         
77070336  32  4  0     .2602943333 .0000000057 .0000754983 .0000435889 38537212.000000 38537601.624223 389.624223 0.001011         
77332480  32  4  0     .2611153333 .0000000102 .0001009950 .0000583094 38668220.000000 38668603.366580 383.366580 0.000991         
77594624  32  4  0     .2620903334 .0000001453 .0003811823 .0002200757 38799264.000000 38799648.847829 384.847829 0.000992         
77856768  32  4  0     .2629393334 .0000000081 .0000900000 .0000519615 38930588.000000 38931008.905776 420.905776 0.001081         
78118912  32  4  0     .2636926667 .0000000040 .0000632455 .0000365148 39061772.000000 39062179.677539 407.677539 0.001044         
78381056  32  4  0     .2645476667 .0000000059 .0000768114 .0000443470 39192792.000000 39193170.099995 378.099995 0.000965         
78643200  32  4  0     .2654093334 .0000000093 .0000964365 .0000556776 39323600.000000 39324008.390316 408.390316 0.001039         
78905344  32  4  0     .2662876667 .0000000028 .0000529150 .0000305504 39454820.000000 39455200.936716 380.936716 0.000965         
79167488  32  4  0     .2672390000 .0000000066 .0000812403 .0000469041 39585960.000000 39586362.931995 402.931995 0.001018         
79429632  32  4  0     .2679533333 .0000000015 .0000387298 .0000223606 39716944.000000 39717291.343991 347.343991 0.000875         
79691776  32  4  0     .2687796667 .0000000045 .0000670820 .0000387298 39847784.000000 39848167.539959 383.539959 0.000963         
79953920  32  4  0     .2697096666 0 0 0 39978776.000000 39979177.087161 401.087161 0.001003         
80216064  32  4  0     .2706500000 .0000000137 .0001170469 .0000675770 40109876.000000 40110295.266012 419.266012 0.001045         
80478208  32  4  0     .2713886667 .0000000081 .0000900000 .0000519615 40240640.000000 40241022.834269 382.834269 0.000951         
80740352  32  4  0     .2722380000 .0000000037 .0000608276 .0000351188 40372000.000000 40372389.347550 389.347550 0.000964         
81002496  32  4  0     .2731403333 .0000000011 .0000331662 .0000191485 40503044.000000 40503436.963166 392.963166 0.000970         
81264640  32  4  0     .2740496666 .0000000187 .0001367479 .0000789514 40633940.000000 40634383.296333 443.296333 0.001091         
81526784  32  4  0     .2748996667 .0000000203 .0001424780 .0000822597 40765116.000000 40765548.187269 432.187269 0.001060         
81788928  32  4  0     .2756196667 .0000000007 .0000264575 .0000152752 40896204.000000 40896640.685990 436.685990 0.001068         
82051072  32  4  0     .2766790000 .0000000019 .0000435889 .0000251660 41027240.000000 41027683.001106 443.001106 0.001080         
82313216  32  4  0     .2773693333 .0000000004 .0000200000 .0000115470 41158560.000000 41158997.740451 437.740451 0.001064         
82575360  32  4  0     .2783103334 .0000000038 .0000616441 .0000355902 41289388.000000 41289818.797623 430.797623 0.001043         
82837504  32  4  0     .2790183333 .0000000009 .0000300000 .0000173205 41420392.000000 41420819.700373 427.700373 0.001033         
83099648  32  4  0     .2799163334 .0000000003 .0000173205 .0000099999 41551416.000000 41551833.277388 417.277388 0.001004         
83361792  32  4  0     .2808066666 .0000000026 .0000509901 .0000294391 41682652.000000 41683085.614432 433.614432 0.001040         
83623936  32  4  0     .2816296666 .0000000053 .0000728010 .0000420316 41813636.000000 41814038.585126 402.585126 0.000963         
83886080  32  4  0     .2825996666 .0000000121 .0001100000 .0000635085 41944748.000000 41945182.428313 434.428313 0.001036         
84148224  32  4  0     .2833700000 .0000000017 .0000412310 .0000238047 42075828.000000 42076201.311882 373.311882 0.000887         
84410368  32  4  0     .2842996667 .0000000191 .0001382027 .0000797913 42206872.000000 42207253.029646 381.029646 0.000903         
84672512  32  4  0     .2852226666 .0000000011 .0000331662 .0000191485 42338192.000000 42338583.642539 391.642539 0.000925         
84934656  32  4  0     .2860263333 .0000000062 .0000787400 .0000454605 42469236.000000 42469654.109097 418.109097 0.000984         
85196800  32  4  0     .2868510000 .0000000051 .0000714142 .0000412310 42599968.000000 42600356.002807 388.002807 0.000911         
85458944  32  4  0     .2877666666 .0000000343 .0001852025 .0001069267 42731188.000000 42731553.648075 365.648075 0.000856         
85721088  32  4  0     .2885496667 .0000000106 .0001029563 .0000594418 42862124.000000 42862551.735829 427.735829 0.000998         
85983232  32  4  0     .2894473334 .0000000655 .0002559296 .0001477610 42993288.000000 42993701.304903 413.304903 0.000961         
86245376  32  4  0     .2903656666 .0000000924 .0003039736 .0001754992 43124416.000000 43124807.215455 391.215455 0.000907         
86507520  32  4  0     .2910886666 .0000000048 .0000692820 .0000399999 43255700.000000 43256081.227237 381.227237 0.000881         
86769664  32  4  0     .2919536667 .0000000009 .0000300000 .0000173205 43386904.000000 43387284.945742 380.945742 0.000878         
87031808  32  4  0     .2927853334 .0000000006 .0000244948 .0000141420 43518156.000000 43518504.840398 348.840398 0.000802         
87293952  32  4  0     .2937006667 .0000000033 .0000574456 .0000331662 43649100.000000 43649419.424667 319.424667 0.000732         
87556096  32  4  0     .2944613333 .0000000050 .0000707106 .0000408247 43780288.000000 43780570.934591 282.934591 0.000646         
87818240  32  4  0     .2954050000 .0000000013 .0000360555 .0000208166 43911532.000000 43911890.309934 358.309934 0.000816         
88080384  32  4  0     .2966390000 .0000000328 .0001811077 .0001045625 44042696.000000 44043032.404931 336.404931 0.000764         
88342528  32  4  0     .2971740000 .0000000030 .0000547722 .0000316227 44173688.000000 44174074.879581 386.879581 0.000876         
88604672  32  4  0     .2980303333 .0000000044 .0000663324 .0000382970 44304664.000000 44305039.000560 375.000560 0.000846         
88866816  32  4  0     .2988943334 .0000000106 .0001029563 .0000594418 44435920.000000 44436278.932622 358.932622 0.000808         
89128960  32  4  0     .2997780000 .0000000133 .0001153256 .0000665832 44566760.000000 44567172.225160 412.225160 0.000925         
89391104  32  4  0     .3005220000 .0000000078 .0000883176 .0000509901 44698236.000000 44698637.413806 401.413806 0.000898         
89653248  32  4  0     .3013733333 .0000000147 .0001212435 .0000699999 44829256.000000 44829629.256664 373.256664 0.000833         
89915392  32  4  0     .3022670000 .0000000111 .0001053565 .0000608276 44960380.000000 44960745.302486 365.302486 0.000812         
90177536  32  4  0     .3030896666 .0000000001 .0000100000 .0000057735 45091656.000000 45091996.941210 340.941210 0.000756         
90439680  32  4  0     .3040150000 .0000000023 .0000479583 .0000276887 45222592.000000 45222973.835456 381.835456 0.000844         
90701824  32  4  0     .3050190000 .0000000094 .0000969535 .0000559761 45353848.000000 45354188.445776 340.445776 0.000751         
90963968  32  4  0     .3056556666 .0000000056 .0000748331 .0000432049 45484728.000000 45485087.486438 359.486438 0.000790         
91226112  32  4  0     .3064516667 .0000000009 .0000300000 .0000173205 45615948.000000 45616314.454488 366.454488 0.000803         
91488256  32  4  0     .3075593334 .0000000247 .0001571623 .0000907376 45747212.000000 45747594.150087 382.150087 0.000835         
91750400  32  4  0     .3081740000 .0000000053 .0000728010 .0000420316 45878452.000000 45878838.965837 386.965837 0.000843         
92012544  32  4  0     .3090823334 .0000000004 .0000200000 .0000115470 46009652.000000 46010017.308354 365.308354 0.000794         
92274688  32  4  0     .3099560000 .0000000055 .0000741619 .0000428173 46140532.000000 46140966.706750 434.706750 0.000942         
92536832  32  4  0     .3108850000 .0000000182 .0001349073 .0000778887 46271784.000000 46272228.892109 444.892109 0.000961         
92798976  32  4  0     .3116746667 .0000000013 .0000360555 .0000208166 46402872.000000 46403338.431932 466.431932 0.001005         
93061120  32  4  0     .3125403334 .0000000041 .0000640312 .0000369684 46534236.000000 46534691.243170 455.243170 0.000978         
93323264  32  4  0     .3135480000 .0000000476 .0002181742 .0001259629 46665220.000000 46665645.803096 425.803096 0.000912         
93585408  32  4  0     .3142850000 .0000000279 .0001670329 .0000964364 46796432.000000 46796812.529823 380.529823 0.000813         
93847552  32  4  0     .3150443333 .0000000046 .0000678232 .0000391577 46927536.000000 46927947.691460 411.691460 0.000877         
94109696  32  4  0     .3158890000 .0000000041 .0000640312 .0000369684 47058656.000000 47059021.558447 365.558447 0.000777         
94371840  32  4  0     .3167786666 .0000000125 .0001118033 .0000645496 47189744.000000 47190155.515040 411.515040 0.000872         
94633984  32  4  0     .3176606667 .0000000021 .0000458257 .0000264574 47320884.000000 47321276.057893 392.057893 0.000829         
94896128  32  4  0     .3185300000 .0000000018 .0000424264 .0000244948 47451800.000000 47452122.676077 322.676077 0.000680         
95158272  32  4  0     .3194080000 .0000000039 .0000624499 .0000360554 47582624.000000 47583036.291832 412.291832 0.000866         
95420416  32  4  0     .3202236667 .0000000025 .0000500000 .0000288675 47713812.000000 47714159.162406 347.162406 0.000728         
95682560  32  4  0     .3211496667 .0000000103 .0001014889 .0000585946 47844652.000000 47844993.411065 341.411065 0.000714         
95944704  32  4  0     .3219503333 .0000000109 .0001044030 .0000602771 47975740.000000 47976079.005434 339.005434 0.000707         
96206848  32  4  0     .3228056667 .0000000033 .0000574456 .0000331662 48106844.000000 48107215.403489 371.403489 0.000772         
96468992  32  4  0     .3236423334 .0000000027 .0000519615 .0000299999 48237724.000000 48238108.989904 384.989904 0.000798         
96731136  32  4  0     .3245990000 .0000000189 .0001374772 .0000793724 48368768.000000 48369127.975540 359.975540 0.000744         
96993280  32  4  0     .3253003334 .0000000005 .0000223606 .0000129098 48499644.000000 48499993.593651 349.593651 0.000721         
97255424  32  4  0     .3262140000 .0000000040 .0000632455 .0000365148 48630376.000000 48630725.268280 349.268280 0.000718         
97517568  32  4  0     .3270523334 .0000000028 .0000529150 .0000305504 48761428.000000 48761778.704412 350.704412 0.000719         
97779712  32  4  0     .3279473334 .0000000010 .0000316227 .0000182573 48892396.000000 48892765.348903 369.348903 0.000755         
98041856  32  4  0     .3286903334 .0000000029 .0000538516 .0000310912 49023140.000000 49023596.000615 456.000615 0.000930         
98304000  32  4  0     .3296620000 .0000000066 .0000812403 .0000469041 49154036.000000 49154486.330888 450.330888 0.000916         
98566144  32  4  0     .3304756667 .0000000041 .0000640312 .0000369684 49284940.000000 49285336.276241 396.276241 0.000804         
98828288  32  4  0     .3314190000 .0000000006 .0000244948 .0000141420 49415904.000000 49416313.374885 409.374885 0.000828         
99090432  32  4  0     .3322750000 .0000000230 .0001516575 .0000875594 49547116.000000 49547517.091822 401.091822 0.000810         
99352576  32  4  0     .3330830000 .0000000056 .0000748331 .0000432049 49678172.000000 49678601.199767 429.199767 0.000864         
99614720  32  4  0     .3339073333 .0000000013 .0000360555 .0000208166 49809100.000000 49809480.606112 380.606112 0.000764         
99876864  32  4  0     .3347633334 .0000000036 .0000600000 .0000346410 49940264.000000 49940660.386682 396.386682 0.000794         
100139008  32  4  0     .3355380000 .0000000049 .0000700000 .0000404145 50071324.000000 50071761.860992 437.860992 0.000874         
100401152  32  4  0     .3367133333 .0000001167 .0003416138 .0001972308 50202420.000000 50202831.631633 411.631633 0.000820         
100663296  32  4  0     .3374026667 .0000000097 .0000984885 .0000568623 50333748.000000 50334081.532996 333.532996 0.000663         
100925440  32  4  0     .3381773333 .0000000074 .0000860232 .0000496655 50464888.000000 50465248.630429 360.630429 0.000715         
101187584  32  4  0     .3391623333 .0000000038 .0000616441 .0000355902 50595752.000000 50596087.972890 335.972890 0.000664         
101449728  32  4  0     .3399250000 .0000000131 .0001144552 .0000660807 50726844.000000 50727182.235192 338.235192 0.000667         
101711872  32  4  0     .3407203333 .0000000007 .0000264575 .0000152752 50858060.000000 50858379.846353 319.846353 0.000629         
101974016  32  4  0     .3416593333 .0000000008 .0000282842 .0000163298 50989240.000000 50989521.112843 281.112843 0.000551         
102236160  32  4  0     .3427126666 .0000000892 .0002986636 .0001724335 51120328.000000 51120625.714108 297.714108 0.000582         
102498304  32  4  0     .3433440000 .0000000011 .0000331662 .0000191485 51251080.000000 51251408.542912 328.542912 0.000641         
102760448  32  4  0     .3441926666 .0000000035 .0000591607 .0000341564 51382124.000000 51382393.817043 269.817043 0.000525         
103022592  32  4  0     .3450976667 .0000000007 .0000264575 .0000152752 51513444.000000 51513789.413289 345.413289 0.000671         
103284736  32  4  0     .3458733333 .0000000023 .0000479583 .0000276887 51644640.000000 51644962.072240 322.072240 0.000624         
103546880  32  4  0     .3468016667 .0000000073 .0000854400 .0000493288 51775788.000000 51776138.832184 350.832184 0.000678         
103809024  32  4  0     .3476870000 .0000000057 .0000754983 .0000435889 51906892.000000 51907243.493467 351.493467 0.000677         
104071168  32  4  0     .3485056667 .0000000058 .0000761577 .0000439696 52037996.000000 52038346.254905 350.254905 0.000673         
104333312  32  4  0     .3494076667 .0000000011 .0000331662 .0000191485 52168988.000000 52169325.894166 337.894166 0.000648         
104595456  32  4  0     .3501770000 .0000000025 .0000500000 .0000288675 52299932.000000 52300247.883304 315.883304 0.000604         
104857600  32  4  0     .3510320000 .0000000026 .0000509901 .0000294391 52430976.000000 52431338.622100 362.622100 0.000692         
 
