262144  32  1  0.5     .0935072001 .0019849477 .0445527518 .0140888171 -407.668671 -407.668679 0.000008 0.000002         
524288  32  1  0.5     .1667669000 .0021013830 .0458408442 .0144961477 -359.310608 -359.310622 0.000015 0.000004         
786432  32  1  0.5     .2778416000 .0028637770 .0535142691 .0169226977 -776.348877 -776.348876 0.000001 0.000000         
1048576  32  1  0.5     .3111477998 .0047729031 .0690862005 .0218469748 -486.645721 -486.645707 0.000015 0.000003         
1310720  32  1  0.5     .4223988001 .0037841076 .0615151005 .0194527828 -561.037170 -561.037144 0.000026 0.000005         
1572864  32  1  0.5     .4643716001 .0056235957 .0749906374 .0237141217 -486.029114 -486.029121 0.000008 0.000002         
1835008  32  1  0.5     .5670981001 .0025340609 .0503394566 .0159187339 -337.590820 -337.590834 0.000013 0.000004         
2097152  32  1  0.5     .6040199999 .0034420529 .0586690114 .0185527704 589.474915 589.474918 0.000003 0.000001         
2359296  32  1  0.5     .6488679001 .0020456202 .0452285330 .0143025179 990.020874 990.020861 0.000013 0.000001         
2621440  32  1  0.5     .6789592000 .0020752621 .0455550447 .0144057700 813.588196 813.588178 0.000017 0.000002         
2883584  32  1  0.5     .7267184000 .0012547556 .0354225295 .0112015873 58.652561 58.652563 0.000002 0.000003         
3145728  32  1  0.5     .7480491000 .0013250185 .0364008035 .0115109447 -218.280289 -218.280282 0.000007 0.000003         
3407872  32  1  0.5     .7630125001 .0016184496 .0402299589 .0127218300 -80.393555 -80.393556 0.000001 0.000002         
3670016  32  1  0.5     .8266644999 .0009100261 .0301666388 .0095395287 -863.278625 -863.278639 0.000014 0.000002         
3932160  32  1  0.5     .8462395999 .0017120503 .0413769295 .0130845339 -615.093628 -615.093649 0.000021 0.000003         
4194304  32  1  0.5     .8624448000 .0017367362 .0416741670 .0131785287 -1137.596313 -1137.596294 0.000019 0.000002         
4456448  32  1  0.5     .8846881999 .0020459989 .0452327193 .0143038417 -986.873047 -986.873039 0.000008 0.000001         
4718592  32  1  0.5     .9835946001 .0212747144 .1458585424 .0461245210 -1644.579590 -1644.579566 0.000024 0.000001         
4980736  32  1  0.5     .9424367000 .0016972242 .0411973809 .0130277557 -1177.646973 -1177.647032 0.000059 0.000005         
5242880  32  1  0.5     .9891312000 .0018874781 .0434451159 .0137385519 -1060.947510 -1060.947528 0.000019 0.000002         
5505024  32  1  0.5     .9780287000 .0007450718 .0272960033 .0086317541 -677.782776 -677.782787 0.000011 0.000002         
5767168  32  1  0.5     1.0272110001 .0003014609 .0173626294 .0054905455 -217.272644 -217.272642 0.000002 0.000001         
6029312  32  1  0.5     1.0942344000 .0015768308 .0397093288 .0125571923 -122.406090 -122.406090 0.000000 0.000000         
6291456  32  1  0.5     1.0710544999 .0014255933 .0377570298 .0119398211 -770.501221 -770.501241 0.000020 0.000003         
6553600  32  1  0.5     1.1164499001 .0034945629 .0591148280 .0186937499 -908.552490 -908.552505 0.000014 0.000002         
6815744  32  1  0.5     1.1218263001 .0012409175 .0352266589 .0111396476 -672.580750 -672.580725 0.000024 0.000004         
7077888  32  1  0.5     1.1867760000 .0025715251 .0507102070 .0160359754 -875.153687 -875.153672 0.000014 0.000002         
7340032  32  1  0.5     1.2327967001 .0013933836 .0373280537 .0118041670 -297.681274 -297.681270 0.000004 0.000001         
7602176  32  1  0.5     1.2234143001 .0017168330 .0414346835 .0131027973 551.961609 551.961599 0.000010 0.000002         
7864320  32  1  0.5     1.2551806002 .0007089099 .0266253619 .0084196787 1364.606934 1364.606957 0.000024 0.000002         
8126464  32  1  0.5     1.2716682000 .0039867465 .0631406881 .0199668387 1666.649292 1666.649256 0.000036 0.000002         
8388608  32  1  0.5     1.3308774000 .0026247361 .0512321783 .0162010372 1172.455688 1172.455660 0.000028 0.000002         
8650752  32  1  0.5     1.3562037000 .0037329861 .0610981677 .0193209370 1553.599487 1553.599441 0.000047 0.000003         
8912896  32  1  0.5     1.3478572000 .0065778737 .0811040917 .0256473657 2234.514648 2234.514677 0.000029 0.000001         
9175040  32  1  0.5     1.3910657000 .0055506174 .0745024657 .0235597482 2494.736816 2494.736748 0.000068 0.000003         
9437184  32  1  0.5     1.4146353001 .0012146308 .0348515537 .0110210289 2404.032959 2404.033040 0.000081 0.000003         
9699328  32  1  0.5     1.4582433999 .0026256951 .0512415368 .0162039967 3625.354248 3625.354336 0.000088 0.000002         
9961472  32  1  0.5     1.4779248001 .0031886131 .0564678058 .0178566880 4795.834961 4795.835071 0.000110 0.000002         
10223616  32  1  0.5     1.5131089000 .0029691617 .0544900146 .0172312555 4493.790039 4493.789963 0.000076 0.000002         
10485760  32  1  0.5     1.5430563998 .0015410655 .0392564071 .0124139659 5221.649902 5221.649795 0.000108 0.000002         
10747904  32  1  0.5     1.5539143000 .0031944788 .0565197204 .0178731049 6027.340820 6027.340858 0.000038 0.000001         
11010048  32  1  0.5     1.5457258002 .0021626461 .0465042589 .0147059379 6039.734863 6039.734647 0.000216 0.000004         
11272192  32  1  0.5     1.5701892001 .0023316773 .0482874445 .0152698307 6527.463379 6527.463533 0.000154 0.000002         
11534336  32  1  0.5     1.5949902000 .0030581876 .0553008824 .0174876745 6257.203613 6257.203808 0.000195 0.000003         
11796480  32  1  0.5     1.6473016000 .0068136368 .0825447563 .0261029438 6737.807617 6737.807566 0.000051 0.000001         
12058624  32  1  0.5     1.6613374000 .0040384057 .0635484515 .0200957848 6166.257812 6166.257665 0.000148 0.000002         
12320768  32  1  0.5     1.7111179000 .0042879729 .0654826152 .0207074211 5424.400879 5424.401112 0.000233 0.000004         
12582912  32  1  0.5     1.7321092999 .0037670105 .0613759765 .0194087879 5624.057617 5624.057406 0.000211 0.000004         
12845056  32  1  0.5     1.7704154999 .0018209849 .0426729996 .0134943873 6336.443848 6336.443878 0.000031 0.000000         
13107200  32  1  0.5     1.8085883999 .0027074766 .0520334181 .0164544115 6534.873535 6534.873468 0.000067 0.000001         
13369344  32  1  0.5     1.8375562000 .0053753301 .0733166427 .0231847581 6300.133789 6300.133629 0.000160 0.000003         
13631488  32  1  0.5     1.8455050999 .0049734439 .0705226481 .0223012194 6066.860352 6066.860381 0.000030 0.000000         
13893632  32  1  0.5     1.8797722002 .0054905294 .0740981065 .0234318786 5898.240234 5898.240268 0.000034 0.000001         
14155776  32  1  0.5     1.9438392000 .0018363667 .0428528493 .0135512608 6527.606445 6527.606205 0.000240 0.000004         
14417920  32  1  0.5     1.9258138999 .0051732040 .0719249887 .0227446784 7080.698242 7080.698467 0.000225 0.000003         
14680064  32  1  0.5     1.9754169999 .0044235795 .0665099954 .0210323072 5849.198242 5849.198034 0.000208 0.000004         
14942208  32  1  0.5     1.9749570002 .0046654497 .0683040972 .0215996520 5716.819824 5716.820038 0.000214 0.000004         
15204352  32  1  0.5     1.9637056000 .0012929677 .0359578600 .0113708737 5995.664062 5995.664163 0.000101 0.000002         
15466496  32  1  0.5     1.9699276999 .0017000563 .0412317389 .0130386206 6172.314941 6172.315078 0.000137 0.000002         
15728640  32  1  0.5     2.0289467001 .0053471445 .0731241717 .0231238934 7213.428223 7213.428360 0.000138 0.000002         
15990784  32  1  0.5     2.0172859999 .0023579029 .0485582423 .0153554644 7782.414551 7782.414739 0.000188 0.000002         
16252928  32  1  0.5     2.0639594001 .0024718235 .0497174365 .0157220338 7579.272949 7579.273045 0.000096 0.000001         
16515072  32  1  0.5     2.0566184001 .0005866254 .0242203509 .0076591474 7421.808594 7421.808385 0.000209 0.000003         
16777216  32  1  0.5     2.1182541999 .0012350199 .0351428499 .0111131449 7339.036133 7339.036169 0.000036 0.000000         
17039360  32  1  0.5     2.1303637002 .0028107514 .0530165200 .0167652956 7487.719727 7487.719870 0.000143 0.000002         
17301504  32  1  0.5     2.1685739998 .0010510831 .0324204117 .0102522343 7139.380371 7139.380335 0.000036 0.000001         
17563648  32  1  0.5     2.1840006000 .0014346353 .0378765798 .0119776262 7204.395508 7204.395606 0.000098 0.000001         
17825792  32  1  0.5     2.1874174000 .0026428132 .0514082989 .0162567315 7480.127930 7480.127804 0.000126 0.000002         
18087936  32  1  0.5     2.2399833002 .0066998385 .0818525411 .0258840462 7028.628906 7028.628884 0.000022 0.000000         
18350080  32  1  0.5     2.2668002002 .0011815666 .0343739232 .0108699889 6140.149414 6140.149261 0.000153 0.000002         
18612224  32  1  0.5     2.3148048000 .0028164751 .0530704729 .0167823570 5411.747559 5411.747768 0.000209 0.000004         
18874368  32  1  0.5     2.3630067999 .0060053407 .0774941333 .0245057966 6012.430664 6012.430533 0.000131 0.000002         
19136512  32  1  0.5     2.3479035001 .0011338290 .0336723774 .0106481406 6146.336426 6146.336642 0.000216 0.000004         
19398656  32  1  0.5     2.4105576000 .0042374424 .0650956404 .0205850489 5430.843750 5430.843806 0.000056 0.000001         
19660800  32  1  0.5     2.4513615999 .0029478920 .0542944932 .0171694262 5184.490723 5184.490586 0.000137 0.000003         
19922944  32  1  0.5     2.4733314999 .0058373579 .0764026040 .0241606247 4894.142578 4894.142737 0.000158 0.000003         
20185088  32  1  0.5     2.5512615001 .0036957022 .0607922873 .0192242092 4183.680176 4183.680198 0.000022 0.000001         
20447232  32  1  0.5     2.6177692000 .0051367151 .0716708804 .0226643223 4283.201172 4283.201046 0.000126 0.000003         
20709376  32  1  0.5     2.6148781000 .0025358483 .0503572070 .0159243470 3610.761230 3610.761215 0.000016 0.000000         
20971520  32  1  0.5     2.6940445000 .0081449427 .0902493362 .0285393459 3324.541992 3324.542087 0.000095 0.000003         
21233664  32  1  0.5     2.6940870000 .0080566349 .0897587594 .0283842119 3385.269531 3385.269413 0.000118 0.000003         
21495808  32  1  0.5     3.1446542001 2.5499293499 1.5968498207 .5049682514 3271.500977 3271.501059 0.000083 0.000003         
21757952  32  1  0.5     2.7080246000 .0057220917 .0756445087 .0239208939 3738.413086 3738.413177 0.000091 0.000002         
22020096  32  1  0.5     2.7250169001 .0062064178 .0787808212 .0249126830 4765.988281 4765.988505 0.000224 0.000005         
22282240  32  1  0.5     2.7235755002 .0105812020 .1028649697 .0325287595 4102.146484 4102.146265 0.000219 0.000005         
22544384  32  1  0.5     2.7824782999 .0043831561 .0662054083 .0209359883 4087.167236 4087.167307 0.000070 0.000002         
22806528  32  1  0.5     2.7869308000 .0080175605 .0895408314 .0283152970 4204.761230 4204.761042 0.000189 0.000004         
23068672  32  1  0.5     2.8112992000 .0141000050 .1187434419 .0375499733 3585.106934 3585.106837 0.000097 0.000003         
23330816  32  1  0.5     2.8238711000 .0016568313 .0407041926 .0128717958 3948.663818 3948.663877 0.000059 0.000001         
23592960  32  1  0.5     2.8813966001 .0108257729 .1040469744 .0329025422 2539.611572 2539.611564 0.000008 0.000000         
23855104  32  1  0.5     2.8798397001 .0064193718 .0801209822 .0253364792 2242.305664 2242.305584 0.000081 0.000004         
24117248  32  1  0.5     2.9325761000 .0048232316 .0694494895 .0219618569 2194.925781 2194.925884 0.000103 0.000005         
24379392  32  1  0.5     2.9953300000 .0031862021 .0564464533 .0178499358 2899.377197 2899.377129 0.000069 0.000002         
24641536  32  1  0.5     2.9943282000 .0034042162 .0583456613 .0184505181 3834.876953 3834.877028 0.000075 0.000002         
24903680  32  1  0.5     3.0118427001 .0032403095 .0569237164 .0180008596 3087.111084 3087.111139 0.000055 0.000002         
25165824  32  1  0.5     3.0814363002 .0152192035 .1233661359 .0390117975 2184.530762 2184.530809 0.000048 0.000002         
25427968  32  1  0.5     3.0651130999 .0023408118 .0483819367 .0152997117 1485.419800 1485.419806 0.000006 0.000000         
25690112  32  1  0.5     3.1321656999 .0061730655 .0785688583 .0248456545 2157.268311 2157.268373 0.000063 0.000003         
25952256  32  1  0.5     3.1040517001 .0014587087 .0381930451 .0120777013 1484.990479 1484.990465 0.000014 0.000001         
26214400  32  1  0.5     3.1342134000 .0105626477 .1027747425 .0325002272 1615.246582 1615.246537 0.000045 0.000003         
26476544  32  1  0.5     3.0790070000 .0047665483 .0690401933 .0218324260 1140.082520 1140.082579 0.000059 0.000005         
26738688  32  1  0.5     3.1154862000 .0035700076 .0597495405 .0188944637 2444.398438 2444.398495 0.000058 0.000002         
27000832  32  1  0.5     3.1005072000 .0020803804 .0456111872 .0144235238 2512.487793 2512.487914 0.000121 0.000005         
27262976  32  1  0.5     3.2145694001 .0061743165 .0785768191 .0248481719 3281.060059 3281.060006 0.000053 0.000002         
27525120  32  1  0.5     3.1955455001 .0086861605 .0931995734 .0294722928 3435.497314 3435.497402 0.000087 0.000003         
27787264  32  1  0.5     3.2027350001 .0034166410 .0584520401 .0184841580 3110.798340 3110.798377 0.000037 0.000001         
28049408  32  1  0.5     3.2303387001 .0044032687 .0663571299 .0209839669 3109.894531 3109.894416 0.000115 0.000004         
28311552  32  1  0.5     3.2640456999 .0023053504 .0480140646 .0151833803 4304.248535 4304.248469 0.000066 0.000002         
28573696  32  1  0.5     3.3086763001 .0061177154 .0782158257 .0247340158 4966.139648 4966.139683 0.000035 0.000001         
28835840  32  1  0.5     3.3870369000 .0049111335 .0700794798 .0221610773 5851.465820 5851.465876 0.000056 0.000001         
29097984  32  1  0.5     3.3420051999 .0085046987 .0922209233 .0291628165 6455.972168 6455.971932 0.000236 0.000004         
29360128  32  1  0.5     3.3551529998 .0024192556 .0491859288 .0155539563 6123.450684 6123.450812 0.000128 0.000002         
29622272  32  1  0.5     3.3696894001 .0004802457 .0219145088 .0069299761 5700.885742 5700.885534 0.000208 0.000004         
29884416  32  1  0.5     3.4056944001 .0016988838 .0412175181 .0130341236 6083.343262 6083.343282 0.000020 0.000000         
30146560  32  1  0.5     3.4368254999 .0043790819 .0661746318 .0209262559 6439.862305 6439.862243 0.000062 0.000001         
30408704  32  1  0.5     3.4367564998 .0030824704 .0555200000 .0175569655 6242.876953 6242.877003 0.000050 0.000001         
30670848  32  1  0.5     3.4732774002 .0027207821 .0521611167 .0164947934 6696.782227 6696.782251 0.000024 0.000000         
30932992  32  1  0.5     3.5680369000 .0056559711 .0752061905 .0237822856 5957.878418 5957.878339 0.000079 0.000001         
31195136  32  1  0.5     3.6093122999 .0061704995 .0785525270 .0248404901 6082.521484 6082.521374 0.000111 0.000002         
31457280  32  1  0.5     3.6353880999 .0057893609 .0760878498 .0240610907 5912.300781 5912.300540 0.000241 0.000004         
31719424  32  1  0.5     3.6297579001 .0149846586 .1224118401 .0387100227 5577.051758 5577.051899 0.000141 0.000003         
31981568  32  1  0.5     3.7135578000 .0366339330 .1913999294 .0605259720 5705.562988 5705.563116 0.000128 0.000002         
32243712  32  1  0.5     3.7139062000 .0079649688 .0892466738 .0282222762 5345.126465 5345.126222 0.000242 0.000005         
32505856  32  1  0.5     3.6938759000 .0068496645 .0827626999 .0261718636 5022.998047 5022.997830 0.000217 0.000004         
32768000  32  1  0.5     3.7753602998 .0061844251 .0786411158 .0248685043 4344.364258 4344.364071 0.000187 0.000004         
33030144  32  1  0.5     3.8626671001 .0732311068 .2706124660 .0855751755 4893.226074 4893.225832 0.000242 0.000005         
33292288  32  1  0.5     3.8427104000 .0071763908 .0847135809 .0267887864 4851.820801 4851.820568 0.000232 0.000005         
33554432  32  1  0.5     3.8640704998 .0060188555 .0775812831 .0245333558 4253.538086 4253.537880 0.000206 0.000005         
33816576  32  1  0.5     3.8738675001 .0144395492 .1201646753 .0379994068 4393.633789 4393.633684 0.000106 0.000002         
34078720  32  1  0.5     3.9093077001 .0100525298 .1002623049 .0317057246 4690.950195 4690.950357 0.000162 0.000003         
34340864  32  1  0.5     3.9778810000 .0046402650 .0681194906 .0215412743 5464.882324 5464.882437 0.000112 0.000002         
34603008  32  1  0.5     4.0157622001 .0091447201 .0956280298 .0302402382 5942.917480 5942.917571 0.000091 0.000002         
34865152  32  1  0.5     4.0385257000 .0131804869 .1148063016 .0363049402 5155.474609 5155.474702 0.000092 0.000002         
35127296  32  1  0.5     4.0580192999 .0074864349 .0865241867 .0273613502 4753.244629 4753.244838 0.000209 0.000004         
35389440  32  1  0.5     4.0553937000 .0128821291 .1134994673 .0358916829 4321.985352 4321.985457 0.000106 0.000002         
35651584  32  1  0.5     4.0315254999 .0066279325 .0814121151 .0257447712 4211.841309 4211.841178 0.000131 0.000003         
35913728  32  1  0.5     4.0567642999 .0119240528 .1091973113 .0345312218 5370.768555 5370.768420 0.000135 0.000003         
36175872  32  1  0.5     4.0988935001 .0094132072 .0970216841 .0306809504 4588.532715 4588.532752 0.000037 0.000001         
36438016  32  1  0.5     4.1932762999 .0137791192 .1173844930 .0371202359 3899.354736 3899.354660 0.000077 0.000002         
36700160  32  1  0.5     4.1740044001 .0203035887 .1424906617 .0450595036 4334.898438 4334.898278 0.000160 0.000004         
36962304  32  1  0.5     4.1208942001 .0095827110 .0978913223 .0309559541 4178.742188 4178.742414 0.000226 0.000005         
37224448  32  1  0.5     4.2323542999 .0172343071 .1312794999 .0415142229 3520.503418 3520.503516 0.000098 0.000003         
37486592  32  1  0.5     4.3075428000 .0074948654 .0865728906 .0273767517 4039.802734 4039.802795 0.000061 0.000001         
37748736  32  1  0.5     4.2619792000 .0122873630 .1108483784 .0350533350 3767.385010 3767.385130 0.000121 0.000003         
38010880  32  1  0.5     4.2754639000 .0188849323 .1374224592 .0434567972 3935.525391 3935.525497 0.000106 0.000003         
38273024  32  1  0.5     4.2892971001 .0307836767 .1754527762 .0554830394 3355.605225 3355.605103 0.000121 0.000004         
38535168  32  1  0.5     4.2570485001 .0019819943 .0445195945 .0140783319 3151.872314 3151.872241 0.000074 0.000002         
38797312  32  1  0.5     4.3441726002 .0188287139 .1372177608 .0433920659 2877.103516 2877.103564 0.000049 0.000002         
39059456  32  1  0.5     4.3437048001 .0105925285 .1029200102 .0325461649 2830.658936 2830.658842 0.000093 0.000003         
39321600  32  1  0.5     4.3163823001 .0021583961 .0464585417 .0146914808 3240.571045 3240.571069 0.000024 0.000001         
39583744  32  1  0.5     4.3855565001 .0016638282 .0407900502 .0128989464 3200.085449 3200.085526 0.000077 0.000002         
39845888  32  1  0.5     4.3754634999 .0056269225 .0750128155 .0237211350 3918.994385 3918.994491 0.000106 0.000003         
40108032  32  1  0.5     4.3919595000 .0010870221 .0329700181 .0104260351 3778.526611 3778.526632 0.000020 0.000001         
40370176  32  1  0.5     4.4756858999 .0037145520 .0609471246 .0192731730 3926.607422 3926.607414 0.000008 0.000000         
40632320  32  1  0.5     4.4465947000 .0021666360 .0465471373 .0147194972 4149.000488 4149.000703 0.000215 0.000005         
40894464  32  1  0.5     4.5140671001 .0212090762 .1456333622 .0460533127 3288.333252 3288.333194 0.000058 0.000002         
41156608  32  1  0.5     4.5234590001 .0073695581 .0858461303 .0271469300 3259.242188 3259.242178 0.000010 0.000000         
41418752  32  1  0.5     4.5834591002 .0069773442 .0835304986 .0264146629 2694.129150 2694.129208 0.000057 0.000002         
41680896  32  1  0.5     4.5349005001 .0047979351 .0692671285 .0219041893 3293.445801 3293.445915 0.000114 0.000003         
41943040  32  1  0.5     4.6218041001 .0027399520 .0523445508 .0165528003 3599.316406 3599.316527 0.000121 0.000003         
42205184  32  1  0.5     4.6340085000 .0073066243 .0854787944 .0270307681 3617.766846 3617.766961 0.000115 0.000003         
42467328  32  1  0.5     4.6808531001 .0057516551 .0758396670 .0239826084 3860.577881 3860.577929 0.000048 0.000001         
42729472  32  1  0.5     4.7209170001 .0234294778 .1530669062 .0484040057 4598.106445 4598.106477 0.000032 0.000001         
42991616  32  1  0.5     4.7161003000 .0048164768 .0694008414 .0219464730 3895.822021 3895.821989 0.000033 0.000001         
43253760  32  1  0.5     4.7012816999 .0015283709 .0390943845 .0123627298 3528.984863 3528.984899 0.000036 0.000001         
43515904  32  1  0.5     4.7440389001 .0060750080 .0779423376 .0246475312 3359.213135 3359.213228 0.000094 0.000003         
43778048  32  1  0.5     4.8729389001 .0523851743 .2288780773 .0723776030 3573.568848 3573.568742 0.000105 0.000003         
44040192  32  1  0.5     4.8055539000 .0058719311 .0766285266 .0242320677 2798.241699 2798.241752 0.000053 0.000002         
44302336  32  1  0.5     4.8328943000 .0038153524 .0617685389 .0195329270 2147.000488 2147.000473 0.000015 0.000001         
44564480  32  1  0.5     4.8439292001 .0033117955 .0575482015 .0181983391 1584.340454 1584.340411 0.000043 0.000003         
44826624  32  1  0.5     4.8437352000 .0024016493 .0490066250 .0154972555 895.001404 895.001399 0.000004 0.000000         
45088768  32  1  0.5     4.9213488999 .0034383788 .0586376909 .0185428659 449.562012 449.561999 0.000013 0.000003         
45350912  32  1  0.5     4.9058679001 .0033745768 .0580911077 .0183700212 768.466553 768.466565 0.000013 0.000002         
45613056  32  1  0.5     4.9747583999 .0059016821 .0768224062 .0242933778 1231.240234 1231.240270 0.000036 0.000003         
45875200  32  1  0.5     4.9859505001 .0092664588 .0962624475 .0304408587 1998.467896 1998.467875 0.000020 0.000001         
46137344  32  1  0.5     5.0182245000 .0047204163 .0687052858 .0217265190 2029.307861 2029.307812 0.000050 0.000002         
46399488  32  1  0.5     5.0998812001 .0194312400 .1393959827 .0440808802 1566.783936 1566.783925 0.000010 0.000001         
46661632  32  1  0.5     5.0625504001 .0030498379 .0552253374 .0174637850 2019.037842 2019.037860 0.000018 0.000001         
46923776  32  1  0.5     5.1363154999 .0038569460 .0621043154 .0196391089 1824.203247 1824.203206 0.000041 0.000002         
47185920  32  1  0.5     5.1497504000 .0064214377 .0801338736 .0253405558 1860.288086 1860.288045 0.000041 0.000002         
47448064  32  1  0.5     5.1267274998 .0043780268 .0661666592 .0209237348 2095.944824 2095.944811 0.000014 0.000001         
47710208  32  1  0.5     5.1310372001 .0042184064 .0649492601 .0205387594 1016.791321 1016.791338 0.000017 0.000002         
47972352  32  1  0.5     5.1803254001 .0024800218 .0497998172 .0157480849 831.684448 831.684421 0.000027 0.000003         
48234496  32  1  0.5     5.2582781002 .0177634348 .1332795363 .0421466900 461.043030 461.043039 0.000009 0.000002         
48496640  32  1  0.5     5.2434326000 .0039364169 .0627408710 .0198404054 860.764404 860.764406 0.000002 0.000000         
48758784  32  1  0.5     5.2502657001 .0030736924 .0554408910 .0175319491 1421.621582 1421.621526 0.000056 0.000004         
49020928  32  1  0.5     5.2895103999 .0018986333 .0435733094 .0137790902 1291.648438 1291.648466 0.000028 0.000002         
49283072  32  1  0.5     5.2977720998 .0035844177 .0598700066 .0189325584 1518.086670 1518.086683 0.000013 0.000001         
49545216  32  1  0.5     5.3517544999 .0040408365 .0635675742 .0201018319 1362.566650 1362.566662 0.000012 0.000001         
49807360  32  1  0.5     5.4139284999 .0037986792 .0616334259 .0194902005 687.950562 687.950584 0.000023 0.000003         
50069504  32  1  0.5     5.3849863001 .0049421926 .0703007297 .0222310427 966.658875 966.658862 0.000013 0.000001         
50331648  32  1  0.5     5.4592755999 .0072242205 .0849954145 .0268779100 1659.949707 1659.949686 0.000021 0.000001         
50593792  32  1  0.5     5.5006845999 .0064660044 .0804114693 .0254283392 969.198608 969.198609 0.000001 0.000000         
50855936  32  1  0.5     5.4820004001 .0110863550 .1052917613 .0332961784 2299.309082 2299.309152 0.000070 0.000003         
51118080  32  1  0.5     5.5136984999 .0064898422 .0805595568 .0254751686 2332.210938 2332.210898 0.000039 0.000002         
51380224  32  1  0.5     5.5816717001 .0163214787 .1277555427 .0403998498 1871.387451 1871.387484 0.000032 0.000002         
51642368  32  1  0.5     5.6107054998 .0232610296 .1525156700 .0482296896 1869.704468 1869.704419 0.000049 0.000003         
51904512  32  1  0.5     5.6138306001 .0045024596 .0671003695 .0212189999 2117.532471 2117.532577 0.000106 0.000005         
52166656  32  1  0.5     5.6084583001 .0057349467 .0757294308 .0239477487 1839.739502 1839.739470 0.000032 0.000002         
52428800  32  1  0.5     5.6472707000 .0146863007 .1211870484 .0383227095 2126.049072 2126.049040 0.000032 0.000002         
52690944  32  1  0.5     5.6883861001 .0128692586 .1134427547 .0358737488 2259.356934 2259.356933 0.000001 0.000000         
52953088  32  1  0.5     5.6720581000 .0030829142 .0555239966 .0175582294 2982.996582 2982.996628 0.000046 0.000002         
53215232  32  1  0.5     5.7350122001 .0066633104 .0816291026 .0258133887 2725.164551 2725.164471 0.000080 0.000003         
53477376  32  1  0.5     5.7111996000 .0056615380 .0752431923 .0237939866 2373.464600 2373.464676 0.000076 0.000003         
53739520  32  1  0.5     5.7669503001 .0055843094 .0747282369 .0236311434 2231.100098 2231.100031 0.000067 0.000003         
54001664  32  1  0.5     5.8220842001 .0062271684 .0789124096 .0249542949 2091.811523 2091.811643 0.000119 0.000006         
54263808  32  1  0.5     5.8304392001 .0061172913 .0782131146 .0247331585 2026.693359 2026.693380 0.000020 0.000001         
54525952  32  1  0.5     5.8382845000 .0011619369 .0340871955 .0107793176 2426.658936 2426.658889 0.000047 0.000002         
54788096  32  1  0.5     5.8361486000 .0020547805 .0453296867 .0143345055 2811.891357 2811.891369 0.000012 0.000000         
55050240  32  1  0.5     5.8819971000 .0019895515 .0446043887 .0141051461 2670.229248 2670.229172 0.000076 0.000003         
55312384  32  1  0.5     5.9025201001 .0090141378 .0949428133 .0300235537 2350.848877 2350.848935 0.000058 0.000002         
55574528  32  1  0.5     5.9228057001 .0064517470 .0803227676 .0254002893 2246.838867 2246.838904 0.000037 0.000002         
55836672  32  1  0.5     5.9699257002 .0047865063 .0691845813 .0218780855 3139.736328 3139.736246 0.000082 0.000003         
56098816  32  1  0.5     5.9756323001 .0027475617 .0524171889 .0165757705 2881.805664 2881.805553 0.000111 0.000004         
56360960  32  1  0.5     6.0526850000 .0157078979 .1253311529 .0396331904 2427.710205 2427.710266 0.000061 0.000003         
56623104  32  1  0.5     6.0283164000 .0030024985 .0547950590 .0173277190 1679.355713 1679.355722 0.000009 0.000001         
56885248  32  1  0.5     6.0493271000 .0018982159 .0435685195 .0137775755 1862.398560 1862.398552 0.000007 0.000000         
57147392  32  1  0.5     6.1090417000 .0042692825 .0653397467 .0206622421 1928.834595 1928.834614 0.000020 0.000001         
57409536  32  1  0.5     6.1150208002 .0043888016 .0662480309 .0209494668 2847.154297 2847.154297 0.000001 0.000000         
57671680  32  1  0.5     6.2382613999 .0077907291 .0882651069 .0279118775 1926.645996 1926.645976 0.000020 0.000001         
57933824  32  1  0.5     6.1949660001 .0063790148 .0798687348 .0252567115 1967.849854 1967.849903 0.000049 0.000003         
58195968  32  1  0.5     6.1968817000 .0032204504 .0567490123 .0179456133 1877.859131 1877.859072 0.000059 0.000003         
58458112  32  1  0.5     6.2138392000 .0013069838 .0361522309 .0114323392 2304.231689 2304.231612 0.000077 0.000003         
58720256  32  1  0.5     6.3112819999 .0090402731 .0950803507 .0300670468 3153.989258 3153.989309 0.000051 0.000002         
58982400  32  1  0.5     6.3020890001 .0086367410 .0929340680 .0293883327 4115.450684 4115.450865 0.000181 0.000004         
59244544  32  1  0.5     6.2887210001 .0085569757 .0925039226 .0292523087 4191.661621 4191.661801 0.000180 0.000004         
59506688  32  1  0.5     6.3226215000 .0019199878 .0438176653 .0138563624 3452.290527 3452.290539 0.000012 0.000000         
59768832  32  1  0.5     6.4136260000 .0091703855 .0957621297 .0302826443 4612.194824 4612.195021 0.000196 0.000004         
60030976  32  1  0.5     6.4071566001 .0080651998 .0898064574 .0283992953 4094.404053 4094.403965 0.000088 0.000002         
60293120  32  1  0.5     6.4375170000 .0085926894 .0926967604 .0293132894 4722.705078 4722.704928 0.000150 0.000003         
60555264  32  1  0.5     6.4879280999 .0174287600 .1320180290 .0417477663 5030.876953 5030.876883 0.000070 0.000001         
60817408  32  1  0.5     6.4604511000 .0046734226 .0683624355 .0216181002 5544.879883 5544.880035 0.000152 0.000003         
61079552  32  1  0.5     6.4966314001 .0044443819 .0666661975 .0210817027 5276.513672 5276.513852 0.000181 0.000003         
61341696  32  1  0.5     6.5007209000 .0064557269 .0803475382 .0254081225 4764.115234 4764.115158 0.000076 0.000002         
61603840  32  1  0.5     6.5797723000 .0110940986 .1053285270 .0333078047 4409.519043 4409.519001 0.000042 0.000001         
61865984  32  1  0.5     6.6557292000 .0137536146 .1172758056 .0370858660 4876.162109 4876.162053 0.000056 0.000001         
62128128  32  1  0.5     6.6918073000 .0259027601 .1609433443 .0508947542 5999.661621 5999.661402 0.000219 0.000004         
62390272  32  1  0.5     6.7543665001 .0099947908 .0999739506 .0316145390 6021.128906 6021.128916 0.000010 0.000000         
62652416  32  1  0.5     6.7016662000 .0133266540 .1154411278 .0365056899 6583.940430 6583.940659 0.000229 0.000003         
62914560  32  1  0.5     6.6694025999 .0045753689 .0676414732 .0213901119 6787.792969 6787.792772 0.000197 0.000003         
63176704  32  1  0.5     6.7702464999 .0110695721 .1052120340 .0332709664 6160.130371 6160.130197 0.000174 0.000003         
63438848  32  1  0.5     6.7450542001 .0023844183 .0488305058 .0154415617 6456.461426 6456.461187 0.000239 0.000004         
63700992  32  1  0.5     6.8510350002 .0470457323 .2169002819 .0685898915 6752.264160 6752.264348 0.000188 0.000003         
63963136  32  1  0.5     6.7544987000 .0005175426 .0227495626 .0071940433 6962.655762 6962.655629 0.000133 0.000002         
64225280  32  1  0.5     6.9154940001 .0406348647 .2015809135 .0637454819 7179.208008 7179.208123 0.000116 0.000002         
64487424  32  1  0.5     6.8377527001 .0105305229 .1026183360 .0324507671 6990.342773 6990.342747 0.000026 0.000000         
64749568  32  1  0.5     6.8643829002 .0050609997 .0711407035 .0224966657 6215.736328 6215.736306 0.000022 0.000000         
65011712  32  1  0.5     6.8982501000 .0054403388 .0737586523 .0233245338 6078.130371 6078.130184 0.000187 0.000003         
65273856  32  1  0.5     6.9364222999 .0093049720 .0964622827 .0305040521 5719.701660 5719.701873 0.000212 0.000004         
65536000  32  1  0.5     7.0055846000 .0128393728 .1133109562 .0358320705 5472.477539 5472.477339 0.000200 0.000004         
65798144  32  1  0.5     7.0097035000 .0140391948 .1184871081 .0374689134 6339.711426 6339.711664 0.000238 0.000004         
66060288  32  1  0.5     7.0003184000 .0084392703 .0918655011 .0290504221 5898.178711 5898.178624 0.000087 0.000001         
66322432  32  1  0.5     7.0203119000 .0086499842 .0930052912 .0294108554 5743.035645 5743.035463 0.000182 0.000003         
66584576  32  1  0.5     7.0940411001 .0083342959 .0912923649 .0288691806 6198.844727 6198.844970 0.000244 0.000004         
66846720  32  1  0.5     7.1068778000 .0091808893 .0958169572 .0302999823 6581.583496 6581.583341 0.000155 0.000002         
67108864  32  1  0.5     7.0989377001 .0102273008 .1011301181 .0319801513 6934.622559 6934.622717 0.000159 0.000002         
67371008  32  1  0.5     7.1344315001 .0113163897 .1063785208 .0336398419 6904.190430 6904.190632 0.000202 0.000003         
67633152  32  1  0.5     7.2095769999 .0083870315 .0915807376 .0289603720 7835.989258 7835.989383 0.000125 0.000002         
67895296  32  1  0.5     7.2666289999 .0062007556 .0787448766 .0249013164 8173.106934 8173.106885 0.000048 0.000001         
68157440  32  1  0.5     7.2003432001 .0091389004 .0955975962 .0302306142 8561.718750 8561.718821 0.000071 0.000001         
68419584  32  1  0.5     7.2558578000 .0115100994 .1072851313 .0339265373 8644.319336 8644.318952 0.000384 0.000004         
68681728  32  1  0.5     7.2292717000 .0014029110 .0374554535 .0118444543 7897.131348 7897.131539 0.000191 0.000002         
68943872  32  1  0.5     7.3446819000 .0119964483 .1095282990 .0346358893 8369.018555 8369.018911 0.000356 0.000004         
69206016  32  1  0.5     7.3064218001 .0051197475 .0715524108 .0226268590 7791.815918 7791.815973 0.000055 0.000001         
69468160  32  1  0.5     7.4425130001 .0195908633 .1399673651 .0442615671 7375.403320 7375.403162 0.000159 0.000002         
69730304  32  1  0.5     7.4477914997 .0164526000 .1282676888 .0405618046 7077.238281 7077.238394 0.000113 0.000002         
69992448  32  1  0.5     7.4426976000 .0178602892 .1336423929 .0422614353 7274.523438 7274.523304 0.000134 0.000002         
70254592  32  1  0.5     7.4397622000 .0108762251 .1042891418 .0329791223 8236.169922 8236.169555 0.000367 0.000004         
70516736  32  1  0.5     7.4347014000 .0062504080 .0790595218 .0250008159 8117.275879 8117.275946 0.000067 0.000001         
70778880  32  1  0.5     7.5336343001 .0113300927 .1064429081 .0336602030 7501.897461 7501.897424 0.000037 0.000000         
71041024  32  1  0.5     7.5346427001 .0272114222 .1649588500 .0521645686 6723.990723 6723.990751 0.000028 0.000000         
71303168  32  1  0.5     7.5151610002 .0086839056 .0931874755 .0294684671 6530.330078 6530.330052 0.000026 0.000000         
71565312  32  1  0.5     7.5302147001 .0047749574 .0691010665 .0218516758 6906.293457 6906.293232 0.000226 0.000003         
71827456  32  1  0.5     7.5950028001 .0113502800 .1065376928 .0336901765 6618.663086 6618.662874 0.000212 0.000003         
72089600  32  1  0.5     7.5795814002 .0089111077 .0943986636 .0298514785 6480.670410 6480.670434 0.000024 0.000000         
72351744  32  1  0.5     7.6346828002 .0092767586 .0963159311 .0304577717 6780.756348 6780.756243 0.000105 0.000002         
72613888  32  1  0.5     7.6554337002 .0076619105 .0875323397 .0276801562 6772.040527 6772.040507 0.000020 0.000000         
72876032  32  1  0.5     7.6683038000 .0109837864 .1048035610 .0331417959 7370.815918 7370.816036 0.000118 0.000002         
73138176  32  1  0.5     7.7138715001 .0089311698 .0945048665 .0298850628 7207.691406 7207.691178 0.000228 0.000003         
73400320  32  1  0.5     7.8293163002 .0127367797 .1128573422 .0356886252 7306.598145 7306.597957 0.000188 0.000003         
73662464  32  1  0.5     7.7747420000 .0070739798 .0841069545 .0265969543 7514.758789 7514.758686 0.000103 0.000001         
73924608  32  1  0.5     7.8156694001 .0127328158 .1128397793 .0356830713 6700.471680 6700.471810 0.000131 0.000002         
74186752  32  1  0.5     7.9095443000 .0125391207 .1119782152 .0354106208 6153.587402 6153.587271 0.000132 0.000002         
74448896  32  1  0.5     7.8857830001 .0066009545 .0812462583 .0256923227 6094.814453 6094.814220 0.000233 0.000004         
74711040  32  1  0.5     7.9545204999 .0294591762 .1716367565 .0542763080 5388.449219 5388.449443 0.000224 0.000004         
74973184  32  1  0.5     7.9321258999 .0150755550 .1227825516 .0388272519 5688.768066 5688.768190 0.000124 0.000002         
75235328  32  1  0.5     7.9289030001 .0111914229 .1057895216 .0334535840 5363.145996 5363.146215 0.000219 0.000004         
75497472  32  1  0.5     8.0620657999 .0186457193 .1365493291 .0431806892 6071.739258 6071.739224 0.000034 0.000001         
75759616  32  1  0.5     8.0012126002 .0099110378 .0995541952 .0314818007 6560.462402 6560.462582 0.000180 0.000003         
76021760  32  1  0.5     8.0344678001 .0063281972 .0795499666 .0251559082 6335.644531 6335.644594 0.000062 0.000001         
76283904  32  1  0.5     8.0944367000 .0163728068 .1279562690 .0404633250 6174.642090 6174.641948 0.000142 0.000002         
76546048  32  1  0.5     8.1441052000 .0413428918 .2033295153 .0642984383 6132.082031 6132.082226 0.000195 0.000003         
76808192  32  1  0.5     8.1315607002 .0114051188 .1067947508 .0337714654 7824.691895 7824.691815 0.000080 0.000001         
77070336  32  1  0.5     8.1171313000 .0088655576 .0941570900 .0297750862 6907.500000 6907.500165 0.000165 0.000002         
77332480  32  1  0.5     8.1175365001 .0045970240 .0678013569 .0214406716 6702.346191 6702.346282 0.000091 0.000001         
77594624  32  1  0.5     8.2500058002 .0154092427 .1241339707 .0392546082 7309.447754 7309.447532 0.000222 0.000003         
77856768  32  1  0.5     8.1880511003 .0066103260 .0813039113 .0257105542 6710.704102 6710.704118 0.000016 0.000000         
78118912  32  1  0.5     8.2993542001 .0177230334 .1331278836 .0420987332 6414.342285 6414.342133 0.000153 0.000002         
78381056  32  1  0.5     8.3068702002 .0113924672 .1067355011 .0337527290 6869.814941 6869.814850 0.000091 0.000001         
78643200  32  1  0.5     8.3188101001 .0080069801 .0894817305 .0282966077 7668.073730 7668.073725 0.000006 0.000000         
78905344  32  1  0.5     8.2742842001 .0087435894 .0935071622 .0295695610 7817.822266 7817.822508 0.000243 0.000003         
79167488  32  1  0.5     8.3366613000 .0118630609 .1089176794 .0344427944 8135.328125 8135.328260 0.000135 0.000002         
79429632  32  1  0.5     8.3764380000 .0213112861 .1459838556 .0461641485 8540.204102 8540.204407 0.000305 0.000004         
79691776  32  1  0.5     8.3757319999 .0106897758 .1033913719 .0326952225 9074.355469 9074.355218 0.000250 0.000003         
79953920  32  1  0.5     8.4645324000 .0108911545 .1043606942 .0330017491 8782.280273 8782.280036 0.000237 0.000003         
80216064  32  1  0.5     8.4628251999 .0081138739 .0900770442 .0284848624 9236.021484 9236.021589 0.000104 0.000001         
80478208  32  1  0.5     8.4698341001 .0063613327 .0797579632 .0252216825 8669.454102 8669.453819 0.000283 0.000003         
80740352  32  1  0.5     8.5783410000 .0279355244 .1671392365 .0528540673 8617.118164 8617.118379 0.000215 0.000002         
81002496  32  1  0.5     8.5364957000 .0088517219 .0940835899 .0297518434 9358.916016 9358.915749 0.000267 0.000003         
81264640  32  1  0.5     8.6277698001 .0100213609 .1001067475 .0316565331 10309.156250 10309.156206 0.000044 0.000000         
81526784  32  1  0.5     8.6098222001 .0139815834 .1182437457 .0373919555 10197.319336 10197.318938 0.000398 0.000004         
81788928  32  1  0.5     8.5795226002 .0064456316 .0802846909 .0253882484 9145.442383 9145.442638 0.000256 0.000003         
82051072  32  1  0.5     8.6798099001 .0156593427 .1251372953 .0395718873 9314.458984 9314.459223 0.000239 0.000003         
82313216  32  1  0.5     8.6933885002 .0041314241 .0642761549 .0203259048 10066.612305 10066.612219 0.000085 0.000001         
82575360  32  1  0.5     8.7386700000 .0174994833 .1322856125 .0418323837 10082.020508 10082.020539 0.000031 0.000000         
82837504  32  1  0.5     8.7407245999 .0088246545 .0939396322 .0297063200 9437.806641 9437.806821 0.000181 0.000002         
83099648  32  1  0.5     8.8257299001 .0065226057 .0807626504 .0255393925 9938.269531 9938.269721 0.000190 0.000002         
83361792  32  1  0.5     8.8018500999 .0121759624 .1103447434 .0348940716 10568.643555 10568.643926 0.000372 0.000004         
83623936  32  1  0.5     8.8046773001 .0143229906 .1196786973 .0378457270 11978.926758 11978.927118 0.000360 0.000003         
83886080  32  1  0.5     8.8100763000 .0085776247 .0926154668 .0292875821 12256.925781 12256.925610 0.000172 0.000001         
84148224  32  1  0.5     8.8641378001 .0075032120 .0866210828 .0273919915 11576.294922 11576.295219 0.000297 0.000003         
84410368  32  1  0.5     8.8439037001 .0053594741 .0732084291 .0231505379 11807.838867 11807.839200 0.000332 0.000003         
84672512  32  1  0.5     8.9338556999 .0054863520 .0740699129 .0234229630 12302.050781 12302.050344 0.000437 0.000004         
84934656  32  1  0.5     8.9161327002 .0109493833 .1046393009 .0330898523 11973.828125 11973.828024 0.000101 0.000001         
85196800  32  1  0.5     9.0062282001 .0102239271 .1011134367 .0319748762 11970.507812 11970.508154 0.000341 0.000003         
85458944  32  1  0.5     9.0704638001 .0165243848 .1285472084 .0406501965 10653.113281 10653.113072 0.000209 0.000002         
85721088  32  1  0.5     9.0744349999 .0111854308 .1057611970 .0334446270 10232.329102 10232.328713 0.000388 0.000004         
85983232  32  1  0.5     9.1169199001 .0190268313 .1379377805 .0436197561 10903.462891 10903.463374 0.000483 0.000004         
86245376  32  1  0.5     9.1076385999 .0145491873 .1206200120 .0381433969 11489.830078 11489.829853 0.000226 0.000002         
86507520  32  1  0.5     9.1214323000 .0022242181 .0471616168 .0149138127 11495.148438 11495.148151 0.000287 0.000002         
86769664  32  1  0.5     9.2416582999 .0111225879 .1054636804 .0333505440 11652.525391 11652.525035 0.000356 0.000003         
87031808  32  1  0.5     9.1636643999 .0061852011 .0786460494 .0248700645 10959.533203 10959.532855 0.000348 0.000003         
87293952  32  1  0.5     9.2363083999 .0117553641 .1084221568 .0342860964 10821.368164 10821.367922 0.000242 0.000002         
87556096  32  1  0.5     9.1385939999 .0057380217 .0757497306 .0239541680 12138.972656 12138.972267 0.000389 0.000003         
87818240  32  1  0.5     9.2639604000 .0169456396 .1301754185 .0411650817 12624.548828 12624.548901 0.000073 0.000001         
88080384  32  1  0.5     9.3260253001 .0168391068 .1297655840 .0410354807 11942.984375 11942.984535 0.000160 0.000001         
88342528  32  1  0.5     9.3307803999 .0147453580 .1214304656 .0383996848 12260.916016 12260.915633 0.000382 0.000003         
88604672  32  1  0.5     9.3256794001 .0118531447 .1088721484 .0344283962 12059.753906 12059.754016 0.000109 0.000001         
88866816  32  1  0.5     9.4208786999 .0074238950 .0861620275 .0272468254 11791.729492 11791.729087 0.000405 0.000003         
89128960  32  1  0.5     9.4160697000 .0073696997 .0858469551 .0271471908 11814.347656 11814.347628 0.000028 0.000000         
89391104  32  1  0.5     9.4555171000 .0104794147 .1023690124 .0323719241 11723.128906 11723.128806 0.000100 0.000001         
89653248  32  1  0.5     9.5456538001 .0838429366 .2895564480 .0915657886 11759.345703 11759.345532 0.000171 0.000001         
89915392  32  1  0.5     9.5386586001 .0131907640 .1148510513 .0363190913 12071.371094 12071.370794 0.000300 0.000002         
90177536  32  1  0.5     9.4786717002 .0027866147 .0527883955 .0166931563 11712.195312 11712.195406 0.000093 0.000001         
90439680  32  1  0.5     9.6102725001 .0654950443 .2559199958 .0809290085 12190.567383 12190.567094 0.000289 0.000002         
90701824  32  1  0.5     9.5864827001 .0191753803 .1384751974 .0437897023 12736.435547 12736.435359 0.000187 0.000001         
90963968  32  1  0.5     9.5000051000 .0043451705 .0659179072 .0208450725 12938.910156 12938.910422 0.000266 0.000002         
91226112  32  1  0.5     9.5579873001 .0089003025 .0943414145 .0298333747 13647.954102 13647.954404 0.000303 0.000002         
91488256  32  1  0.5     9.6949321999 .0166522017 .1290434101 .0408071092 13648.217773 13648.218243 0.000469 0.000003         
91750400  32  1  0.5     9.6699046000 .0137253660 .1171553071 .0370477610 13594.813477 13594.813368 0.000109 0.000001         
92012544  32  1  0.5     9.6824327001 .0076116378 .0872447006 .0275891967 13742.089844 13742.089953 0.000110 0.000001         
92274688  32  1  0.5     9.8225155000 .0193898441 .1392474204 .0440339006 14357.693359 14357.693170 0.000189 0.000001         
92536832  32  1  0.5     9.8390544999 .0315722730 .1776858829 .0561892098 14087.600586 14087.600994 0.000408 0.000003         
92798976  32  1  0.5     9.8556384998 .0205303643 .1432842081 .0453104450 13747.109375 13747.109391 0.000016 0.000000         
93061120  32  1  0.5     9.8767187001 .0999162354 .3160952948 .0999581089 13851.122070 13851.121961 0.000110 0.000001         
93323264  32  1  0.5     9.8546365000 .0313570480 .1770792139 .0559973642 12697.546875 12697.546465 0.000410 0.000003         
93585408  32  1  0.5     9.8663578001 .0124902376 .1117597315 .0353415302 11769.110352 11769.110570 0.000218 0.000002         
93847552  32  1  0.5     9.9109776001 .0278756052 .1669598909 .0527973533 10848.731445 10848.731693 0.000247 0.000002         
94109696  32  1  0.5     9.9279823001 .0119094421 .1091303903 .0345100595 11048.552734 11048.552361 0.000374 0.000003         
94371840  32  1  0.5     9.9561085000 .0093154278 .0965164638 .0305211857 10798.357422 10798.357744 0.000322 0.000003         
94633984  32  1  0.5     9.9453809001 .0189721692 .1377394976 .0435570536 10909.041992 10909.041886 0.000106 0.000001         
94896128  32  1  0.5     9.9906023002 .0227750609 .1509140844 .0477232237 10793.681641 10793.681366 0.000274 0.000003         
95158272  32  1  0.5     10.0390552998 .0646466600 .2542570746 .0804031466 10336.144531 10336.144368 0.000164 0.000002         
95420416  32  1  0.5     10.1282625000 .0632941081 .2515832031 .0795575942 10268.700195 10268.700409 0.000213 0.000002         
95682560  32  1  0.5     10.0685670001 .0229739761 .1515716863 .0479311757 11336.446289 11336.446721 0.000432 0.000004         
95944704  32  1  0.5     10.1142007000 .0166202531 .1289195605 .0407679446 10835.538086 10835.537739 0.000347 0.000003         
96206848  32  1  0.5     10.2354012000 .0248690450 .1576992232 .0498688730 11185.289062 11185.289266 0.000204 0.000002         
96468992  32  1  0.5     10.1849491000 .0100140332 .1000701414 .0316449572 11109.257812 11109.257476 0.000336 0.000003         
96731136  32  1  0.5     10.2623042002 .0795306216 .2820117401 .0891799425 12489.862305 12489.862464 0.000159 0.000001         
96993280  32  1  0.5     10.2553778999 .0103601703 .1017849217 .0321872184 12172.659180 12172.658849 0.000331 0.000003         
97255424  32  1  0.5     10.2415571001 .0196779202 .1402780103 .0443598018 12130.375977 12130.375952 0.000024 0.000000         
97517568  32  1  0.5     10.3123207000 .0143191089 .1196624790 .0378405984 12553.005859 12553.005386 0.000473 0.000004         
97779712  32  1  0.5     10.3207908000 .0076938479 .0877145820 .0277377863 12727.510742 12727.510439 0.000303 0.000002         
98041856  32  1  0.5     10.3435124001 .0072163524 .0849491165 .0268632693 12314.272461 12314.272685 0.000224 0.000002         
98304000  32  1  0.5     10.3200548001 .0062783153 .0792358208 .0250565666 13525.771484 13525.771474 0.000011 0.000000         
98566144  32  1  0.5     10.3700844000 .0178441625 .1335820440 .0422423513 13755.972656 13755.972363 0.000294 0.000002         
98828288  32  1  0.5     10.4623916000 .0687176378 .2621404924 .0828961022 13820.560547 13820.560482 0.000065 0.000000         
99090432  32  1  0.5     10.4484637001 .0271141309 .1646636902 .0520712308 14171.636719 14171.636677 0.000042 0.000000         
99352576  32  1  0.5     10.4163959002 .0142834855 .1195135368 .0377934987 13751.899414 13751.899572 0.000158 0.000001         
99614720  32  1  0.5     10.4311183000 .0105734058 .1028270674 .0325167738 13620.840820 13620.841298 0.000477 0.000004         
99876864  32  1  0.5     10.5160512000 .0150830044 .1228128836 .0388368438 13575.428711 13575.429078 0.000367 0.000003         
100139008  32  1  0.5     10.6008002999 .0158102565 .1257388424 .0397621132 14237.778320 14237.778159 0.000161 0.000001         
100401152  32  1  0.5     10.5833524001 .0143219811 .1196744797 .0378443933 14822.222656 14822.223105 0.000449 0.000003         
100663296  32  1  0.5     10.6367594001 .0033890067 .0582151758 .0184092549 15061.501953 15061.501572 0.000382 0.000003         
100925440  32  1  0.5     10.6464125999 .0195544598 .1398372618 .0442204249 14744.302734 14744.303153 0.000419 0.000003         
101187584  32  1  0.5     10.6180264000 .0171439003 .1309347177 .0414051932 13449.794922 13449.795034 0.000112 0.000001         
101449728  32  1  0.5     10.6521185001 .0105732057 .1028260944 .0325164661 13593.822266 13593.822371 0.000105 0.000001         
101711872  32  1  0.5     10.6842307001 .0083279255 .0912574681 .0288581452 14271.666992 14271.667306 0.000314 0.000002         
101974016  32  1  0.5     10.7141206000 .0112833617 .1062231693 .0335907155 14655.207031 14655.206589 0.000443 0.000003         
102236160  32  1  0.5     10.7756137000 .0096859230 .0984170869 .0311222155 15336.925781 15336.925403 0.000378 0.000002         
102498304  32  1  0.5     10.8388379998 .0356047819 .1886922942 .0596697426 14961.736328 14961.736484 0.000156 0.000001         
102760448  32  1  0.5     10.8521669999 .0346856719 .1862408974 .0588945429 15594.358398 15594.358231 0.000167 0.000001         
103022592  32  1  0.5     10.7459480000 .0067448380 .0821269626 .0259708259 15951.966797 15951.966590 0.000206 0.000001         
103284736  32  1  0.5     10.9835988001 .0604850931 .2459371730 .0777721627 16145.778320 16145.777948 0.000372 0.000002         
103546880  32  1  0.5     10.9285017001 .0116305362 .1078449637 .0341035719 16436.134766 16436.134175 0.000590 0.000004         
103809024  32  1  0.5     10.9142557000 .0172625159 .1313868939 .0415481839 16461.257812 16461.258189 0.000377 0.000002         
104071168  32  1  0.5     10.9244341999 .0167680651 .1294915638 .0409488279 16459.513672 16459.514570 0.000898 0.000005         
104333312  32  1  0.5     11.0887669002 .0418554410 .2045860234 .0646957811 16850.900391 16850.901240 0.000849 0.000005         
104595456  32  1  0.5     11.0130352000 .0205842476 .1434721143 .0453698661 16690.873047 16690.872717 0.000330 0.000002         
104857600  32  1  0.5     10.9944148999 .0097114951 .0985469182 .0311632717 16449.984375 16449.985339 0.000964 0.000006         
