262144  32  5  0     .0219643334 .0000000343 .0001852025 .0001069267 -945.000000 -944.171557 0.828443 0.087743         
524288  32  5  0     .0223053333 .0000000137 .0001170469 .0000675770 -973.000000 -972.777712 0.222288 0.022851         
786432  32  5  0     .0234036667 .0000000026 .0000509901 .0000294391 -328.000000 -327.918323 0.081677 0.024908         
1048576  32  5  0     .0244723333 .0000000918 .0003029851 .0001749285 16.062500 16.512779 0.450279 2.726852         
1310720  32  5  0     .0244126666 .0000001075 .0003278719 .0001892969 241.750000 242.332150 0.582150 0.240228         
1572864  32  5  0     .0248136667 .0000000046 .0000678232 .0000391577 429.750000 428.806930 0.943070 0.219929         
1835008  32  5  0     .0344300000 .0000000243 .0001558845 .0000899999 754.000000 753.843669 0.156331 0.020738         
2097152  32  5  0     .0351276666 .0000001208 .0003475629 .0002006655 1221.000000 1220.622352 0.377648 0.030939         
2359296  32  5  0     .0352613334 .0000004839 .0006956292 .0004016217 1126.000000 1125.179071 0.820929 0.072960         
2621440  32  5  0     .0361513334 .0000002636 .0005134199 .0002964231 1106.000000 1106.597654 0.597654 0.054008         
2883584  32  5  0     .0365970000 .0000001565 .0003956008 .0002284002 1323.000000 1322.568957 0.431043 0.032591         
3145728  32  5  0     .0379026667 .0000000244 .0001562049 .0000901849 1600.000000 1599.764756 0.235244 0.014705         
3407872  32  5  0     .0404700000 .0000001504 .0003878143 .0002239046 2068.000000 2067.175513 0.824487 0.039885         
3670016  32  5  0     .0417466666 .0000002663 .0005160426 .0002979373 2152.000000 2150.637510 1.362490 0.063353         
3932160  32  5  0     .0421323334 .0000002402 .0004901020 .0002829605 2826.000000 2825.436924 0.563076 0.019929         
4194304  32  5  0     .0428300000 .0000001447 .0003803945 .0002196208 2714.000000 2713.422775 0.577225 0.021273         
4456448  32  5  0     .0437056667 .0000000818 .0002860069 .0001651261 2398.000000 2396.560960 1.439040 0.060046         
4718592  32  5  0     .0440766666 .0000000019 .0000435889 .0000251660 1686.000000 1686.863261 0.863261 0.051176         
4980736  32  5  0     .0444920000 .0000005182 .0007198610 .0004156119 1877.000000 1877.801715 0.801715 0.042694         
5242880  32  5  0     .0450560000 .0000001923 .0004385202 .0002531797 1060.000000 1059.229657 0.770343 0.072727         
5505024  32  5  0     .0459910000 .0000007394 .0008598837 .0004964540 80.500000 78.815752 1.684248 2.136943         
5767168  32  5  0     .0464506667 .0000002265 .0004759201 .0002747725 540.500000 538.907103 1.592897 0.295579         
6029312  32  5  0     .0468666667 .0000003653 .0006044005 .0003489507 677.500000 676.133452 1.366548 0.202112         
6291456  32  5  0     .0483653333 .0000001157 .0003401470 .0001963839 707.500000 708.077335 0.577335 0.081536         
6553600  32  5  0     .0485140000 .0000004489 .0006700000 .0003868246 1331.000000 1331.119084 0.119084 0.008946         
6815744  32  5  0     .0496270000 .0000000916 .0003026549 .0001747378 1328.000000 1326.931428 1.068572 0.080530         
7077888  32  5  0     .0503396667 .0000000184 .0001356465 .0000783155 518.500000 518.582014 0.082014 0.015815         
7340032  32  5  0     .0512893333 .0000001803 .0004246174 .0002451529 1288.000000 1286.741372 1.258628 0.097815         
7602176  32  5  0     .0515116667 .0000000258 .0001606237 .0000927361 1662.000000 1661.391260 0.608740 0.036640         
7864320  32  5  0     .0517046667 .0000000085 .0000921954 .0000532290 1461.000000 1460.453419 0.546581 0.037425         
8126464  32  5  0     .0529510000 .0000000243 .0001558845 .0000899999 2026.000000 2026.492956 0.492956 0.024326         
8388608  32  5  0     .0529510000 .0000000243 .0001558845 .0000899999 2138.000000 2139.030525 1.030525 0.048177         
8650752  32  5  0     .0542273334 .0000004338 .0006586349 .0003802630 1620.000000 1620.544739 0.544739 0.033615         
8912896  32  5  0     .0544946666 .0000000058 .0000761577 .0000439696 1723.000000 1724.367041 1.367041 0.079278         
9175040  32  5  0     .0552066667 .0000004300 .0006557438 .0003785938 691.000000 692.285004 1.285004 0.185618         
9437184  32  5  0     .0555483333 .0000000124 .0001113552 .0000642909 456.750000 458.145199 1.395199 0.304532         
9699328  32  5  0     .0564386667 .0000004090 .0006395310 .0003692333 518.000000 520.140402 2.140402 0.411505         
9961472  32  5  0     .0573736666 .0000003511 .0005925369 .0003421013 972.000000 973.234013 1.234013 0.126795         
10223616  32  5  0     .0579970000 .0000000045 .0000670820 .0000387298 879.000000 880.612918 1.612918 0.183159         
10485760  32  5  0     .0582346666 .0000002634 .0005132250 .0002963105 684.000000 685.126199 1.126199 0.164378         
10747904  32  5  0     .0592433333 .0000013371 .0011563304 .0006676076 1366.000000 1368.146598 2.146598 0.156898         
11010048  32  5  0     .0598966667 .0000001865 .0004318564 .0002493324 1412.000000 1413.862728 1.862728 0.131747         
11272192  32  5  0     .0599710000 .0000000316 .0001777638 .0001026319 1268.000000 1267.930909 0.069091 0.005449         
11534336  32  5  0     .0608760000 .0000002422 .0004921381 .0002841360 993.000000 994.626349 1.626349 0.163514         
11796480  32  5  0     .0617220000 .0000008931 .0009450396 .0005456188 1261.000000 1262.475385 1.475385 0.116864         
12058624  32  5  0     .0620190000 .0000000237 .0001539480 .0000888819 1152.000000 1153.010815 1.010815 0.087667         
12320768  32  5  0     .0628053334 .0000003887 .0006234580 .0003599536 668.000000 668.549385 0.549385 0.082176         
12582912  32  5  0     .0630426666 .0000000971 .0003116087 .0001799073 932.000000 932.964447 0.964447 0.103374         
12845056  32  5  0     .0637400000 .0000001434 .0003786819 .0002186320 853.000000 854.093387 1.093387 0.128017         
13107200  32  5  0     .0641263333 .0000001689 .0004109744 .0002372761 1987.000000 1988.606004 1.606004 0.080760         
13369344  32  5  0     .0652243333 .0000003825 .0006184658 .0003570713 2664.000000 2665.218412 1.218412 0.045715         
13631488  32  5  0     .0654023333 .0000001031 .0003210918 .0001853824 3264.000000 3267.339271 3.339271 0.102202         
13893632  32  5  0     .0661593334 .0000000849 .0002913760 .0001682260 3092.000000 3094.411728 2.411728 0.077938         
14155776  32  5  0     .0669310000 .0000000521 .0002282542 .0001317826 2250.000000 2251.445917 1.445917 0.064222         
14417920  32  5  0     .0674506667 .0000000257 .0001603121 .0000925562 2676.000000 2677.686083 1.686083 0.062968         
14680064  32  5  0     .0679996667 .0000000918 .0003029851 .0001749285 2462.000000 2463.309319 1.309319 0.053153         
14942208  32  5  0     .0686523334 .0000001208 .0003475629 .0002006655 3258.000000 3259.733503 1.733503 0.053179         
15204352  32  5  0     .0692163333 .0000000878 .0002963106 .0001710750 3026.000000 3026.656530 0.656530 0.021692         
15466496  32  5  0     .0700030000 .0000001870 .0004324349 .0002496664 2824.000000 2825.110528 1.110528 0.039309         
15728640  32  5  0     .0700773333 .0000000137 .0001170469 .0000675770 3504.000000 3504.732574 0.732574 0.020902         
15990784  32  5  0     .0710123334 .0000005765 .0007592759 .0004383681 4284.000000 4284.057122 0.057122 0.001333         
16252928  32  5  0     .0731196667 .0000078505 .0028018743 .0016176628 3496.000000 3497.418606 1.418606 0.040562         
16515072  32  5  0     .0729263334 .0000017203 .0013116020 .0007572537 4068.000000 4068.333801 0.333801 0.008205         
16777216  32  5  0     .0725706667 .0000002319 .0004815599 .0002780287 3450.000000 3451.306462 1.306462 0.037854         
17039360  32  5  0     .0727936667 .0000000019 .0000435889 .0000251660 3414.000000 3415.560654 1.560654 0.045692         
17301504  32  5  0     .0738913333 .0000001116 .0003340658 .0001928729 3522.000000 3524.454361 2.454361 0.069638         
17563648  32  5  0     .0743213333 .0000000184 .0001356465 .0000783155 2816.000000 2819.750138 3.750138 0.132995         
17825792  32  5  0     .0751080000 .0000001211 .0003479942 .0002009145 3028.000000 3031.613117 3.613117 0.119181         
18087936  32  5  0     .0755536666 .0000003825 .0006184658 .0003570713 3434.000000 3436.832428 2.832428 0.082414         
18350080  32  5  0     .0762213333 .0000003745 .0006119640 .0003533175 3590.000000 3594.132306 4.132306 0.114974         
18612224  32  5  0     .0765176667 .0000000184 .0001356465 .0000783155 2658.000000 2661.163872 3.163872 0.118891         
18874368  32  5  0     .0772453334 .0000000256 .0001600000 .0000923760 2364.000000 2365.690688 1.690688 0.071467         
19136512  32  5  0     .0781206667 .0000002640 .0005138093 .0002966479 2824.000000 2826.867458 2.867458 0.101436         
19398656  32  5  0     .0785363333 .0000000731 .0002703701 .0001560982 2794.000000 2798.453602 4.453602 0.159145         
19660800  32  5  0     .0792340000 .0000000599 .0002447447 .0001413034 2118.000000 2122.144593 4.144593 0.195302         
19922944  32  5  0     .0795010000 .0000001932 .0004395452 .0002537715 2546.000000 2549.761262 3.761262 0.147514         
20185088  32  5  0     .0803320000 .0000000916 .0003026549 .0001747378 2252.000000 2256.291316 4.291316 0.190193         
20447232  32  5  0     .0805693333 .0000000204 .0001428285 .0000824620 2256.000000 2261.107109 5.107109 0.225868         
20709376  32  5  0     .0817716667 .0000003894 .0006240192 .0003602776 1972.000000 1978.228986 6.228986 0.314877         
20971520  32  5  0     .0821723334 .0000004761 .0006900000 .0003983716 1712.000000 1717.939750 5.939750 0.345748         
21233664  32  5  0     .0826620000 .0000000681 .0002609597 .0001506651 2346.000000 2351.802048 5.802048 0.246706         
21495808  32  5  0     .0833150000 .0000000243 .0001558845 .0000899999 3160.000000 3165.953088 5.953088 0.188035         
21757952  32  5  0     .0842200000 .0000003968 .0006299206 .0003636848 3424.000000 3430.018750 6.018750 0.175473         
22020096  32  5  0     .0845170000 .0000001076 .0003280243 .0001893849 4140.000000 4145.585061 5.585061 0.134723         
22282240  32  5  0     .0851256666 .0000000494 .0002222611 .0001283225 4668.000000 4673.653392 5.653392 0.120963         
22544384  32  5  0     .0854223333 .0000000600 .0002449489 .0001414213 3934.000000 3940.811686 6.811686 0.172850         
22806528  32  5  0     .0865060000 .0000007503 .0008661985 .0005000999 4476.000000 4483.558675 7.558675 0.168587         
23068672  32  5  0     .0865946666 .0000000533 .0002308679 .0001332916 4772.000000 4779.600764 7.600764 0.159025         
23330816  32  5  0     .0871586667 .0000000184 .0001356465 .0000783155 4592.000000 4601.271962 9.271962 0.201509         
23592960  32  5  0     .0878116666 .0000000601 .0002451530 .0001415391 4608.000000 4618.110744 10.110744 0.218937         
23855104  32  5  0     .0889100000 .0000004539 .0006737210 .0003889730 4300.000000 4310.008204 10.008204 0.232208         
24117248  32  5  0     .0892066667 .0000003972 .0006302380 .0003638680 4204.000000 4211.177373 7.177373 0.170436         
24379392  32  5  0     .0899933334 .0000000721 .0002685144 .0001550268 3842.000000 3849.394059 7.394059 0.192084         
24641536  32  5  0     .0903050000 .0000002502 .0005001999 .0002887905 3476.000000 3486.325589 10.325589 0.296174         
24903680  32  5  0     .0907206666 .0000000343 .0001852025 .0001069267 3668.000000 3676.919102 8.919102 0.242570         
25165824  32  5  0     .0914923334 .0000005138 .0007167984 .0004138437 2948.000000 2958.162034 10.162034 0.343525         
25427968  32  5  0     .0920560000 .0000001614 .0004017461 .0002319482 2896.000000 2906.062847 10.062847 0.346271         
25690112  32  5  0     .0925606667 .0000000536 .0002315167 .0001336662 3436.000000 3444.719396 8.719396 0.253124         
25952256  32  5  0     .0936143334 .0000000046 .0000678232 .0000391577 3564.000000 3573.414552 9.414552 0.263461         
26214400  32  5  0     .0938963334 .0000000177 .0001330413 .0000768114 2680.000000 2690.466946 10.466946 0.389038         
26476544  32  5  0     .0948316667 .0000003626 .0006021627 .0003476587 2628.000000 2639.222057 11.222057 0.425203         
26738688  32  5  0     .0954250000 .0000002187 .0004676537 .0002699999 2728.000000 2739.954510 11.954510 0.436303         
27000832  32  5  0     .0951580000 .0000000681 .0002609597 .0001506651 2444.000000 2453.420430 9.420430 0.383971         
27262976  32  5  0     .0960633333 .0000001790 .0004230839 .0002442676 3072.000000 3083.836779 11.836779 0.383833         
27525120  32  5  0     .0969240000 .0000002635 .0005133225 .0002963668 3304.000000 3315.084117 11.084117 0.334354         
27787264  32  5  0     .0973243333 .0000003095 .0005563272 .0003211956 3976.000000 3985.519209 9.519209 0.238845         
28049408  32  5  0     .0981256667 .0000001487 .0003856163 .0002226356 5180.000000 5188.597671 8.597671 0.165703         
28311552  32  5  0     .0984080000 .0000000186 .0001363818 .0000787400 4092.000000 4101.061114 9.061114 0.220946         
28573696  32  5  0     .0990016667 .0000006191 .0007868290 .0004542759 3844.000000 3856.220560 12.220560 0.316905         
28835840  32  5  0     .0992390000 .0000001250 .0003535533 .0002041240 4224.000000 4234.543648 10.543648 0.248991         
29097984  32  5  0     .0998916667 .0000001610 .0004012480 .0002316606 4588.000000 4598.945216 10.945216 0.237994         
29360128  32  5  0     .1012573333 .0000007947 .0008914594 .0005146843 4340.000000 4351.682566 11.682566 0.268461         
29622272  32  5  0     .1012130000 .0000000681 .0002609597 .0001506651 4472.000000 4482.134366 10.134366 0.226106         
29884416  32  5  0     .1023853334 .0000001297 .0003601388 .0002079262 4532.000000 4544.819753 12.819753 0.282074         
30146560  32  5  0     .1025936667 .0000000184 .0001356465 .0000783155 5220.000000 5226.548905 6.548905 0.125301         
30408704  32  5  0     .1039730000 .0000004468 .0006684309 .0003859187 5016.000000 5022.297535 6.297535 0.125392         
30670848  32  5  0     .1036320000 .0000001037 .0003220248 .0001859211 4444.000000 4454.197591 10.197591 0.228943         
30932992  32  5  0     .1047150000 .0000002318 .0004814561 .0002779688 4484.000000 4496.358906 12.358906 0.274865         
31195136  32  5  0     .1050420000 .0000002464 .0004963869 .0002865891 4916.000000 4923.881854 7.881854 0.160074         
31457280  32  5  0     .1054276667 .0000001566 .0003957271 .0002284731 4168.000000 4182.141111 14.141111 0.338131         
31719424  32  5  0     .1056500000 .0000000377 .0001941648 .0001121010 3524.000000 3537.342513 13.342513 0.377190         
31981568  32  5  0     .1064070000 .0000000712 .0002668332 .0001540562 2976.000000 2989.753422 13.753422 0.460019         
32243712  32  5  0     .1073716666 .0000003100 .0005567764 .0003214550 3576.000000 3588.057814 12.057814 0.336054         
32505856  32  5  0     .1077723334 .0000000638 .0002525866 .0001458309 3212.000000 3224.418230 12.418230 0.385131         
32768000  32  5  0     .1084550000 .0000005409 .0007354590 .0004246174 3632.000000 3644.444117 12.444117 0.341454         
33030144  32  5  0     .1091376667 .0000002408 .0004907137 .0002833136 3992.000000 4004.619983 12.619983 0.315136         
33292288  32  5  0     .1096273333 .0000001078 .0003283291 .0001895608 4212.000000 4225.336555 13.336555 0.315633         
33554432  32  5  0     .1110373334 .0000008260 .0009088454 .0005247221 4428.000000 4442.815521 14.815521 0.333471         
33816576  32  5  0     .1106813334 .0000000416 .0002039607 .0001177567 3236.000000 3247.754727 11.754727 0.361934         
34078720  32  5  0     .1117643333 .0000002030 .0004505552 .0002601281 3052.000000 3063.035690 11.035690 0.360286         
34340864  32  5  0     .1131296667 .0000031487 .0017744576 .0010244835 2992.000000 3004.004189 12.004189 0.399606         
34603008  32  5  0     .1129370000 .0000000204 .0001428285 .0000824620 3828.000000 3841.828212 13.828212 0.359938         
34865152  32  5  0     .1130110000 .0000000876 .0002959729 .0001708800 4792.000000 4801.355577 9.355577 0.194853         
35127296  32  5  0     .1135303334 .0000000137 .0001170469 .0000675770 4868.000000 4877.651389 9.651389 0.197870         
35389440  32  5  0     .1144653334 .0000001509 .0003884584 .0002242765 4696.000000 4707.203063 11.203063 0.237998         
35651584  32  5  0     .1156083333 .0000001694 .0004115823 .0002376271 4200.000000 4213.480229 13.480229 0.319931         
35913728  32  5  0     .1152963334 .0000000046 .0000678232 .0000391577 3940.000000 3950.214916 10.214916 0.258591         
36175872  32  5  0     .1158753333 .0000002089 .0004570557 .0002638812 3608.000000 3617.886794 9.886794 0.273275         
36438016  32  5  0     .1173443334 .0000000283 .0001682260 .0000971253 3472.000000 3482.168489 10.168489 0.292016         
36700160  32  5  0     .1170626666 .0000001192 .0003452535 .0001993322 4352.000000 4364.978985 12.978985 0.297344         
36962304  32  5  0     .1186950000 .0000003589 .0005990826 .0003458805 4684.000000 4691.434763 7.434763 0.158475         
37224448  32  5  0     .1184130000 .0000001273 .0003567912 .0002059934 4436.000000 4444.249919 8.249919 0.185631         
37486592  32  5  0     .1192590000 .0000006266 .0007915806 .0004570192 4448.000000 4458.881350 10.881350 0.244038         
37748736  32  5  0     .1196446666 .0000008353 .0009139474 .0005276677 4620.000000 4631.374575 11.374575 0.245598         
38010880  32  5  0     .1200006667 .0000003651 .0006042350 .0003488552 3664.000000 3675.744238 11.744238 0.319506         
38273024  32  5  0     .1207133333 .0000000342 .0001849324 .0001067707 3512.000000 3523.539352 11.539352 0.327493         
38535168  32  5  0     .1215740000 .0000003676 .0006063002 .0003500475 3952.000000 3962.355000 10.355000 0.261334         
38797312  32  5  0     .1220043333 .0000003098 .0005565968 .0003213513 4076.000000 4086.972573 10.972573 0.268477         
39059456  32  5  0     .1228060000 .0000011428 .0010690182 .0006171979 4644.000000 4652.017280 8.017280 0.172340         
39321600  32  5  0     .1229243334 .0000000239 .0001545962 .0000892561 4140.000000 4149.268058 9.268058 0.223366         
39583744  32  5  0     .1234586666 .0000001799 .0004241462 .0002448809 3436.000000 3444.099563 8.099563 0.235172         
39845888  32  5  0     .1238000000 .0000000424 .0002059126 .0001188836 3444.000000 3454.372030 10.372030 0.300258         
40108032  32  5  0     .1252100000 .0000000876 .0002959729 .0001708800 2952.000000 2961.647036 9.647036 0.325732         
40370176  32  5  0     .1258480000 .0000004468 .0006684309 .0003859187 3056.000000 3063.697800 7.697800 0.251258         
40632320  32  5  0     .1254473334 .0000000443 .0002104756 .0001215181 3992.000000 4000.833479 8.833479 0.220791         
40894464  32  5  0     .1274356666 .0000003811 .0006173329 .0003564173 4816.000000 4820.072447 4.072447 0.084489         
41156608  32  5  0     .1275843333 .0000003698 .0006081118 .0003510935 4476.000000 4483.395859 7.395859 0.164961         
41418752  32  5  0     .1275403334 .0000000970 .0003114482 .0001798147 5064.000000 5072.457117 8.457117 0.166726         
41680896  32  5  0     .1281040000 .0000001117 .0003342154 .0001929593 5360.000000 5365.106806 5.106806 0.095186         
41943040  32  5  0     .1290090000 .0000003376 .0005810335 .0003354598 5864.000000 5871.209972 7.209972 0.122802         
42205184  32  5  0     .1294550000 .0000000006 .0000244948 .0000141420 5392.000000 5400.320992 8.320992 0.154083         
42467328  32  5  0     .1300330000 .0000002662 .0005159457 .0002978813 5656.000000 5665.004071 9.004071 0.158942         
42729472  32  5  0     .1305973334 .0000002427 .0004926459 .0002844292 5784.000000 5790.106418 6.106418 0.105463         
42991616  32  5  0     .1313983334 .0000000422 .0002054263 .0001186029 6152.000000 6158.801279 6.801279 0.110432         
43253760  32  5  0     .1316506666 .0000000849 .0002913760 .0001682260 6512.000000 6518.669414 6.669414 0.102313         
43515904  32  5  0     .1322886667 .0000000839 .0002896549 .0001672323 6324.000000 6332.498091 8.498091 0.134198         
43778048  32  5  0     .1328973333 .0000000137 .0001170469 .0000675770 6192.000000 6199.980485 7.980485 0.128718         
44040192  32  5  0     .1333723334 .0000000204 .0001428285 .0000824620 6236.000000 6244.920492 8.920492 0.142844         
44302336  32  5  0     .1347820000 .0000006449 .0008030566 .0004636449 6036.000000 6045.354926 9.354926 0.154746         
44564480  32  5  0     .1349900000 .0000003469 .0005889821 .0003400489 6232.000000 6242.127574 10.127574 0.162246         
44826624  32  5  0     .1353163333 .0000001594 .0003992492 .0002305066 6068.000000 6073.868224 5.868224 0.096614         
45088768  32  5  0     .1357613333 .0000000026 .0000509901 .0000294391 6236.000000 6244.561571 8.561571 0.137104         
45350912  32  5  0     .1366223334 .0000001986 .0004456455 .0002572935 5980.000000 5988.786677 8.786677 0.146719         
45613056  32  5  0     .1372456666 .0000000501 .0002238302 .0001292284 5852.000000 5860.662463 8.662463 0.147807         
45875200  32  5  0     .1377060000 .0000002755 .0005248809 .0003030401 5668.000000 5674.622834 6.622834 0.116710         
46137344  32  5  0     .1384476666 .0000001514 .0003891015 .0002246478 5796.000000 5805.510044 9.510044 0.163811         
46399488  32  5  0     .1387296666 .0000001487 .0003856163 .0002226356 5704.000000 5712.980582 8.980582 0.157196         
46661632  32  5  0     .1393826667 .0000001689 .0004109744 .0002372761 5780.000000 5787.404585 7.404585 0.127943         
46923776  32  5  0     .1398726667 .0000001927 .0004389760 .0002534429 5880.000000 5885.630927 5.630927 0.095672         
47185920  32  5  0     .1409706667 .0000004311 .0006565820 .0003790777 6008.000000 6014.552431 6.552431 0.108943         
47448064  32  5  0     .1418460000 .0000001980 .0004449719 .0002569046 6032.000000 6037.231566 5.231566 0.086655         
47710208  32  5  0     .1416680000 .0000000554 .0002353720 .0001358920 5256.000000 5266.433231 10.433231 0.198108         
47972352  32  5  0     .1427663333 .0000003302 .0005746303 .0003317629 5676.000000 5686.101401 10.101401 0.177651         
48234496  32  5  0     .1427073334 .0000000184 .0001356465 .0000783155 6100.000000 6106.664261 6.664261 0.109131         
48496640  32  5  0     .1441910000 .0000001137 .0003371943 .0001946792 6520.000000 6529.344407 9.344407 0.143114         
48758784  32  5  0     .1445026667 .0000005570 .0007463243 .0004308905 6576.000000 6586.707123 10.707123 0.162557         
49020928  32  5  0     .1453930000 .0000009922 .0009960923 .0005750941 7996.000000 8006.063102 10.063102 0.125694         
49283072  32  5  0     .1450813333 .0000000482 .0002195449 .0001267543 8648.000000 8655.843938 7.843938 0.090620         
49545216  32  5  0     .1461796666 .0000001075 .0003278719 .0001892969 8928.000000 8936.139896 8.139896 0.091090         
49807360  32  5  0     .1462093333 .0000000257 .0001603121 .0000925562 9544.000000 9551.855928 7.855928 0.082245         
50069504  32  5  0     .1473076666 .0000001633 .0004041039 .0002333094 9328.000000 9337.165491 9.165491 0.098161         
50331648  32  5  0     .1483020000 .0000001029 .0003207802 .0001852025 9168.000000 9179.796807 11.796807 0.128508         
50593792  32  5  0     .1485393333 .0000001689 .0004109744 .0002372761 9384.000000 9397.664876 13.664876 0.145407         
50855936  32  5  0     .1487176667 .0000000678 .0002603843 .0001503329 9744.000000 9752.577745 8.577745 0.087954         
51118080  32  5  0     .1494446667 .0000001830 .0004277849 .0002469817 9328.000000 9338.395359 10.395359 0.111318         
51380224  32  5  0     .1496080000 .0000000045 .0000670820 .0000387298 8840.000000 8846.975093 6.975093 0.078842         
51642368  32  5  0     .1503646667 .0000000006 .0000244948 .0000141420 8320.000000 8329.006255 9.006255 0.108131         
51904512  32  5  0     .1509586667 .0000000976 .0003124099 .0001803699 7940.000000 7950.369392 10.369392 0.130427         
52166656  32  5  0     .1515820000 .0000001711 .0004136423 .0002388164 7708.000000 7716.665723 8.665723 0.112299         
52428800  32  5  0     .1522646667 .0000004816 .0006939740 .0004006660 7940.000000 7948.163820 8.163820 0.102713         
52690944  32  5  0     .1529916667 .0000000918 .0003029851 .0001749285 7628.000000 7636.738563 8.738563 0.114428         
52953088  32  5  0     .1534070000 .0000001830 .0004277849 .0002469817 7996.000000 8006.230020 10.230020 0.127776         
53215232  32  5  0     .1544163334 .0000002006 .0004478839 .0002585858 7560.000000 7568.843816 8.843816 0.116845         
53477376  32  5  0     .1546093333 .0000000742 .0002723967 .0001572683 8216.000000 8228.043951 12.043951 0.146377         
53739520  32  5  0     .1550843333 .0000000342 .0001849324 .0001067707 7400.000000 7409.012381 9.012381 0.121641         
54001664  32  5  0     .1560783333 .0000002899 .0005384236 .0003108590 7420.000000 7432.084398 12.084398 0.162598         
54263808  32  5  0     .1562120000 .0000001113 .0003336165 .0001926135 7776.000000 7784.413445 8.413445 0.108081         
54525952  32  5  0     .1568650000 .0000001137 .0003371943 .0001946792 7500.000000 7510.555429 10.555429 0.140541         
54788096  32  5  0     .1579486667 .0000000818 .0002860069 .0001651261 7904.000000 7914.168461 10.168461 0.128484         
55050240  32  5  0     .1585570000 .0000001870 .0004324349 .0002496664 7712.000000 7720.831486 8.831486 0.114385         
55312384  32  5  0     .1592393333 .0000001865 .0004318564 .0002493324 8600.000000 8612.979151 12.979151 0.150693         
55574528  32  5  0     .1595216667 .0000001804 .0004247352 .0002452209 7948.000000 7959.489988 11.489988 0.144356         
55836672  32  5  0     .1599220000 .0000001267 .0003559494 .0002055074 7400.000000 7414.307089 14.307089 0.192966         
56098816  32  5  0     .1606790000 .0000000554 .0002353720 .0001358920 7800.000000 7814.056022 14.056022 0.179881         
56360960  32  5  0     .1615843334 .0000000818 .0002860069 .0001651261 7324.000000 7338.338669 14.338669 0.195394         
56623104  32  5  0     .1623413333 .0000006430 .0008018728 .0004629614 8328.000000 8339.150497 11.150497 0.133713         
56885248  32  5  0     .1625043333 .0000000852 .0002918903 .0001685229 8744.000000 8759.020991 15.020991 0.171492         
57147392  32  5  0     .1633946667 .0000000019 .0000435889 .0000251660 7640.000000 7652.370341 12.370341 0.161654         
57409536  32  5  0     .1640180000 .0000000237 .0001539480 .0000888819 8584.000000 8596.835173 12.835173 0.149301         
57671680  32  5  0     .1641666667 .0000002821 .0005311308 .0003066485 9416.000000 9425.712477 9.712477 0.103042         
57933824  32  5  0     .1649826667 .0000000324 .0001800000 .0001039230 9864.000000 9879.678732 15.678732 0.158697         
58195968  32  5  0     .1656803333 .0000002402 .0004901020 .0002829605 9704.000000 9717.362285 13.362285 0.137509         
58458112  32  5  0     .1659323333 .0000006662 .0008162107 .0004712394 9512.000000 9520.822171 8.822171 0.092662         
58720256  32  5  0     .1663923333 .0000002085 .0004566180 .0002636285 8696.000000 8702.741489 6.741489 0.077464         
58982400  32  5  0     .1674163333 .0000001293 .0003595830 .0002076053 8336.000000 8343.209134 7.209134 0.086407         
59244544  32  5  0     .1677726666 .0000001273 .0003567912 .0002059934 8432.000000 8443.904591 11.904591 0.140984         
59506688  32  5  0     .1680396666 .0000000482 .0002195449 .0001267543 8440.000000 8444.512227 4.512227 0.053434         
59768832  32  5  0     .1687226666 .0000002719 .0005214403 .0003010536 7872.000000 7881.047780 9.047780 0.114804         
60030976  32  5  0     .1693016667 .0000000976 .0003124099 .0001803699 7924.000000 7936.134096 12.134096 0.152897         
60293120  32  5  0     .1702213333 .0000000976 .0003124099 .0001803699 8416.000000 8425.757296 9.757296 0.115803         
60555264  32  5  0     .1706966667 .0000004300 .0006557438 .0003785938 8100.000000 8111.110939 11.110939 0.136984         
60817408  32  5  0     .1716610000 .0000003676 .0006063002 .0003500475 8688.000000 8702.220320 14.220320 0.163410         
61079552  32  5  0     .1719726667 .0000000523 .0002286919 .0001320353 8496.000000 8503.284132 7.284132 0.085663         
61341696  32  5  0     .1722993333 .0000000257 .0001603121 .0000925562 8288.000000 8295.266173 7.266173 0.087594         
61603840  32  5  0     .1732343334 .0000001447 .0003803945 .0002196208 7948.000000 7959.775034 11.775034 0.147932         
61865984  32  5  0     .1733973333 .0000000836 .0002891366 .0001669330 8112.000000 8126.147018 14.147018 0.174093         
62128128  32  5  0     .1738870000 .0000001296 .0003600000 .0002078460 7984.000000 7996.129067 12.129067 0.151687         
62390272  32  5  0     .1746883333 .0000000124 .0001113552 .0000642909 7760.000000 7772.745005 12.745005 0.163970         
62652416  32  5  0     .1754453333 .0000002662 .0005159457 .0002978813 7840.000000 7850.816533 10.816533 0.137776         
62914560  32  5  0     .1755343333 .0000000800 .0002828427 .0001632993 8104.000000 8115.833360 11.833360 0.145806         
63176704  32  5  0     .1768253333 .0000000879 .0002964793 .0001711724 7732.000000 7743.687003 11.687003 0.150923         
63438848  32  5  0     .1774933333 .0000005989 .0007738862 .0004468034 8816.000000 8823.936756 7.936756 0.089946         
63700992  32  5  0     .1782796667 .0000002067 .0004546427 .0002624880 9152.000000 9162.532945 10.532945 0.114957         
63963136  32  5  0     .1785766667 .0000000733 .0002707397 .0001563116 8776.000000 8786.878555 10.878555 0.123805         
64225280  32  5  0     .1788883333 .0000001208 .0003475629 .0002006655 8760.000000 8771.152644 11.152644 0.127151         
64487424  32  5  0     .1792890000 .0000000614 .0002477902 .0001430617 8920.000000 8932.864521 12.864521 0.144013         
64749568  32  5  0     .1799423334 .0000000800 .0002828427 .0001632993 8928.000000 8939.898583 11.898583 0.133095         
65011712  32  5  0     .1809363334 .0000000612 .0002473863 .0001428285 8472.000000 8483.653698 11.653698 0.137366         
65273856  32  5  0     .1814556667 .0000002006 .0004478839 .0002585858 8576.000000 8584.046660 8.046660 0.093740         
65536000  32  5  0     .1816636667 .0000002265 .0004759201 .0002747725 8840.000000 8853.199621 13.199621 0.149094         
65798144  32  5  0     .1824206667 .0000000046 .0000678232 .0000391577 9312.000000 9323.867806 11.867806 0.127284         
66060288  32  5  0     .1828210000 .0000000403 .0002007485 .0001159022 8368.000000 8378.809647 10.809647 0.129012         
66322432  32  5  0     .1840380000 .0000000640 .0002529822 .0001460593 8392.000000 8402.307761 10.307761 0.122678         
66584576  32  5  0     .1841273333 .0000001512 .0003888444 .0002244994 8800.000000 8805.696863 5.696863 0.064695         
66846720  32  5  0     .1882080000 .0000311168 .0055782434 .0032206003 8120.000000 8132.373000 12.373000 0.152145         
67108864  32  5  0     .1852403333 .0000000662 .0002572936 .0001485485 8164.000000 8178.248495 14.248495 0.174224         
67371008  32  5  0     .1861160000 .0000003375 .0005809475 .0003354101 7940.000000 7952.903661 12.903661 0.162251         
67633152  32  5  0     .1868133334 .0000000615 .0002479919 .0001431781 7892.000000 7905.674263 13.674263 0.172968         
67895296  32  5  0     .1869913334 .0000001246 .0003529872 .0002037972 8576.000000 8585.833572 9.833572 0.114533         
68157440  32  5  0     .1876146666 .0000001032 .0003212475 .0001854723 8280.000000 8292.954585 12.954585 0.156212         
68419584  32  5  0     .1882233334 .0000001473 .0003837968 .0002215851 8616.000000 8629.107078 13.107078 0.151894         
68681728  32  5  0     .1891726666 .0000000138 .0001174734 .0000678232 8984.000000 8996.723688 12.723688 0.141426         
68943872  32  5  0     .1894696666 .0000001927 .0004389760 .0002534429 9168.000000 9178.688017 10.688017 0.116444         
69206016  32  5  0     .1897963334 .0000000414 .0002034698 .0001174733 9048.000000 9056.621844 8.621844 0.095199         
69468160  32  5  0     .1905976666 .0000000416 .0002039607 .0001177567 8720.000000 8733.779725 13.779725 0.157775         
69730304  32  5  0     .1916660000 .0000001130 .0003361547 .0001940790 8904.000000 8916.618449 12.618449 0.141516         
69992448  32  5  0     .1919333334 .0000001326 .0003641428 .0002102379 9024.000000 9034.954093 10.954093 0.121241         
70254592  32  5  0     .1927346666 .0000000715 .0002673948 .0001543804 9504.000000 9517.199586 13.199586 0.138692         
70516736  32  5  0     .1930906666 .0000001126 .0003355592 .0001937351 9864.000000 9876.242164 12.242164 0.123956         
70778880  32  5  0     .1933430000 .0000000085 .0000921954 .0000532290 10248.000000 10260.626798 12.626798 0.123061         
71041024  32  5  0     .1942930000 .0000002217 .0004708502 .0002718454 9336.000000 9344.375785 8.375785 0.089635         
71303168  32  5  0     .1945896667 .0000000205 .0001431782 .0000826639 9120.000000 9127.493778 7.493778 0.082101         
71565312  32  5  0     .1954656666 .0000001989 .0004459820 .0002574878 9696.000000 9704.574903 8.574903 0.088359         
71827456  32  5  0     .1957623334 .0000000019 .0000435889 .0000251660 10408.000000 10414.470369 6.470369 0.062129         
72089600  32  5  0     .1966226666 .0000002821 .0005311308 .0003066485 10272.000000 10284.364557 12.364557 0.120227         
72351744  32  5  0     .1972313333 .0000000971 .0003116087 .0001799073 10032.000000 10045.894837 13.894837 0.138314         
72613888  32  5  0     .1974686666 .0000000323 .0001797220 .0001037625 10968.000000 10975.780774 7.780774 0.070890         
72876032  32  5  0     .1982700000 .0000000916 .0003026549 .0001747378 10312.000000 10323.932429 11.932429 0.115580         
73138176  32  5  0     .1985813333 .0000000026 .0000509901 .0000294391 11408.000000 11418.160320 10.160320 0.088984         
73400320  32  5  0     .1995016667 .0000000257 .0001603121 .0000925562 12000.000000 12012.222341 12.222341 0.101749         
73662464  32  5  0     .1997843334 .0000000105 .0001024695 .0000591607 12072.000000 12082.942362 10.942362 0.090560         
73924608  32  5  0     .2005556667 .0000000342 .0001849324 .0001067707 12384.000000 12395.215961 11.215961 0.090486         
74186752  32  5  0     .2010750000 .0000000797 .0002823118 .0001629927 12288.000000 12300.855434 12.855434 0.104508         
74448896  32  5  0     .2016980000 .0000002385 .0004883646 .0002819574 12016.000000 12034.293822 18.293822 0.152014         
74711040  32  5  0     .2019356667 .0000001610 .0004012480 .0002316606 11448.000000 11462.015923 14.015923 0.122281         
74973184  32  5  0     .2024996666 .0000000322 .0001794435 .0001036017 11088.000000 11096.450905 8.450905 0.076159         
75235328  32  5  0     .2034643334 .0000002636 .0005134199 .0002964231 10624.000000 10640.359095 16.359095 0.153746         
75497472  32  5  0     .2039393334 .0000002821 .0005311308 .0003066485 10616.000000 10632.320991 16.320991 0.153504         
75759616  32  5  0     .2049483334 .0000002783 .0005275414 .0003045761 10072.000000 10087.424441 15.424441 0.152908         
76021760  32  5  0     .2052010000 .0000000237 .0001539480 .0000888819 10224.000000 10240.916765 16.916765 0.165188         
76283904  32  5  0     .2066403334 .0000004090 .0006395310 .0003692333 9840.000000 9857.514017 17.514017 0.177672         
76546048  32  5  0     .2065660000 .0000002090 .0004571651 .0002639443 9688.000000 9701.863160 13.863160 0.142892         
76808192  32  5  0     .2071300000 .0000000403 .0002007485 .0001159022 9152.000000 9169.492835 17.492835 0.190772         
77070336  32  5  0     .2077086667 .0000003691 .0006075360 .0003507610 9464.000000 9476.122321 12.122321 0.127925         
77332480  32  5  0     .2084506666 .0000000733 .0002707397 .0001563116 9520.000000 9529.181186 9.181186 0.096348         
77594624  32  5  0     .2086140000 .0000000601 .0002451530 .0001415391 9672.000000 9687.023099 15.023099 0.155085         
77856768  32  5  0     .2094153333 .0000000046 .0000678232 .0000391577 9160.000000 9174.287840 14.287840 0.155738         
78118912  32  5  0     .2096676666 .0000001116 .0003340658 .0001928729 9576.000000 9589.034039 13.034039 0.135927         
78381056  32  5  0     .2105286667 .0000002268 .0004762352 .0002749545 9408.000000 9416.594387 8.594387 0.091269         
78643200  32  5  0     .2110776666 .0000001922 .0004384062 .0002531139 9432.000000 9446.293043 14.293043 0.151308         
78905344  32  5  0     .2113596667 .0000000401 .0002002498 .0001156142 10144.000000 10155.729941 11.729941 0.115501         
79167488  32  5  0     .2123836667 .0000004451 .0006671581 .0003851839 10032.000000 10045.423582 13.423582 0.133629         
79429632  32  5  0     .2128880000 .0000000344 .0001854723 .0001070824 9144.000000 9152.110506 8.110506 0.088619         
79691776  32  5  0     .2133333334 .0000001393 .0003732291 .0002154839 8688.000000 8696.026991 8.026991 0.092306         
79953920  32  5  0     .2146396667 .0000006123 .0007824960 .0004517742 8832.000000 8845.525968 13.525968 0.152913         
80216064  32  5  0     .2143130000 .0000000599 .0002447447 .0001413034 9616.000000 9627.835117 11.835117 0.122926         
80478208  32  5  0     .2150696667 .0000003972 .0006302380 .0003638680 9360.000000 9374.436671 14.436671 0.154000         
80740352  32  5  0     .2159303334 .0000005722 .0007564390 .0004367302 8816.000000 8828.768502 12.768502 0.144624         
81002496  32  5  0     .2161530000 .0000001029 .0003207802 .0001852025 8720.000000 8726.692992 6.692992 0.076696         
81264640  32  5  0     .2167020000 .0000000600 .0002449489 .0001414213 8344.000000 8358.889419 14.889419 0.178127         
81526784  32  5  0     .2173403333 .0000000443 .0002104756 .0001215181 8784.000000 8795.171165 11.171165 0.127015         
81788928  32  5  0     .2180673333 .0000000614 .0002477902 .0001430617 8512.000000 8524.491448 12.491448 0.146536         
82051072  32  5  0     .2186460000 .0000001663 .0004077989 .0002354428 8304.000000 8316.267128 12.267128 0.147508         
82313216  32  5  0     .2195813334 .0000000772 .0002778488 .0001604160 7816.000000 7827.820150 11.820150 0.151002         
82575360  32  5  0     .2197446666 .0000000501 .0002238302 .0001292284 7848.000000 7856.252486 8.252486 0.105044         
82837504  32  5  0     .2213326666 .0000012395 .0011133283 .0006427803 8552.000000 8567.323094 15.323094 0.178855         
83099648  32  5  0     .2212733333 .0000001487 .0003856163 .0002226356 9296.000000 9305.641108 9.641108 0.103605         
83361792  32  5  0     .2216293333 .0000002039 .0004515528 .0002607041 9824.000000 9839.826587 15.826587 0.160842         
83623936  32  5  0     .2225343333 .0000003986 .0006313477 .0003645087 10184.000000 10196.379605 12.379605 0.121412         
83886080  32  5  0     .2230686666 .0000001116 .0003340658 .0001928729 9832.000000 9843.720612 11.720612 0.119067         
84148224  32  5  0     .2235290000 .0000000440 .0002097617 .0001211059 9944.000000 9954.276218 10.276218 0.103234         
84410368  32  5  0     .2236923334 .0000000660 .0002569046 .0001483239 10200.000000 10207.692503 7.692503 0.075360         
84672512  32  5  0     .2247606667 .0000004152 .0006443601 .0003720214 10440.000000 10452.758397 12.758397 0.122058         
84934656  32  5  0     .2249240000 .0000000950 .0003082207 .0001779513 10432.000000 10442.849535 10.849535 0.103894         
85196800  32  5  0     .2256363333 .0000001842 .0004291852 .0002477901 10600.000000 10607.037729 7.037729 0.066350         
85458944  32  5  0     .2267493333 .0000001326 .0003641428 .0002102379 11656.000000 11661.304452 5.304452 0.045488         
85721088  32  5  0     .2265713334 .0000000256 .0001600000 .0000923760 12192.000000 12202.330421 10.330421 0.084659         
85983232  32  5  0     .2278773333 .0000006747 .0008214012 .0004742362 12040.000000 12053.109348 13.109348 0.108763         
86245376  32  5  0     .2282630000 .0000002755 .0005248809 .0003030401 12248.000000 12258.909751 10.909751 0.088994         
86507520  32  5  0     .2287230000 .0000000640 .0002529822 .0001460593 12648.000000 12653.440954 5.440954 0.043000         
86769664  32  5  0     .2296576666 .0000003890 .0006236986 .0003600925 12496.000000 12500.863023 4.863023 0.038901         
87031808  32  5  0     .2302220000 .0000002638 .0005136146 .0002965355 12296.000000 12306.455726 10.455726 0.084961         
87293952  32  5  0     .2305336666 .0000000556 .0002357965 .0001361371 12320.000000 12326.713140 6.713140 0.054460         
87556096  32  5  0     .2310976666 .0000000976 .0003124099 .0001803699 12696.000000 12703.901221 7.901221 0.062195         
87818240  32  5  0     .2317060000 .0000000876 .0002959729 .0001708800 12232.000000 12239.438160 7.438160 0.060772         
88080384  32  5  0     .2318693334 .0000001842 .0004291852 .0002477901 12856.000000 12866.109133 10.109133 0.078572         
88342528  32  5  0     .2334573333 .0000013755 .0011728171 .0006771262 11696.000000 11706.575920 10.575920 0.090342         
88604672  32  5  0     .2334720000 .0000004302 .0006558963 .0003786819 12032.000000 12042.034085 10.034085 0.083326         
88866816  32  5  0     .2341250000 .0000000599 .0002447447 .0001413034 12336.000000 12345.771901 9.771901 0.079152         
89128960  32  5  0     .2346293333 .0000001842 .0004291852 .0002477901 12096.000000 12103.207110 7.207110 0.059547         
89391104  32  5  0     .2350450000 .0000001196 .0003458323 .0001996663 12632.000000 12642.556964 10.556964 0.083503         
89653248  32  5  0     .2354606666 .0000000919 .0003031501 .0001750237 12408.000000 12415.851786 7.851786 0.063240         
89915392  32  5  0     .2361730000 .0000000045 .0000670820 .0000387298 12120.000000 12126.099740 6.099740 0.050303         
90177536  32  5  0     .2364250000 .0000000403 .0002007485 .0001159022 12456.000000 12466.183509 10.183509 0.081689         
90439680  32  5  0     .2375530000 .0000001434 .0003786819 .0002186320 12232.000000 12241.071605 9.071605 0.074108         
90701824  32  5  0     .2381913334 .0000003745 .0006119640 .0003533175 12328.000000 12335.931643 7.931643 0.064297         
90963968  32  5  0     .2385476666 .0000001130 .0003361547 .0001940790 11832.000000 11842.355365 10.355365 0.087443         
91226112  32  5  0     .2393190000 .0000001631 .0004038564 .0002331666 12016.000000 12021.797484 5.797484 0.048225         
91488256  32  5  0     .2401946666 .0000001130 .0003361547 .0001940790 11856.000000 11860.166578 4.166578 0.035131         
91750400  32  5  0     .2400613334 .0000000258 .0001606237 .0000927361 12248.000000 12251.577531 3.577531 0.029201         
92012544  32  5  0     .2410406667 .0000004124 .0006421837 .0003707649 12176.000000 12180.449172 4.449172 0.036527         
92274688  32  5  0     .2415003333 .0000000184 .0001356465 .0000783155 11664.000000 11670.674720 6.674720 0.057192         
92536832  32  5  0     .2425690000 .0000004128 .0006424951 .0003709447 11664.000000 11671.024641 7.024641 0.060189         
92798976  32  5  0     .2430740000 .0000001434 .0003786819 .0002186320 12696.000000 12700.689780 4.689780 0.036925         
93061120  32  5  0     .2429850000 .0000000204 .0001428285 .0000824620 12128.000000 12133.016099 5.016099 0.041343         
93323264  32  5  0     .2439790000 .0000001330 .0003646916 .0002105547 12024.000000 12030.935991 6.935991 0.057651         
93585408  32  5  0     .2445283334 .0000000343 .0001852025 .0001069267 11688.000000 11689.638472 1.638472 0.014016         
93847552  32  5  0     .2458786666 .0000010518 .0010255730 .0005921148 11760.000000 11769.047649 9.047649 0.076877         
94109696  32  5  0     .2458043334 .0000001248 .0003532704 .0002039607 11992.000000 11995.879037 3.879037 0.032336         
94371840  32  5  0     .2462500000 .0000002138 .0004623851 .0002669581 11872.000000 11880.209913 8.209913 0.069106         
94633984  32  5  0     .2470660000 .0000001431 .0003782856 .0002184032 12672.000000 12672.572479 0.572479 0.004517         
94896128  32  5  0     .2476150000 .0000000719 .0002681417 .0001548116 12744.000000 12750.293387 6.293387 0.049359         
95158272  32  5  0     .2480753334 .0000000256 .0001600000 .0000923760 12256.000000 12258.772679 2.772679 0.022618         
95420416  32  5  0     .2492326667 .0000003885 .0006232976 .0003598610 12648.000000 12655.062134 7.062134 0.055805         
95682560  32  5  0     .2491290000 .0000000125 .0001118033 .0000645496 11648.000000 11653.886729 5.886729 0.050513         
95944704  32  5  0     .2500043333 .0000000722 .0002687005 .0001551343 11216.000000 11222.353000 6.353000 0.056610         
96206848  32  5  0     .2508353333 .0000001130 .0003361547 .0001940790 11704.000000 11705.641718 1.641718 0.014025         
96468992  32  5  0     .2516963333 .0000001514 .0003891015 .0002246478 11344.000000 11348.485699 4.485699 0.039527         
96731136  32  5  0     .2517556667 .0000001594 .0003992492 .0002305066 11752.000000 11751.906769 0.093231 0.000793         
96993280  32  5  0     .2518446667 .0000000641 .0002531797 .0001461733 11696.000000 11697.645302 1.645302 0.014065         
97255424  32  5  0     .2525866666 .0000002089 .0004570557 .0002638812 12344.000000 12346.962994 2.962994 0.023998         
97517568  32  5  0     .2535810000 .0000005396 .0007345747 .0004241069 12320.000000 12321.314154 1.314154 0.010666         
97779712  32  5  0     .2536403334 .0000000375 .0001936491 .0001118033 12608.000000 12609.936204 1.936204 0.015355         
98041856  32  5  0     .2543676667 .0000000996 .0003155946 .0001822086 12920.000000 12928.203089 8.203089 0.063451         
98304000  32  5  0     .2550353334 .0000002069 .0004548626 .0002626150 13520.000000 13528.021925 8.021925 0.059299         
98566144  32  5  0     .2556736667 .0000001293 .0003595830 .0002076053 13288.000000 13298.857704 10.857704 0.081644         
98828288  32  5  0     .2564450000 .0000001663 .0004077989 .0002354428 15088.000000 15095.374835 7.374835 0.048855         
99090432  32  5  0     .2571130000 .0000000139 .0001178982 .0000680685 15024.000000 15034.405944 10.405944 0.069214         
99352576  32  5  0     .2575580000 .0000001029 .0003207802 .0001852025 15152.000000 15165.027990 13.027990 0.085908         
99614720  32  5  0     .2577510000 .0000000796 .0002821347 .0001628905 15136.000000 15144.656958 8.656958 0.057162         
99876864  32  5  0     .2588493334 .0000004338 .0006586349 .0003802630 14800.000000 14816.553035 16.553035 0.111720         
100139008  32  5  0     .2592796666 .0000001435 .0003788139 .0002187083 14152.000000 14162.271849 10.271849 0.072530         
100401152  32  5  0     .2600366667 .0000002719 .0005214403 .0003010536 14392.000000 14401.569709 9.569709 0.066449         
100663296  32  5  0     .2607193334 .0000001803 .0004246174 .0002451529 14624.000000 14638.143795 14.143795 0.096623         
100925440  32  5  0     .2614913334 .0000007183 .0008475258 .0004893192 14608.000000 14618.081919 10.081919 0.068969         
101187584  32  5  0     .2623663333 .0000004816 .0006939740 .0004006660 14704.000000 14718.316693 14.316693 0.097271         
101449728  32  5  0     .2620696667 .0000000046 .0000678232 .0000391577 14360.000000 14369.685377 9.685377 0.067401         
101711872  32  5  0     .2628563334 .0000000375 .0001936491 .0001118033 14384.000000 14390.654016 6.654016 0.046238         
101974016  32  5  0     .2636576667 .0000000614 .0002477902 .0001430617 13760.000000 13767.322177 7.322177 0.053185         
102236160  32  5  0     .2640436667 .0000001078 .0003283291 .0001895608 13680.000000 13688.187280 8.187280 0.059813         
102498304  32  5  0     .2644146666 .0000000256 .0001600000 .0000923760 13520.000000 13534.902605 14.902605 0.110105         
102760448  32  5  0     .2651860000 .0000002464 .0004963869 .0002865891 13664.000000 13669.883203 5.883203 0.043038         
103022592  32  5  0     .2657803334 .0000002226 .0004718050 .0002723967 13744.000000 13750.243062 6.243062 0.045403         
103284736  32  5  0     .2663143333 .0000000165 .0001284523 .0000741619 14336.000000 14344.438588 8.438588 0.058828         
103546880  32  5  0     .2667446667 .0000000719 .0002681417 .0001548116 14848.000000 14859.967465 11.967465 0.080535         
103809024  32  5  0     .2675013334 .0000004764 .0006902173 .0003984971 14936.000000 14947.525123 11.525123 0.077104         
104071168  32  5  0     .2677836666 .0000000343 .0001852025 .0001069267 15216.000000 15225.861807 9.861807 0.064770         
104333312  32  5  0     .2689560000 .0000017214 .0013120213 .0007574958 15152.000000 15158.839167 6.839167 0.045117         
104595456  32  5  0     .2693563334 .0000001487 .0003856163 .0002226356 14656.000000 14670.960897 14.960897 0.101976         
104857600  32  5  0     .2696830000 .0000000441 .0002100000 .0001212435 14824.000000 14833.275169 9.275169 0.062529         
