262144  1024  1  0     .0132080000 .0000002304 .0004800000 .0002771281 -944.595703 -944.171557 0.424146 0.044923         
524288  1024  1  0     .0150633334 .0000000880 .0002966479 .0001712697 -973.108398 -972.777712 0.330687 0.033994         
786432  1024  1  0     .0164730000 .0000001504 .0003878143 .0002239046 -328.651855 -327.918323 0.733532 0.223694         
1048576  1024  1  0     .0180016667 .0000000046 .0000678232 .0000391577 15.554688 16.512779 0.958091 5.802121         
1310720  1024  1  0     .0194860000 .0000000006 .0000244948 .0000141420 241.659180 242.332150 0.672970 0.277706         
1572864  1024  1  0     .0214446667 .0000000184 .0001356465 .0000783155 428.103027 428.806930 0.703902 0.164154         
1835008  1024  1  0     .0229286666 .0000000376 .0001939071 .0001119523 752.717041 753.843669 1.126628 0.149451         
2097152  1024  1  0     .0247393334 .0000000345 .0001857417 .0001072380 1219.428467 1220.622352 1.193885 0.097810         
2359296  1024  1  0     .0260006667 .0000000256 .0001600000 .0000923760 1123.825928 1125.179071 1.353143 0.120260         
2621440  1024  1  0     .0276926667 .0000000715 .0002673948 .0001543804 1105.249268 1106.597654 1.348386 0.121850         
2883584  1024  1  0     .0292356666 .0000000422 .0002054263 .0001186029 1320.158447 1322.568957 2.410510 0.182260         
3145728  1024  1  0     .0311503334 .0000000006 .0000244948 .0000141420 1597.391357 1599.764756 2.373398 0.148359         
3407872  1024  1  0     .0360033333 .0000000046 .0000678232 .0000391577 2064.983154 2067.175513 2.192359 0.106056         
3670016  1024  1  0     .0378583334 .0000000184 .0001356465 .0000783155 2149.091553 2150.637510 1.545957 0.071884         
3932160  1024  1  0     .0400396666 .0000000482 .0002195449 .0001267543 2824.316650 2825.436924 1.120273 0.039650         
4194304  1024  1  0     .0417610000 .0000000316 .0001777638 .0001026319 2711.970459 2713.422775 1.452316 0.053523         
4456448  1024  1  0     .0434830000 .0000000599 .0002447447 .0001413034 2394.795654 2396.560960 1.765306 0.073660         
4718592  1024  1  0     .0452043334 .0000000105 .0001024695 .0000591607 1684.810791 1686.863261 2.052470 0.121674         
4980736  1024  1  0     .0472376666 .0000000970 .0003114482 .0001798147 1875.535889 1877.801715 2.265827 0.120664         
5242880  1024  1  0     .0493746666 .0000000495 .0002224859 .0001284522 1056.755127 1059.229657 2.474530 0.233616         
5505024  1024  1  0     .0511703333 .0000000285 .0001688194 .0000974679 76.766846 78.815752 2.048906 2.599615         
5767168  1024  1  0     .0527136667 .0000000139 .0001178982 .0000680685 537.166748 538.907103 1.740355 0.322942         
6029312  1024  1  0     .0547023334 .0000000085 .0000921954 .0000532290 674.294678 676.133452 1.838774 0.271954         
6291456  1024  1  0     .0566913334 .0000000660 .0002569046 .0001483239 706.582764 708.077335 1.494572 0.211075         
6553600  1024  1  0     .0585610000 .0000000204 .0001428285 .0000824620 1329.535889 1331.119084 1.583195 0.118937         
6815744  1024  1  0     .0604160000 .0000000554 .0002353720 .0001358920 1325.347900 1326.931428 1.583528 0.119338         
7077888  1024  1  0     .0623453334 .0000001633 .0004041039 .0002333094 516.792236 518.582014 1.789778 0.345129         
7340032  1024  1  0     .0638740000 .0000000403 .0002007485 .0001159022 1284.228760 1286.741372 2.512613 0.195269         
7602176  1024  1  0     .0658626667 .0000000322 .0001794435 .0001036017 1659.254150 1661.391260 2.137109 0.128634         
7864320  1024  1  0     .0675246666 .0000000483 .0002197726 .0001268857 1458.613770 1460.453419 1.839650 0.125964         
8126464  1024  1  0     .0694833333 .0000000124 .0001113552 .0000642909 2024.595215 2026.492956 1.897741 0.093647         
8388608  1024  1  0     .0713536666 .0000000342 .0001849324 .0001067707 2136.869629 2139.030525 2.160896 0.101022         
8650752  1024  1  0     .0734610000 .0000001250 .0003535533 .0002041240 1617.907715 1620.544739 2.637025 0.162725         
8912896  1024  1  0     .0751526666 .0000000178 .0001334166 .0000770281 1721.813477 1724.367041 2.553565 0.148087         
9175040  1024  1  0     .0772303334 .0000000600 .0002449489 .0001414213 690.008301 692.285004 2.276703 0.328868         
9437184  1024  1  0     .0791893334 .0000000282 .0001679285 .0000969535 456.004395 458.145199 2.140805 0.467277         
9699328  1024  1  0     .0807623334 .0000000772 .0002778488 .0001604160 518.215332 520.140402 1.925070 0.370106         
9961472  1024  1  0     .0827656666 .0000000137 .0001170469 .0000675770 971.365723 973.234013 1.868290 0.191967         
10223616  1024  1  0     .0843983334 .0000000046 .0000678232 .0000391577 878.669434 880.612918 1.943484 0.220697         
10485760  1024  1  0     .0864020000 .0000000085 .0000921954 .0000532290 682.993164 685.126199 2.133034 0.311335         
10747904  1024  1  0     .0881826667 .0000000026 .0000509901 .0000294391 1366.083984 1368.146598 2.062613 0.150760         
11010048  1024  1  0     .0900376667 .0000000046 .0000678232 .0000391577 1411.818359 1413.862728 2.044369 0.144595         
11272192  1024  1  0     .0922340000 .0000002385 .0004883646 .0002819574 1266.036133 1267.930909 1.894777 0.149438         
11534336  1024  1  0     .0938963333 .0000000059 .0000768114 .0000443470 993.395996 994.626349 1.230353 0.123700         
11796480  1024  1  0     .0956033334 .0000000105 .0001024695 .0000591607 1261.818359 1262.475385 0.657026 0.052043         
12058624  1024  1  0     .0974583334 .0000000137 .0001170469 .0000675770 1152.344238 1153.010815 0.666577 0.057812         
12320768  1024  1  0     .0993873334 .0000000125 .0001118033 .0000645496 668.321289 668.549385 0.228096 0.034118         
12582912  1024  1  0     .1013463333 .0000000523 .0002286919 .0001320353 932.543945 932.964447 0.420502 0.045072         
12845056  1024  1  0     .1031716667 .0000000401 .0002002498 .0001156142 853.989502 854.093387 0.103885 0.012163         
13107200  1024  1  0     .1050266667 .0000001799 .0004241462 .0002448809 1988.314697 1988.606004 0.291307 0.014649         
13369344  1024  1  0     .1068820000 .0000000164 .0001280624 .0000739368 2664.582275 2665.218412 0.636136 0.023868         
13631488  1024  1  0     .1085143334 .0000000244 .0001562049 .0000901849 3266.565186 3267.339271 0.774085 0.023692         
13893632  1024  1  0     .1105026667 .0000000059 .0000768114 .0000443470 3093.871338 3094.411728 0.540390 0.017463         
14155776  1024  1  0     .1124023333 .0000000124 .0001113552 .0000642909 2251.330322 2251.445917 0.115595 0.005134         
14417920  1024  1  0     .1145396667 .0000001372 .0003704051 .0002138534 2677.995361 2677.686083 0.309279 0.011550         
14680064  1024  1  0     .1159943334 .0000000184 .0001356465 .0000783155 2463.804443 2463.309319 0.495124 0.020100         
14942208  1024  1  0     .1179380000 0 0 0 3260.554688 3259.733503 0.821184 0.025192         
15204352  1024  1  0     .1198973334 .0000000258 .0001606237 .0000927361 3027.539551 3026.656530 0.883021 0.029175         
15466496  1024  1  0     .1216480000 .0000000085 .0000921954 .0000532290 2825.846680 2825.110528 0.736151 0.026057         
15728640  1024  1  0     .1236663333 .0000000443 .0002104756 .0001215181 3505.050781 3504.732574 0.318207 0.009079         
15990784  1024  1  0     .1258483334 .0000008170 .0009038805 .0005218556 4284.099121 4284.057122 0.041999 0.000980         
16252928  1024  1  0     .1273320000 .0000001447 .0003803945 .0002196208 3497.480957 3497.418606 0.062351 0.001783         
16515072  1024  1  0     .1290533333 .0000000165 .0001284523 .0000741619 4068.255859 4068.333801 0.077941 0.001916         
16777216  1024  1  0     .1310716666 .0000000059 .0000768114 .0000443470 3451.225586 3451.306462 0.080876 0.002343         
17039360  1024  1  0     .1327193334 .0000000416 .0002039607 .0001177567 3415.242676 3415.560654 0.317978 0.009310         
17301504  1024  1  0     .1348116666 .0000001126 .0003355592 .0001937351 3524.447754 3524.454361 0.006607 0.000187         
17563648  1024  1  0     .1366966667 .0000000678 .0002603843 .0001503329 2819.927734 2819.750138 0.177596 0.006298         
17825792  1024  1  0     .1382996666 .0000000046 .0000678232 .0000391577 3031.564453 3031.613117 0.048664 0.001605         
18087936  1024  1  0     .1404070000 .0000001830 .0004277849 .0002469817 3436.740723 3436.832428 0.091705 0.002668         
18350080  1024  1  0     .1420836666 .0000001297 .0003601388 .0002079262 3593.952148 3594.132306 0.180157 0.005013         
18612224  1024  1  0     .1439386667 .0000000257 .0001603121 .0000925562 2661.356445 2661.163872 0.192573 0.007236         
18874368  1024  1  0     .1456010000 .0000000045 .0000670820 .0000387298 2366.545410 2365.690688 0.854722 0.036130         
19136512  1024  1  0     .1478863333 .0000001393 .0003732291 .0002154839 2827.653320 2826.867458 0.785862 0.027800         
19398656  1024  1  0     .1497263334 .0000000852 .0002918903 .0001685229 2799.442383 2798.453602 0.988781 0.035333         
19660800  1024  1  0     .1512253334 .0000000282 .0001679285 .0000969535 2123.391602 2122.144593 1.247008 0.058762         
19922944  1024  1  0     .1532883333 .0000000414 .0002034698 .0001174733 2551.327148 2549.761262 1.565886 0.061413         
20185088  1024  1  0     .1552770000 .0000000243 .0001558845 .0000899999 2257.871094 2256.291316 1.579778 0.070017         
20447232  1024  1  0     .1573990000 .0000001196 .0003458323 .0001996663 2262.370605 2261.107109 1.263496 0.055880         
20709376  1024  1  0     .1587793334 .0000000205 .0001431782 .0000826639 1979.516602 1978.228986 1.287616 0.065089         
20971520  1024  1  0     .1606790000 .0000000079 .0000888819 .0000513159 1718.983398 1717.939750 1.043649 0.060750         
21233664  1024  1  0     .1625043334 .0000000615 .0002479919 .0001431781 2353.180664 2351.802048 1.378616 0.058620         
21495808  1024  1  0     .1644933334 .0000001473 .0003837968 .0002215851 3167.328613 3165.953088 1.375525 0.043447         
21757952  1024  1  0     .1664076666 .0000001293 .0003595830 .0002076053 3431.703613 3430.018750 1.684863 0.049121         
22020096  1024  1  0     .1679656667 .0000000046 .0000678232 .0000391577 4147.018066 4145.585061 1.433006 0.034567         
22282240  1024  1  0     .1703106667 .0000000046 .0000678232 .0000391577 4675.271973 4673.653392 1.618581 0.034632         
22544384  1024  1  0     .1717350000 .0000000006 .0000244948 .0000141420 3942.112305 3940.811686 1.300618 0.033004         
22806528  1024  1  0     .1736943333 .0000000184 .0001356465 .0000783155 4485.216309 4483.558675 1.657634 0.036971         
23068672  1024  1  0     .1754453334 .0000000165 .0001284523 .0000741619 4781.395508 4779.600764 1.794744 0.037550         
23330816  1024  1  0     .1773006666 .0000000085 .0000921954 .0000532290 4602.805176 4601.271962 1.533214 0.033322         
23592960  1024  1  0     .1791553333 .0000000556 .0002357965 .0001361371 4619.673828 4618.110744 1.563084 0.033847         
23855104  1024  1  0     .1809806666 .0000000019 .0000435889 .0000251660 4311.215820 4310.008204 1.207616 0.028019         
24117248  1024  1  0     .1831033334 .0000001315 .0003626292 .0002093640 4212.490723 4211.177373 1.313349 0.031187         
24379392  1024  1  0     .1846760000 .0000000079 .0000888819 .0000513159 3850.817383 3849.394059 1.423324 0.036975         
24641536  1024  1  0     .1865610000 .0000000045 .0000670820 .0000387298 3487.795898 3486.325589 1.470309 0.042174         
24903680  1024  1  0     .1887870000 .0000000916 .0003026549 .0001747378 3678.672363 3676.919102 1.753262 0.047683         
25165824  1024  1  0     .1906273333 .0000001512 .0003888444 .0002244994 2960.133301 2958.162034 1.971266 0.066638         
25427968  1024  1  0     .1925416666 .0000000244 .0001562049 .0000901849 2907.755371 2906.062847 1.692524 0.058241         
25690112  1024  1  0     .1941000000 .0000001932 .0004395452 .0002537715 3446.643555 3444.719396 1.924158 0.055858         
25952256  1024  1  0     .1959850000 .0000000078 .0000883176 .0000509901 3575.095703 3573.414552 1.681152 0.047046         
26214400  1024  1  0     .1978103334 .0000000058 .0000761577 .0000439696 2691.809570 2690.466946 1.342624 0.049903         
26476544  1024  1  0     .1995316667 .0000000285 .0001688194 .0000974679 2640.210938 2639.222057 0.988880 0.037469         
26738688  1024  1  0     .2014610000 .0000000079 .0000888819 .0000513159 2740.942383 2739.954510 0.987873 0.036054         
27000832  1024  1  0     .2033156667 .0000000184 .0001356465 .0000783155 2454.348145 2453.420430 0.927715 0.037813         
27262976  1024  1  0     .2049930000 .0000000204 .0001428285 .0000824620 3084.649902 3083.836779 0.813124 0.026367         
27525120  1024  1  0     .2071450000 .0000000284 .0001685229 .0000972967 3315.395020 3315.084117 0.310902 0.009378         
27787264  1024  1  0     .2090446667 .0000000244 .0001562049 .0000901849 3985.611816 3985.519209 0.092608 0.002324         
28049408  1024  1  0     .2108403334 .0000000165 .0001284523 .0000741619 5189.049805 5188.597671 0.452133 0.008714         
28311552  1024  1  0     .2126060000 .0000000284 .0001685229 .0000972967 4101.601074 4101.061114 0.539960 0.013166         
28573696  1024  1  0     .2144166666 .0000000019 .0000435889 .0000251660 3856.830566 3856.220560 0.610006 0.015819         
28835840  1024  1  0     .2163016666 .0000000046 .0000678232 .0000391577 4235.178223 4234.543648 0.634575 0.014986         
29097984  1024  1  0     .2183046666 .0000000443 .0002104756 .0001215181 4599.477051 4598.945216 0.531835 0.011564         
29360128  1024  1  0     .2205163334 .0000003745 .0006119640 .0003533175 4352.063965 4351.682566 0.381398 0.008764         
29622272  1024  1  0     .2218073334 .0000000059 .0000768114 .0000443470 4482.573242 4482.134366 0.438876 0.009792         
29884416  1024  1  0     .2238703333 .0000000184 .0001356465 .0000783155 4545.229980 4544.819753 0.410227 0.009026         
30146560  1024  1  0     .2254136666 .0000000058 .0000761577 .0000439696 5227.130371 5226.548905 0.581466 0.011125         
30408704  1024  1  0     .2272390000 .0000000139 .0001178982 .0000680685 5022.978027 5022.297535 0.680492 0.013549         
30670848  1024  1  0     .2294503333 .0000000046 .0000678232 .0000391577 4454.900391 4454.197591 0.702800 0.015778         
30932992  1024  1  0     .2312606666 .0000000345 .0001857417 .0001072380 4496.953125 4496.358906 0.594219 0.013216         
31195136  1024  1  0     .2331306666 .0000000322 .0001794435 .0001036017 4925.126953 4923.881854 1.245099 0.025287         
31457280  1024  1  0     .2349263333 .0000000204 .0001428285 .0000824620 4183.033203 4182.141111 0.892093 0.021331         
31719424  1024  1  0     .2373306667 .0000003457 .0005879625 .0003394603 3537.987305 3537.342513 0.644792 0.018228         
31981568  1024  1  0     .2385773333 .0000000244 .0001562049 .0000901849 2990.422852 2989.753422 0.669429 0.022391         
32243712  1024  1  0     .2405806667 .0000000105 .0001024695 .0000591607 3588.905273 3588.057814 0.847459 0.023619         
32505856  1024  1  0     .2423316667 .0000000137 .0001170469 .0000675770 3225.662109 3224.418230 1.243879 0.038577         
32768000  1024  1  0     .2441573334 .0000001482 .0003849675 .0002222610 3645.885254 3644.444117 1.441137 0.039543         
33030144  1024  1  0     .2459083334 .0000000105 .0001024695 .0000591607 4006.387695 4004.619983 1.767712 0.044142         
33292288  1024  1  0     .2478526666 .0000000019 .0000435889 .0000251660 4227.856445 4225.336555 2.519891 0.059638         
33554432  1024  1  0     .2496630000 .0000000045 .0000670820 .0000387298 4445.580566 4442.815521 2.765045 0.062236         
33816576  1024  1  0     .2515330000 .0000000006 .0000244948 .0000141420 3250.219238 3247.754727 2.464512 0.075884         
34078720  1024  1  0     .2535663333 .0000000342 .0001849324 .0001067707 3065.661621 3063.035690 2.625931 0.085730         
34340864  1024  1  0     .2554213333 .0000000019 .0000435889 .0000251660 3006.198486 3004.004189 2.194297 0.073046         
34603008  1024  1  0     .2571426667 .0000000184 .0001356465 .0000783155 3844.175049 3841.828212 2.346837 0.061086         
34865152  1024  1  0     .2590276667 .0000000258 .0001606237 .0000927361 4803.434082 4801.355577 2.078505 0.043290         
35127296  1024  1  0     .2608380000 .0000000125 .0001118033 .0000645496 4879.893555 4877.651389 2.242166 0.045968         
35389440  1024  1  0     .2631830000 .0000003175 .0005634713 .0003253203 4709.759766 4707.203063 2.556703 0.054315         
35651584  1024  1  0     .2653793333 .0000000204 .0001428285 .0000824620 4216.056641 4213.480229 2.576412 0.061147         
35913728  1024  1  0     .2673683334 .0000000105 .0001024695 .0000591607 3952.797852 3950.214916 2.582936 0.065387         
36175872  1024  1  0     .2693566666 .0000000494 .0002222611 .0001283225 3620.804688 3617.886794 2.917893 0.080652         
36438016  1024  1  0     .2709146666 .0000000019 .0000435889 .0000251660 3485.226074 3482.168489 3.057586 0.087807         
36700160  1024  1  0     .2730963334 .0000000138 .0001174734 .0000678232 4368.148438 4364.978985 3.169452 0.072611         
36962304  1024  1  0     .2748623333 .0000000046 .0000678232 .0000391577 4693.985352 4691.434763 2.550588 0.054367         
37224448  1024  1  0     .2767026666 .0000000494 .0002222611 .0001283225 4446.889160 4444.249919 2.639241 0.059386         
37486592  1024  1  0     .2786763333 .0000000342 .0001849324 .0001067707 4461.496094 4458.881350 2.614744 0.058641         
37748736  1024  1  0     .2803826667 .0000000026 .0000509901 .0000294391 4634.158203 4631.374575 2.783628 0.060104         
38010880  1024  1  0     .2822230000 .0000000078 .0000883176 .0000509901 3678.382324 3675.744238 2.638086 0.071770         
38273024  1024  1  0     .2843160000 .0000001663 .0004077989 .0002354428 3526.017090 3523.539352 2.477738 0.070320         
38535168  1024  1  0     .2860076666 .0000000138 .0001174734 .0000678232 3965.272949 3962.355000 2.917949 0.073642         
38797312  1024  1  0     .2878773334 .0000000954 .0003088689 .0001783255 4089.336914 4086.972573 2.364341 0.057851         
39059456  1024  1  0     .2897176667 .0000000482 .0002195449 .0001267543 4653.899414 4652.017280 1.882134 0.040458         
39321600  1024  1  0     .2914246666 .0000000342 .0001849324 .0001067707 4151.110352 4149.268058 1.842293 0.044400         
39583744  1024  1  0     .2933686666 .0000000600 .0002449489 .0001414213 3445.627197 3444.099563 1.527634 0.044355         
39845888  1024  1  0     .2951493333 .0000000026 .0000509901 .0000294391 3455.291260 3454.372030 0.919230 0.026611         
40108032  1024  1  0     .2971236667 .0000000184 .0001356465 .0000783155 2962.414795 2961.647036 0.767759 0.025923         
40370176  1024  1  0     .2990973333 .0000000058 .0000761577 .0000439696 3063.998779 3063.697800 0.300980 0.009824         
40632320  1024  1  0     .3008036666 .0000000046 .0000678232 .0000391577 4001.862549 4000.833479 1.029069 0.025721         
40894464  1024  1  0     .3024363333 .0000000058 .0000761577 .0000439696 4821.470215 4820.072447 1.397768 0.028999         
41156608  1024  1  0     .3044546667 .0000000124 .0001113552 .0000642909 4484.849609 4483.395859 1.453750 0.032425         
41418752  1024  1  0     .3065766666 .0000000137 .0001170469 .0000675770 5073.827148 5072.457117 1.370032 0.027009         
41680896  1024  1  0     .3082686666 .0000000318 .0001783255 .0001029562 5366.072754 5365.106806 0.965948 0.018004         
41943040  1024  1  0     .3103760000 .0000000125 .0001118033 .0000645496 5871.960449 5871.209972 0.750478 0.012782         
42205184  1024  1  0     .3120083334 .0000000177 .0001330413 .0000768114 5401.286133 5400.320992 0.965141 0.017872         
42467328  1024  1  0     .3139080000 .0000000045 .0000670820 .0000387298 5666.091797 5665.004071 1.087725 0.019201         
42729472  1024  1  0     .3156446666 .0000000026 .0000509901 .0000294391 5790.789551 5790.106418 0.683133 0.011798         
42991616  1024  1  0     .3177073333 .0000000059 .0000768114 .0000443470 6159.451172 6158.801279 0.649893 0.010552         
43253760  1024  1  0     .3193396667 .0000000403 .0002007485 .0001159022 6519.409180 6518.669414 0.739766 0.011348         
43515904  1024  1  0     .3213133334 .0000000533 .0002308679 .0001332916 6332.761719 6332.498091 0.263628 0.004163         
43778048  1024  1  0     .3231980000 .0000001434 .0003786819 .0002186320 6199.820312 6199.980485 0.160173 0.002583         
44040192  1024  1  0     .3250976666 .0000000019 .0000435889 .0000251660 6244.708008 6244.920492 0.212485 0.003403         
44302336  1024  1  0     .3268636666 .0000000026 .0000509901 .0000294391 6044.709961 6045.354926 0.644965 0.010669         
44564480  1024  1  0     .3287486666 .0000000556 .0002357965 .0001361371 6241.195312 6242.127574 0.932262 0.014935         
44826624  1024  1  0     .3306483333 .0000000244 .0001562049 .0000901849 6072.831543 6073.868224 1.036681 0.017068         
45088768  1024  1  0     .3325623334 .0000000006 .0000244948 .0000141420 6243.608398 6244.561571 0.953173 0.015264         
45350912  1024  1  0     .3344323333 .0000000124 .0001113552 .0000642909 5987.983887 5988.786677 0.802790 0.013405         
45613056  1024  1  0     .3361540000 .0000000323 .0001797220 .0001037625 5859.523438 5860.662463 1.139026 0.019435         
45875200  1024  1  0     .3383210000 0 0 0 5673.656250 5674.622834 0.966584 0.017033         
46137344  1024  1  0     .3398493334 .0000000244 .0001562049 .0000901849 5804.469238 5805.510044 1.040806 0.017928         
46399488  1024  1  0     .3418826666 .0000000416 .0002039607 .0001177567 5712.496094 5712.980582 0.484488 0.008480         
46661632  1024  1  0     .3434850000 .0000000079 .0000888819 .0000513159 5786.757324 5787.404585 0.647261 0.011184         
46923776  1024  1  0     .3457110000 .0000000237 .0001539480 .0000888819 5884.576660 5885.630927 1.054267 0.017913         
47185920  1024  1  0     .3474180000 .0000000125 .0001118033 .0000645496 6013.115234 6014.552431 1.437197 0.023895         
47448064  1024  1  0     .3491543333 .0000000184 .0001356465 .0000783155 6036.050293 6037.231566 1.181273 0.019566         
47710208  1024  1  0     .3513360000 .0000002010 .0004483302 .0002588435 5265.220703 5266.433231 1.212528 0.023024         
47972352  1024  1  0     .3530276667 .0000000244 .0001562049 .0000901849 5684.619629 5686.101401 1.481772 0.026060         
48234496  1024  1  0     .3548383333 .0000000414 .0002034698 .0001174733 6105.166504 6106.664261 1.497758 0.024527         
48496640  1024  1  0     .3571090000 .0000001029 .0003207802 .0001852025 6527.796875 6529.344407 1.547532 0.023701         
48758784  1024  1  0     .3588600000 .0000004626 .0006801470 .0003926830 6585.270020 6586.707123 1.437104 0.021818         
49020928  1024  1  0     .3604480000 .0000000139 .0001178982 .0000680685 8004.794922 8006.063102 1.268180 0.015840         
49283072  1024  1  0     .3621250000 .0000000204 .0001428285 .0000824620 8654.900391 8655.843938 0.943547 0.010901         
49545216  1024  1  0     .3640246666 .0000000283 .0001682260 .0000971253 8935.049805 8936.139896 1.090092 0.012199         
49807360  1024  1  0     .3660280000 .0000000599 .0002447447 .0001413034 9550.925781 9551.855928 0.930146 0.009738         
50069504  1024  1  0     .3682543334 .0000001514 .0003891015 .0002246478 9336.262695 9337.165491 0.902795 0.009669         
50331648  1024  1  0     .3728696667 .0000287260 .0053596641 .0030944035 9179.074219 9179.796807 0.722589 0.007872         
50593792  1024  1  0     .3718306667 .0000000442 .0002102379 .0001213809 9396.553711 9397.664876 1.111165 0.011824         
50855936  1024  1  0     .3737896667 .0000003180 .0005639148 .0003255763 9751.744141 9752.577745 0.833604 0.008548         
51118080  1024  1  0     .3756893334 .0000001293 .0003595830 .0002076053 9337.104492 9338.395359 1.290867 0.013823         
51380224  1024  1  0     .3771143333 .0000000184 .0001356465 .0000783155 8845.871094 8846.975093 1.103999 0.012479         
51642368  1024  1  0     .3790730000 .0000000243 .0001558845 .0000899999 8327.655273 8329.006255 1.350981 0.016220         
51904512  1024  1  0     .3811803333 .0000004468 .0006684309 .0003859187 7948.756348 7950.369392 1.613044 0.020289         
52166656  1024  1  0     .3828570000 .0000000045 .0000670820 .0000387298 7715.858398 7716.665723 0.807325 0.010462         
52428800  1024  1  0     .3844006666 .0000000058 .0000761577 .0000439696 7947.295898 7948.163820 0.867921 0.010920         
52690944  1024  1  0     .3865230000 .0000000876 .0002959729 .0001708800 7635.827148 7636.738563 0.911414 0.011935         
52953088  1024  1  0     .3886896666 .0000000204 .0001428285 .0000824620 8005.313965 8006.230020 0.916055 0.011442         
53215232  1024  1  0     .3902330000 .0000000712 .0002668332 .0001540562 7567.231934 7568.843816 1.611883 0.021296         
53477376  1024  1  0     .3920730000 .0000000125 .0001118033 .0000645496 8227.111328 8228.043951 0.932623 0.011335         
53739520  1024  1  0     .3938390000 .0000000554 .0002353720 .0001358920 7408.105469 7409.012381 0.906912 0.012241         
54001664  1024  1  0     .3957983334 .0000000137 .0001170469 .0000675770 7430.964844 7432.084398 1.119555 0.015064         
54263808  1024  1  0     .3979650000 .0000001591 .0003988734 .0002302896 7783.021484 7784.413445 1.391961 0.017881         
54525952  1024  1  0     .4006216666 .0000038227 .0019551726 .0011288194 7509.114746 7510.555429 1.440683 0.019182         
54788096  1024  1  0     .4015266667 .0000000205 .0001431782 .0000826639 7913.144531 7914.168461 1.023930 0.012938         
55050240  1024  1  0     .4032776667 .0000000137 .0001170469 .0000675770 7719.656250 7720.831486 1.175236 0.015222         
55312384  1024  1  0     .4051923334 .0000000954 .0003088689 .0001783255 8611.751953 8612.979151 1.227198 0.014248         
55574528  1024  1  0     .4068843333 .0000000178 .0001334166 .0000770281 7958.623047 7959.489988 0.866941 0.010892         
55836672  1024  1  0     .4087986666 .0000000177 .0001330413 .0000768114 7413.879883 7414.307089 0.427206 0.005762         
56098816  1024  1  0     .4107873334 .0000000282 .0001679285 .0000969535 7813.312500 7814.056022 0.743522 0.009515         
56360960  1024  1  0     .4125680000 .0000000839 .0002896549 .0001672323 7337.308105 7338.338669 1.030563 0.014044         
56623104  1024  1  0     .4145270000 .0000000284 .0001685229 .0000972967 8338.052734 8339.150497 1.097763 0.013164         
56885248  1024  1  0     .4162933333 .0000000026 .0000509901 .0000294391 8757.496094 8759.020991 1.524897 0.017409         
57147392  1024  1  0     .4181333334 .0000000282 .0001679285 .0000969535 7650.863281 7652.370341 1.507060 0.019694         
57409536  1024  1  0     .4201073333 .0000000137 .0001170469 .0000675770 8595.014648 8596.835173 1.820524 0.021177         
57671680  1024  1  0     .4218880000 .0000000417 .0002042057 .0001178982 9423.833984 9425.712477 1.878493 0.019929         
57933824  1024  1  0     .4236983334 .0000000046 .0000678232 .0000391577 9877.261719 9879.678732 2.417013 0.024464         
58195968  1024  1  0     .4255386666 .0000000178 .0001334166 .0000770281 9714.475586 9717.362285 2.886699 0.029707         
58458112  1024  1  0     .4275866666 .0000000137 .0001170469 .0000675770 9518.162109 9520.822171 2.660062 0.027939         
58720256  1024  1  0     .4293530000 .0000000204 .0001428285 .0000824620 8700.587891 8702.741489 2.153598 0.024746         
58982400  1024  1  0     .4312673334 .0000000283 .0001682260 .0000971253 8341.110352 8343.209134 2.098782 0.025156         
59244544  1024  1  0     .4331963334 .0000000138 .0001174734 .0000678232 8441.862305 8443.904591 2.042286 0.024187         
59506688  1024  1  0     .4350366667 .0000000244 .0001562049 .0000901849 8442.282227 8444.512227 2.230000 0.026408         
59768832  1024  1  0     .4367286667 .0000001192 .0003452535 .0001993322 7878.678711 7881.047780 2.369070 0.030060         
60030976  1024  1  0     .4388360000 .0000001196 .0003458323 .0001996663 7933.933594 7936.134096 2.200502 0.027728         
60293120  1024  1  0     .4405723333 .0000001512 .0003888444 .0002244994 8423.738281 8425.757296 2.019015 0.023962         
60555264  1024  1  0     .4423383334 .0000000026 .0000509901 .0000294391 8108.913086 8111.110939 2.197853 0.027097         
60817408  1024  1  0     .4441190000 .0000000006 .0000244948 .0000141420 8700.453125 8702.220320 1.767195 0.020307         
61079552  1024  1  0     .4460483334 .0000000085 .0000921954 .0000532290 8502.040039 8503.284132 1.244093 0.014631         
61341696  1024  1  0     .4479630000 .0000000125 .0001118033 .0000645496 8294.197266 8295.266173 1.068907 0.012886         
61603840  1024  1  0     .4499366666 .0000000137 .0001170469 .0000675770 7958.881348 7959.775034 0.893686 0.011228         
61865984  1024  1  0     .4516433333 .0000000422 .0002054263 .0001186029 8124.891602 8126.147018 1.255416 0.015449         
62128128  1024  1  0     .4535580000 .0000000006 .0000244948 .0000141420 7994.317383 7996.129067 1.811684 0.022657         
62390272  1024  1  0     .4555316666 .0000000641 .0002531797 .0001461733 7770.569336 7772.745005 2.175669 0.027991         
62652416  1024  1  0     .4575943334 .0000000177 .0001330413 .0000768114 7848.828125 7850.816533 1.988408 0.025327         
62914560  1024  1  0     .4592863334 .0000001208 .0003475629 .0002006655 8113.967773 8115.833360 1.865586 0.022987         
63176704  1024  1  0     .4609783334 .0000000019 .0000435889 .0000251660 7741.789062 7743.687003 1.897941 0.024510         
63438848  1024  1  0     .4628926666 .0000000177 .0001330413 .0000768114 8821.288086 8823.936756 2.648670 0.030017         
63700992  1024  1  0     .4647623334 .0000000318 .0001783255 .0001029562 9160.458984 9162.532945 2.073961 0.022635         
63963136  1024  1  0     .4664543334 .0000000058 .0000761577 .0000439696 8784.788086 8786.878555 2.090469 0.023791         
64225280  1024  1  0     .4685913334 .0000000019 .0000435889 .0000251660 8769.120117 8771.152644 2.032527 0.023173         
64487424  1024  1  0     .4703426667 .0000001513 .0003889730 .0002245736 8930.775391 8932.864521 2.089130 0.023387         
64749568  1024  1  0     .4721976667 .0000000059 .0000768114 .0000443470 8938.006836 8939.898583 1.891748 0.021161         
65011712  1024  1  0     .4738446666 .0000002636 .0005134199 .0002964231 8482.061523 8483.653698 1.592175 0.018768         
65273856  1024  1  0     .4758333333 .0000000600 .0002449489 .0001414213 8582.894531 8584.046660 1.152129 0.013422         
65536000  1024  1  0     .4777776666 .0000000244 .0001562049 .0000901849 8852.160156 8853.199621 1.039465 0.011741         
65798144  1024  1  0     .4797363334 .0000002085 .0004566180 .0002636285 9322.590820 9323.867806 1.276985 0.013696         
66060288  1024  1  0     .4815173334 .0000000501 .0002238302 .0001292284 8377.360352 8378.809647 1.449296 0.017297         
66322432  1024  1  0     .4834166667 .0000002319 .0004815599 .0002780287 8401.137695 8402.307761 1.170066 0.013926         
66584576  1024  1  0     .4852276666 .0000000105 .0001024695 .0000591607 8804.924805 8805.696863 0.772058 0.008768         
66846720  1024  1  0     .4871716666 .0000000600 .0002449489 .0001414213 8131.717773 8132.373000 0.655226 0.008057         
67108864  1024  1  0     .4888193333 .0000000026 .0000509901 .0000294391 8177.690430 8178.248495 0.558065 0.006824         
67371008  1024  1  0     .4908373333 .0000000006 .0000244948 .0000141420 7952.453125 7952.903661 0.450536 0.005665         
67633152  1024  1  0     .4925290000 .0000000821 .0002865309 .0001654286 7905.076660 7905.674263 0.597602 0.007559         
67895296  1024  1  0     .4945770000 .0000000503 .0002242766 .0001294861 8584.667969 8585.833572 1.165603 0.013576         
68157440  1024  1  0     .4964616667 .0000000137 .0001170469 .0000675770 8292.197266 8292.954585 0.757319 0.009132         
68419584  1024  1  0     .4983170000 .0000000284 .0001685229 .0000972967 8628.121094 8629.107078 0.985985 0.011426         
68681728  1024  1  0     .5002166666 .0000000283 .0001682260 .0000971253 8995.639648 8996.723688 1.084040 0.012049         
68943872  1024  1  0     .5018043334 .0000000138 .0001174734 .0000678232 9177.673828 9178.688017 1.014189 0.011049         
69206016  1024  1  0     .5036593334 .0000000085 .0000921954 .0000532290 9055.722656 9056.621844 0.899188 0.009929         
69468160  1024  1  0     .5057373334 .0000000342 .0001849324 .0001067707 8733.033203 8733.779725 0.746522 0.008548         
69730304  1024  1  0     .5075626667 .0000001694 .0004115823 .0002376271 8915.835938 8916.618449 0.782511 0.008776         
69992448  1024  1  0     .5094916667 .0000000660 .0002569046 .0001483239 9034.037109 9034.954093 0.916984 0.010149         
70254592  1024  1  0     .5126530000 .0000029892 .0017289303 .0009981983 9516.279297 9517.199586 0.920289 0.009670         
70516736  1024  1  0     .5135136667 .0000001126 .0003355592 .0001937351 9875.601562 9876.242164 0.640602 0.006486         
70778880  1024  1  0     .5150570000 .0000000026 .0000509901 .0000294391 10259.868164 10260.626798 0.758634 0.007394         
71041024  1024  1  0     .5169270000 .0000000980 .0003130495 .0001807392 9343.522461 9344.375785 0.853324 0.009132         
71303168  1024  1  0     .5188116666 .0000000058 .0000761577 .0000439696 9126.136719 9127.493778 1.357059 0.014868         
71565312  1024  1  0     .5205780000 .0000000520 .0002280350 .0001316560 9703.519531 9704.574903 1.055371 0.010875         
71827456  1024  1  0     .5226110000 .0000000481 .0002193171 .0001266227 10413.701172 10414.470369 0.769198 0.007386         
72089600  1024  1  0     .5244513333 .0000000244 .0001562049 .0000901849 10283.075195 10284.364557 1.289361 0.012537         
72351744  1024  1  0     .5261283334 .0000000999 .0003160696 .0001824828 10044.822266 10045.894837 1.072572 0.010677         
72613888  1024  1  0     .5281170000 .0000001330 .0003646916 .0002105547 10974.295898 10975.780774 1.484876 0.013529         
72876032  1024  1  0     .5298236667 .0000000244 .0001562049 .0000901849 10322.579102 10323.932429 1.353328 0.013109         
73138176  1024  1  0     .5317826667 .0000000601 .0002451530 .0001415391 11416.783203 11418.160320 1.377117 0.012061         
73400320  1024  1  0     .5335336667 .0000000184 .0001356465 .0000783155 12010.701172 12012.222341 1.521169 0.012664         
73662464  1024  1  0     .5355666666 .0000000322 .0001794435 .0001036017 12081.386719 12082.942362 1.555643 0.012875         
73924608  1024  1  0     .5374813334 .0000000046 .0000678232 .0000391577 12393.720703 12395.215961 1.495257 0.012063         
74186752  1024  1  0     .5392323334 .0000000482 .0002195449 .0001267543 12299.355469 12300.855434 1.499965 0.012194         
74448896  1024  1  0     .5411913334 .0000001075 .0003278719 .0001892969 12032.817383 12034.293822 1.476439 0.012269         
74711040  1024  1  0     .5427200000 .0000000316 .0001777638 .0001026319 11460.298828 11462.015923 1.717095 0.014981         
74973184  1024  1  0     .5448573333 .0000000019 .0000435889 .0000251660 11094.832031 11096.450905 1.618874 0.014589         
75235328  1024  1  0     .5469050000 .0000000734 .0002709243 .0001564182 10638.972656 10640.359095 1.386439 0.013030         
75497472  1024  1  0     .5488193333 .0000000318 .0001783255 .0001029562 10630.476562 10632.320991 1.844428 0.017347         
75759616  1024  1  0     .5505260000 .0000000204 .0001428285 .0000824620 10085.646484 10087.424441 1.777956 0.017625         
76021760  1024  1  0     .5521290000 .0000000681 .0002609597 .0001506651 10239.238281 10240.916765 1.678484 0.016390         
76283904  1024  1  0     .5544290000 .0000000712 .0002668332 .0001540562 9855.796875 9857.514017 1.717142 0.017420         
76546048  1024  1  0     .5558540000 .0000000078 .0000883176 .0000509901 9699.993164 9701.863160 1.869995 0.019275         
76808192  1024  1  0     .5578126667 .0000000257 .0001603121 .0000925562 9167.826172 9169.492835 1.666663 0.018176         
77070336  1024  1  0     .5598460000 .0000001037 .0003220248 .0001859211 9474.771484 9476.122321 1.350836 0.014255         
77332480  1024  1  0     .5616566666 .0000000601 .0002451530 .0001415391 9527.423828 9529.181186 1.757358 0.018442         
77594624  1024  1  0     .5635860000 .0000002656 .0005153639 .0002975454 9685.403320 9687.023099 1.619779 0.016721         
77856768  1024  1  0     .5654560000 .0000000204 .0001428285 .0000824620 9172.935547 9174.287840 1.352294 0.014740         
78118912  1024  1  0     .5676226666 .0000000046 .0000678232 .0000391577 9587.741211 9589.034039 1.292828 0.013482         
78381056  1024  1  0     .5694330000 .0000001805 .0004248529 .0002452889 9415.108398 9416.594387 1.485988 0.015781         
78643200  1024  1  0     .5706796667 .0000000178 .0001334166 .0000770281 9445.249023 9446.293043 1.044020 0.011052         
78905344  1024  1  0     .5727723334 .0000000494 .0002222611 .0001283225 10154.070312 10155.729941 1.659629 0.016342         
79167488  1024  1  0     .5747310000 .0000001210 .0003478505 .0002008315 10043.721680 10045.423582 1.701903 0.016942         
79429632  1024  1  0     .5766010000 .0000000712 .0002668332 .0001540562 9150.539062 9152.110506 1.571443 0.017170         
79691776  1024  1  0     .5783520000 .0000000164 .0001280624 .0000739368 8694.458984 8696.026991 1.568006 0.018031         
79953920  1024  1  0     .5802073334 .0000002636 .0005134199 .0002964231 8844.168945 8845.525968 1.357023 0.015341         
80216064  1024  1  0     .5817656667 .0000000239 .0001545962 .0000892561 9626.532227 9627.835117 1.302891 0.013533         
80478208  1024  1  0     .5843033334 .0000002460 .0004959838 .0002863563 9373.219727 9374.436671 1.216944 0.012982         
80740352  1024  1  0     .5855943334 .0000000019 .0000435889 .0000251660 8827.642578 8828.768502 1.125924 0.012753         
81002496  1024  1  0     .5875830000 .0000000600 .0002449489 .0001414213 8725.061523 8726.692992 1.631469 0.018695         
81264640  1024  1  0     .5892306667 .0000000184 .0001356465 .0000783155 8357.078125 8358.889419 1.811294 0.021669         
81526784  1024  1  0     .5916196667 .0000005262 .0007253964 .0004188078 8793.296875 8795.171165 1.874290 0.021310         
81788928  1024  1  0     .5930300000 .0000000078 .0000883176 .0000509901 8522.513672 8524.491448 1.977776 0.023201         
82051072  1024  1  0     .5950033334 .0000000483 .0002197726 .0001268857 8314.485352 8316.267128 1.781776 0.021425         
82313216  1024  1  0     .5966506666 .0000000006 .0000244948 .0000141420 7825.719727 7827.820150 2.100423 0.026833         
82575360  1024  1  0     .5985946666 .0000000019 .0000435889 .0000251660 7853.777832 7856.252486 2.474654 0.031499         
82837504  1024  1  0     .6006576667 .0000002089 .0004570557 .0002638812 8564.848633 8567.323094 2.474461 0.028883         
83099648  1024  1  0     .6026760000 .0000000403 .0002007485 .0001159022 9302.704102 9305.641108 2.937006 0.031562         
83361792  1024  1  0     .6043086667 .0000000046 .0000678232 .0000391577 9836.769531 9839.826587 3.057055 0.031068         
83623936  1024  1  0     .6061633334 .0000001032 .0003212475 .0001854723 10193.469727 10196.379605 2.909878 0.028538         
83886080  1024  1  0     .6080483333 .0000001372 .0003704051 .0002138534 9840.906250 9843.720612 2.814362 0.028590         
84148224  1024  1  0     .6099033334 .0000000376 .0001939071 .0001119523 9951.294922 9954.276218 2.981296 0.029950         
84410368  1024  1  0     .6116546666 .0000000085 .0000921954 .0000532290 10204.489258 10207.692503 3.203245 0.031381         
84672512  1024  1  0     .6136283333 .0000000244 .0001562049 .0000901849 10449.839844 10452.758397 2.918554 0.027921         
84934656  1024  1  0     .6154686667 .0000000239 .0001545962 .0000892561 10439.746094 10442.849535 3.103441 0.029718         
85196800  1024  1  0     .6174720000 .0000001250 .0003535533 .0002041240 10603.725586 10607.037729 3.312143 0.031226         
85458944  1024  1  0     .6192973333 .0000000059 .0000768114 .0000443470 11658.052734 11661.304452 3.251718 0.027885         
85721088  1024  1  0     .6211966666 .0000000660 .0002569046 .0001483239 12198.784180 12202.330421 3.546241 0.029062         
85983232  1024  1  0     .6229926666 .0000000416 .0002039607 .0001177567 12049.400391 12053.109348 3.708957 0.030772         
86245376  1024  1  0     .6245063334 .0000000556 .0002357965 .0001361371 12255.646484 12258.909751 3.263266 0.026620         
86507520  1024  1  0     .6266583333 .0000000324 .0001800000 .0001039230 12650.144531 12653.440954 3.296422 0.026052         
86769664  1024  1  0     .6284986666 .0000000184 .0001356465 .0000783155 12497.728516 12500.863023 3.134507 0.025074         
87031808  1024  1  0     .6303830000 .0000000237 .0001539480 .0000888819 12303.696289 12306.455726 2.759437 0.022423         
87293952  1024  1  0     .6320903334 .0000000660 .0002569046 .0001483239 12323.560547 12326.713140 3.152594 0.025575         
87556096  1024  1  0     .6340936667 .0000000204 .0001428285 .0000824620 12700.722656 12703.901221 3.178564 0.025020         
87818240  1024  1  0     .6358443334 .0000000443 .0002104756 .0001215181 12236.298828 12239.438160 3.139332 0.025649         
88080384  1024  1  0     .6378036667 .0000000086 .0000927361 .0000535412 12863.212891 12866.109133 2.896243 0.022511         
88342528  1024  1  0     .6399110000 0 0 0 11703.644531 11706.575920 2.931389 0.025041         
88604672  1024  1  0     .6417216666 .0000001434 .0003786819 .0002186320 12038.825195 12042.034085 3.208890 0.026647         
88866816  1024  1  0     .6432203334 .0000000184 .0001356465 .0000783155 12342.465820 12345.771901 3.306081 0.026779         
89128960  1024  1  0     .6450160000 .0000000204 .0001428285 .0000824620 12100.081055 12103.207110 3.126055 0.025828         
89391104  1024  1  0     .6468120000 .0000000712 .0002668332 .0001540562 12639.371094 12642.556964 3.185871 0.025200         
89653248  1024  1  0     .6487113333 .0000000165 .0001284523 .0000741619 12412.381836 12415.851786 3.469950 0.027948         
89915392  1024  1  0     .6507446667 .0000000836 .0002891366 .0001669330 12122.139648 12126.099740 3.960091 0.032658         
90177536  1024  1  0     .6524513334 .0000000322 .0001794435 .0001036017 12461.750000 12466.183509 4.433509 0.035564         
90439680  1024  1  0     .6544103334 .0000001790 .0004230839 .0002442676 12236.920898 12241.071605 4.150707 0.033908         
90701824  1024  1  0     .6564433333 .0000000523 .0002286919 .0001320353 12331.708008 12335.931643 4.223635 0.034238         
90963968  1024  1  0     .6580906666 .0000000204 .0001428285 .0000824620 11837.971680 11842.355365 4.383686 0.037017         
91226112  1024  1  0     .6600643333 .0000000836 .0002891366 .0001669330 12017.746094 12021.797484 4.051390 0.033700         
91488256  1024  1  0     .6616820000 .0000000237 .0001539480 .0000888819 11855.872070 11860.166578 4.294508 0.036210         
91750400  1024  1  0     .6640713334 .0000000085 .0000921954 .0000532290 12246.925781 12251.577531 4.651750 0.037969         
92012544  1024  1  0     .6657783333 .0000000178 .0001334166 .0000770281 12175.973633 12180.449172 4.475539 0.036744         
92274688  1024  1  0     .6677076667 .0000000046 .0000678232 .0000391577 11666.619141 11670.674720 4.055580 0.034750         
92536832  1024  1  0     .6694436667 .0000000204 .0001428285 .0000824620 11667.306641 11671.024641 3.718001 0.031857         
92798976  1024  1  0     .6714026667 .0000000401 .0002002498 .0001156142 12697.428711 12700.689780 3.261069 0.025676         
93061120  1024  1  0     .6727830000 .0000000284 .0001685229 .0000972967 12129.380859 12133.016099 3.635240 0.029962         
93323264  1024  1  0     .6749943333 .0000000972 .0003117691 .0001799999 12027.611328 12030.935991 3.324663 0.027634         
93585408  1024  1  0     .6769826667 .0000001633 .0004041039 .0002333094 11686.417969 11689.638472 3.220504 0.027550         
93847552  1024  1  0     .6796986667 .0000015108 .0012291460 .0007096477 11766.038086 11769.047649 3.009563 0.025572         
94109696  1024  1  0     .6807520000 .0000000284 .0001685229 .0000972967 11993.091797 11995.879037 2.787240 0.023235         
94371840  1024  1  0     .6825476666 .0000000026 .0000509901 .0000294391 11877.593750 11880.209913 2.616163 0.022021         
94633984  1024  1  0     .6842696667 .0000000085 .0000921954 .0000532290 12670.095703 12672.572479 2.476776 0.019544         
94896128  1024  1  0     .6859913334 .0000000258 .0001606237 .0000927361 12747.890625 12750.293387 2.402762 0.018845         
95158272  1024  1  0     .6878906667 .0000001594 .0003992492 .0002305066 12256.549805 12258.772679 2.222874 0.018133         
95420416  1024  1  0     .6897603334 .0000001075 .0003278719 .0001892969 12653.251953 12655.062134 1.810181 0.014304         
95682560  1024  1  0     .6919716667 .0000000601 .0002451530 .0001415391 11651.942383 11653.886729 1.944346 0.016684         
95944704  1024  1  0     .6933966666 .0000000165 .0001284523 .0000741619 11220.259766 11222.353000 2.093235 0.018652         
96206848  1024  1  0     .6957116667 .0000000521 .0002282542 .0001317826 11703.544922 11705.641718 2.096796 0.017913         
96468992  1024  1  0     .6972696667 .0000000046 .0000678232 .0000391577 11346.839844 11348.485699 1.645855 0.014503         
96731136  1024  1  0     .6991246666 .0000001447 .0003803945 .0002196208 11750.595703 11751.906769 1.311066 0.011156         
96993280  1024  1  0     .7011136666 .0000000501 .0002238302 .0001292284 11695.943359 11697.645302 1.701943 0.014549         
97255424  1024  1  0     .7029536666 .0000000414 .0002034698 .0001174733 12345.684570 12346.962994 1.278424 0.010354         
97517568  1024  1  0     .7046603333 .0000000184 .0001356465 .0000783155 12320.225586 12321.314154 1.088568 0.008835         
97779712  1024  1  0     .7065303334 .0000000205 .0001431782 .0000826639 12609.178711 12609.936204 0.757494 0.006007         
98041856  1024  1  0     .7082963334 .0000000058 .0000761577 .0000439696 12927.263672 12928.203089 0.939417 0.007266         
98304000  1024  1  0     .7102850000 .0000000599 .0002447447 .0001413034 13527.508789 13528.021925 0.513136 0.003793         
98566144  1024  1  0     .7120956666 .0000000600 .0002449489 .0001414213 13298.160156 13298.857704 0.697547 0.005245         
98828288  1024  1  0     .7140990000 .0000000125 .0001118033 .0000645496 15094.757812 15095.374835 0.617022 0.004087         
99090432  1024  1  0     .7157316666 .0000000138 .0001174734 .0000678232 15033.969727 15034.405944 0.436217 0.002901         
99352576  1024  1  0     .7184176667 .0000003770 .0006140032 .0003544949 15164.233398 15165.027990 0.794592 0.005240         
99614720  1024  1  0     .7197533333 .0000000026 .0000509901 .0000294391 15144.214844 15144.656958 0.442114 0.002919         
99876864  1024  1  0     .7213856667 .0000000971 .0003116087 .0001799073 14816.432617 14816.553035 0.120418 0.000813         
100139008  1024  1  0     .7231073334 .0000002089 .0004570557 .0002638812 14162.472656 14162.271849 0.200807 0.001418         
100401152  1024  1  0     .7250070000 .0000000284 .0001685229 .0000972967 14401.784180 14401.569709 0.214471 0.001489         
100663296  1024  1  0     .7271886667 .0000000124 .0001113552 .0000642909 14638.584961 14638.143795 0.441166 0.003014         
100925440  1024  1  0     .7289693334 .0000000422 .0002054263 .0001186029 14618.832031 14618.081919 0.750112 0.005131         
101187584  1024  1  0     .7304386667 .0000000401 .0002002498 .0001156142 14719.007812 14718.316693 0.691119 0.004696         
101449728  1024  1  0     .7325456667 .0000000422 .0002054263 .0001186029 14370.382812 14369.685377 0.697436 0.004854         
101711872  1024  1  0     .7343270000 .0000002702 .0005198076 .0003001110 14391.564453 14390.654016 0.910438 0.006327         
101974016  1024  1  0     .7363600000 .0000000520 .0002280350 .0001316560 13768.419922 13767.322177 1.097745 0.007974         
102236160  1024  1  0     .7380813333 .0000000178 .0001334166 .0000770281 13689.957031 13688.187280 1.769751 0.012929         
102498304  1024  1  0     .7399810000 .0000001036 .0003218695 .0001858314 13536.067383 13534.902605 1.164778 0.008606         
102760448  1024  1  0     .7417916666 .0000001034 .0003215587 .0001856520 13671.060547 13669.883203 1.177344 0.008613         
103022592  1024  1  0     .7436910000 .0000001329 .0003645545 .0002104756 13751.149414 13750.243062 0.906352 0.006592         
103284736  1024  1  0     .7452046667 .0000000536 .0002315167 .0001336662 14345.054688 14344.438588 0.616099 0.004295         
103546880  1024  1  0     .7470600000 .0000000045 .0000670820 .0000387298 14860.114258 14859.967465 0.146793 0.000988         
103809024  1024  1  0     .7493753334 .0000000443 .0002104756 .0001215181 14947.316406 14947.525123 0.208717 0.001396         
104071168  1024  1  0     .7510666667 .0000000184 .0001356465 .0000783155 15225.891602 15225.861807 0.029795 0.000196         
104333312  1024  1  0     .7528926666 .0000000026 .0000509901 .0000294391 15158.861328 15158.839167 0.022161 0.000146         
104595456  1024  1  0     .7545540000 .0000000079 .0000888819 .0000513159 14671.562500 14670.960897 0.601603 0.004101         
104857600  1024  1  0     .7566023333 .0000000139 .0001178982 .0000680685 14834.335938 14833.275169 1.060769 0.007151         
