262144    .0110763334 .0000008609 .0009278469 .0005356926 inf 130920.087997 inf inf         
524288    .0121673334 .0000007335 .0008564461 .0004944693 inf 261961.306932 inf inf         
786432    .0123763334 .0000000476 .0002181742 .0001259629 inf 393098.816808 inf inf         
1048576    .0132343333 .0000006170 .0007854934 .0004535048 inf 524543.923007 inf inf         
1310720    .0137836666 .0000000411 .0002027313 .0001170469 inf 655656.175438 inf inf         
1572864    .0145813333 .0000000358 .0001892088 .0001092397 inf 786552.507046 inf inf         
1835008    .0152960000 .0000002245 .0004738143 .0002735568 inf 917722.119639 inf inf         
2097152    .0158613334 .0000000316 .0001777638 .0001026319 inf 1048649.811834 inf inf         
2359296    .0165740000 .0000000448 .0002116601 .0001222020 inf 1179624.413909 inf inf         
2621440    .0170410000 .0000000788 .0002807133 .0001620698 inf 1310629.656470 inf inf         
2883584    .0175946667 .0000000023 .0000479583 .0000276887 inf 1441734.721014 inf inf         
3145728    .0186583334 .0000000010 .0000316227 .0000182573 inf 1572779.906754 inf inf         
3407872    .0221826667 .0000000517 .0002273763 .0001312757 inf 1704016.020993 inf inf         
3670016    .0233890000 .0000000568 .0002383275 .0001375984 inf 1835158.833498 inf inf         
3932160    .0244820000 .0000000284 .0001685229 .0000972967 inf 1966338.051635 inf inf         
4194304    .0251766667 .0000001023 .0003198437 .0001846618 inf 2097085.291164 inf inf         
4456448    .0260726666 .0000001371 .0003702701 .0002137755 inf 2228142.955246 inf inf         
4718592    .0270433334 .0000002205 .0004695742 .0002711087 inf 2359106.734329 inf inf         
4980736    .0277600000 .0000000508 .0002253885 .0001301281 inf 2489916.765857 inf inf         
5242880    .0285930000 .0000000227 .0001506651 .0000869865 inf 2620928.908971 inf inf         
5505024    .0295020000 .0000000913 .0003021588 .0001744514 inf 2751910.058152 inf inf         
5767168    .0305120000 .0000001165 .0003413209 .0001970617 inf 2883008.960729 inf inf         
6029312    .0316393334 .0000000032 .0000565685 .0000326598 inf 3014194.597265 inf inf         
6291456    .0322473334 .0000000483 .0002197726 .0001268857 inf 3145449.876459 inf inf         
6553600    .0337806666 .0000008707 .0009331130 .0005387330 inf 3276310.778353 inf inf         
6815744    .0348373334 .0000008655 .0009303225 .0005371219 inf 3407368.654004 inf inf         
7077888    .0347733334 .0000001283 .0003581898 .0002068009 inf 3538407.236803 inf inf         
7340032    .0360616667 .0000000329 .0001813835 .0001047218 inf 3669433.567549 inf inf         
7602176    .0365193334 .0000011160 .0010564090 .0006099180 inf 3800560.918865 inf inf         
7864320    .0368596667 .0000000174 .0001319090 .0000761576 inf 3931388.941512 inf inf         
8126464    .0382240000 .0000005173 .0007192357 .0004152509 inf 4062392.110700 inf inf         
8388608    .0385076666 .0000003828 .0006187083 .0003572114 inf 4193548.924047 inf inf         
8650752    .0389943334 .0000000613 .0002475883 .0001429451 inf 4324634.277999 inf inf         
8912896    .0395830000 .0000002980 .0005458937 .0003151718 inf 4455699.426611 inf inf         
9175040    .0402946667 .0000000091 .0000953939 .0000550756 inf 4586713.332513 inf inf         
9437184    .0409343333 .0000000927 .0003044667 .0001757839 inf 4717705.514785 inf inf         
9699328    .0417970000 .0000000671 .0002590366 .0001495548 inf 4848677.102147 inf inf         
9961472    .0426386666 .0000000142 .0001191637 .0000687991 inf 4979792.708412 inf inf         
10223616    .0435520000 .0000000753 .0002744084 .0001584297 inf 5110630.687695 inf inf         
10485760    .0441663333 .0000000548 .0002340939 .0001351541 inf 5241575.248494 inf inf         
10747904    .0456523334 .0000002507 .0005006995 .0002890789 inf 5372325.138085 inf inf         
11010048    .0463763334 .0000000039 .0000624499 .0000360554 inf 5503183.265958 inf inf         
11272192    .0469313334 .0000001067 .0003266496 .0001885912 inf 5634337.104401 inf inf         
11534336    .0477716667 .0000000858 .0002929163 .0001691153 inf 5765435.013274 inf inf         
11796480    .0486783333 .0000000702 .0002649528 .0001529705 inf 5896454.363110 inf inf         
12058624    .0492246666 .0000000271 .0001646207 .0000950438 inf 6027284.927949 inf inf         
12320768    .0502230000 .0000001004 .0003168595 .0001829389 inf 6158521.916196 inf inf         
12582912    .0509470000 .0000000080 .0000894427 .0000516397 inf 6289394.564088 inf inf         
12845056    .0520103334 .0000000527 .0002295648 .0001325392 inf 6420366.061879 inf inf         
13107200    .0529143333 .0000000540 .0002323790 .0001341640 inf 6551475.494093 inf inf         
13369344    .0537240000 .0000000448 .0002116601 .0001222020 inf 6683009.359513 inf inf         
13631488    .0544063333 .0000000013 .0000360555 .0000208166 inf 6814154.710840 inf inf         
13893632    .0553173333 .0000000082 .0000905538 .0000522812 inf 6945364.955321 inf inf         
14155776    .0561993334 .0000001253 .0003539774 .0002043689 inf 7076645.791860 inf inf         
14417920    .0569196666 .0000000223 .0001493318 .0000862167 inf 7207756.488242 inf inf         
14680064    .0580543333 .0000000615 .0002479919 .0001431781 inf 7338738.010729 inf inf         
14942208    .0588043333 .0000000140 .0001183215 .0000683129 inf 7469615.407107 inf inf         
15204352    .0600776667 .0000002828 .0005317894 .0003070287 inf 7600876.028254 inf inf         
15466496    .0606196666 .0000001159 .0003404408 .0001965535 inf 7732104.220731 inf inf         
15728640    .0614923333 .0000000256 .0001600000 .0000923760 inf 7863335.042332 inf inf         
15990784    .0626463333 .0000001025 .0003201562 .0001848422 inf 7994434.442402 inf inf         
16252928    .0630186667 .0000000015 .0000387298 .0000223606 inf 8125683.725099 inf inf         
16515072    .0639146667 .0000000020 .0000447213 .0000258198 inf 8256448.404005 inf inf         
16777216    .0649300000 .0000000238 .0001542724 .0000890692 inf 8387384.663043 inf inf         
17039360    .0658486666 .0000000641 .0002531797 .0001461733 inf 8518727.741801 inf inf         
17301504    .0664643333 .0000000169 .0001300000 .0000750555 inf 8649856.095508 inf inf         
17563648    .0675413334 .0000000097 .0000984885 .0000568623 inf 8780716.816333 inf inf         
17825792    .0685110000 .0000000101 .0001004987 .0000580229 inf 8911862.075711 inf inf         
18087936    .0693763334 .0000000094 .0000969535 .0000559761 inf 9043109.809068 inf inf         
18350080    .0699563333 .0000000914 .0003023243 .0001745470 inf 9174272.353319 inf inf         
18612224    .0711020000 .0000000513 .0002264950 .0001307669 inf 9305169.392122 inf inf         
18874368    .0716343334 .0000000825 .0002872281 .0001658312 inf 9436302.484162 inf inf         
19136512    .0725886667 .0000000497 .0002229349 .0001287115 inf 9567110.748974 inf inf         
19398656    .0735196666 .0000000784 .0002800000 .0001616580 inf 9698142.301064 inf inf         
19660800    .0742933333 .0000000072 .0000848528 .0000489897 inf 9829468.289550 inf inf         
19922944    .0752183334 .0000000355 .0001884144 .0001087811 inf 9960705.754345 inf inf         
20185088    .0766113334 .0000008267 .0009092304 .0005249444 inf 10091629.159885 inf inf         
20447232    .0769833334 .0000000657 .0002563201 .0001479864 inf 10222974.402514 inf inf         
20709376    .0781780000 .0000003995 .0006320601 .0003649200 inf 10353916.685973 inf inf         
20971520    .0787766666 .0000000091 .0000953939 .0000550756 inf 10484977.666289 inf inf         
21233664    .0795890000 .0000000331 .0001819340 .0001050396 inf 10616090.386886 inf inf         
21495808    .0805236667 .0000000129 .0001135781 .0000655743 inf 10747349.151926 inf inf         
21757952    .0812803334 .0000000224 .0001496662 .0000864098 inf 10878298.339654 inf inf         
22020096    .0819723334 .0000000533 .0002308679 .0001332916 inf 11009366.194728 inf inf         
22282240    .0830840000 .0000000975 .0003122498 .0001802775 inf 11140458.601472 inf inf         
22544384    .0838486667 .0000000672 .0002592296 .0001496662 inf 11271271.150676 inf inf         
22806528    .0849803334 .0000002065 .0004544227 .0002623610 inf 11402622.989176 inf inf         
23068672    .0860586667 .0000003702 .0006084406 .0003512833 inf 11533573.660489 inf inf         
23330816    .0865590000 .0000000164 .0001280624 .0000739368 inf 11664563.149030 inf inf         
23592960    .0874370000 .0000000776 .0002785677 .0001608311 inf 11795859.438191 inf inf         
23855104    .0882656666 .0000001377 .0003710795 .0002142428 inf 11926875.669060 inf inf         
24117248    .0891476667 .0000000047 .0000685565 .0000395811 inf 12058081.097052 inf inf         
24379392    .0900456666 .0000000111 .0001053565 .0000608276 inf 12189002.862803 inf inf         
24641536    .0909003333 .0000000920 .0003033150 .0001751189 inf 12319899.031840 inf inf         
24903680    .0914793333 .0000000595 .0002439262 .0001408308 inf 12451060.798284 inf inf         
25165824    .0923806667 .0000000102 .0001009950 .0000583094 inf 12582166.086256 inf inf         
25427968    .0933696667 .0000000112 .0001058300 .0000611009 inf 12712926.033550 inf inf         
25690112    .0944620000 .0000000359 .0001894729 .0001093922 inf 12844149.346477 inf inf         
25952256    .0952333333 .0000000141 .0001187434 .0000685565 inf 12975015.969119 inf inf         
26214400    .0959133333 .0000000095 .0000974679 .0000562731 inf 13106331.816402 inf inf         
26476544    .0968583333 .0000000752 .0002742261 .0001583245 inf 13237350.327174 inf inf         
26738688    .0977440000 .0000000321 .0001791647 .0001034407 inf 13368456.204784 inf inf         
27000832    .0986406666 .0000001767 .0004203569 .0002426931 inf 13499488.295713 inf inf         
27262976    .0997793334 .0000000607 .0002463736 .0001422438 inf 13630459.046046 inf inf         
27525120    .1003873334 .0000000095 .0000974679 .0000562731 inf 13761777.011734 inf inf         
27787264    .1009633333 .0000000082 .0000905538 .0000522812 inf 13892914.543946 inf inf         
28049408    .1018913334 .0000000291 .0001705872 .0000984885 inf 14023962.320035 inf inf         
28311552    .1031330000 .0000000265 .0001627882 .0000939858 inf 14155124.681112 inf inf         
28573696    .1035636667 .0000000132 .0001148912 .0000663324 inf 14285989.918790 inf inf         
28835840    .1047756667 .0000000978 .0003127299 .0001805546 inf 14416884.564575 inf inf         
29097984    .1056286667 .0000001742 .0004173727 .0002409702 inf 14547993.336037 inf inf         
29360128    .1061800000 .0000000227 .0001506651 .0000869865 inf 14679056.969534 inf inf         
29622272    .1070690000 .0000000492 .0002218107 .0001280624 inf 14810116.396686 inf inf         
29884416    .1082590000 .0000000610 .0002469817 .0001425949 inf 14941102.261807 inf inf         
30146560    .1087950000 .0000000074 .0000860232 .0000496655 inf 15072144.439464 inf inf         
30408704    .1096160000 .0000000334 .0001827566 .0001055145 inf 15203373.185795 inf inf         
30670848    .1106250000 .0000000617 .0002483948 .0001434108 inf 15334583.646995 inf inf         
30932992    .1113430000 .0000000189 .0001374772 .0000793724 inf 15465604.532968 inf inf         
31195136    .1121043334 .0000000025 .0000500000 .0000288675 inf 15596665.100401 inf inf         
31457280    .1133026667 .0000001499 .0003871692 .0002235322 inf 15727659.738619 inf inf         
31719424    .1137533334 .0000000810 .0002846049 .0001643167 inf 15858712.642390 inf inf         
31981568    .1146946666 .0000000177 .0001330413 .0000768114 inf 15989807.423185 inf inf         
32243712    .1156403333 .0000000048 .0000692820 .0000399999 inf 16121002.891442 inf inf         
32505856    .1170220000 .0000001299 .0003604164 .0002080865 inf 16251821.487858 inf inf         
32768000    .1176616667 .0000000129 .0001135781 .0000655743 inf 16382774.156381 inf inf         
33030144    .1182016667 .0000000140 .0001183215 .0000683129 inf 16513861.854217 inf inf         
33292288    .1193376666 .0000000250 .0001581138 .0000912870 inf 16644917.972407 inf inf         
33554432    .1201823333 .0000000061 .0000781024 .0000450924 inf 16776151.178435 inf inf         
33816576    .1210570000 .0000000340 .0001843908 .0001064580 inf 16907226.736800 inf inf         
34078720    .1217823333 .0000001662 .0004076763 .0002353720 inf 17038352.639178 inf inf         
34340864    .1224766667 .0000000948 .0003078960 .0001777638 inf 17169610.446440 inf inf         
34603008    .1232856666 .0000000245 .0001565247 .0000903695 inf 17300624.617809 inf inf         
34865152    .1242370000 .0000000298 .0001726267 .0000996660 inf 17431359.811632 inf inf         
35127296    .1250730000 .0000000925 .0003041381 .0001755942 inf 17562384.976310 inf inf         
35389440    .1260426666 .0000000397 .0001992485 .0001150361 inf 17693233.685796 inf inf         
35651584    .1269653334 .0000000166 .0001288409 .0000743863 inf 17824150.650868 inf inf         
35913728    .1280263334 .0000000391 .0001977371 .0001141635 inf 17955305.762345 inf inf         
36175872    .1285376666 .0000000433 .0002080865 .0001201387 inf 18086167.922175 inf inf         
36438016    .1295073334 .0000000105 .0001024695 .0000591607 inf 18217288.999866 inf inf         
36700160    .1300810000 .0000000309 .0001757839 .0001014888 inf 18348400.194083 inf inf         
36962304    .1310380000 .0000000165 .0001284523 .0000741619 inf 18479333.458051 inf inf         
37224448    .1322143334 .0000000068 .0000824621 .0000476095 inf 18610041.374910 inf inf         
37486592    .1328403334 .0000000074 .0000860232 .0000496655 inf 18741276.392355 inf inf         
37748736    .1340256667 .0000000195 .0001396424 .0000806225 inf 18872312.798081 inf inf         
38010880    .1346176667 .0000000409 .0002022374 .0001167618 inf 19003330.620800 inf inf         
38273024    .1357960000 .0000007976 .0008930845 .0005156225 inf 19134450.768493 inf inf         
38535168    .1364770000 .0000000521 .0002282542 .0001317826 inf 19265490.371546 inf inf         
38797312    .1374370000 .0000000015 .0000387298 .0000223606 inf 19396256.315801 inf inf         
39059456    .1380063334 .0000000479 .0002188606 .0001263592 inf 19527540.181283 inf inf         
39321600    .1390176667 .0000000059 .0000768114 .0000443470 inf 19658633.416346 inf inf         
39583744    .1397313334 .0000000225 .0001500000 .0000866025 inf 19789762.982070 inf inf         
39845888    .1405493333 .0000000670 .0002588435 .0001494433 inf 19920867.430362 inf inf         
40108032    .1412673333 .0000000714 .0002672077 .0001542724 inf 20052164.297352 inf inf         
40370176    .1422930000 .0000000010 .0000316227 .0000182573 inf 20183258.156022 inf inf         
40632320    .1431486666 .0000000968 .0003111269 .0001796291 inf 20314385.846384 inf inf         
40894464    .1440306667 .0000000086 .0000927361 .0000535412 inf 20445243.521553 inf inf         
41156608    .1449293333 .0000001165 .0003413209 .0001970617 inf 20575970.815808 inf inf         
41418752    .1456950000 .0000000718 .0002679552 .0001547040 inf 20706994.229847 inf inf         
41680896    .1468490000 .0000000507 .0002251666 .0001299999 inf 20837976.669707 inf inf         
41943040    .1475820000 .0000000340 .0001843908 .0001064580 inf 20969144.668323 inf inf         
42205184    .1482250000 .0000000050 .0000707106 .0000408247 inf 21100071.805641 inf inf         
42467328    .1491603334 .0000001475 .0003840572 .0002217355 inf 21231070.714984 inf inf         
42729472    .1505206667 .0000004756 .0006896375 .0003981623 inf 21362029.301806 inf inf         
42991616    .1510633333 .0000000377 .0001941648 .0001121010 inf 21492871.874998 inf inf         
43253760    .1516853333 .0000000772 .0002778488 .0001604160 inf 21623904.102640 inf inf         
43515904    .1526130000 .0000000120 .0001095445 .0000632455 inf 21754944.576980 inf inf         
43778048    .1535136666 .0000001564 .0003954743 .0002283271 inf 21885901.010630 inf inf         
44040192    .1547476666 .0000003829 .0006187891 .0003572580 inf 22016905.428653 inf inf         
44302336    .1554496667 .0000001239 .0003519943 .0002032240 inf 22148003.491101 inf inf         
44564480    .1564360000 .0000012069 .0010985900 .0006342712 inf 22279050.403724 inf inf         
44826624    .1570783334 .0000000010 .0000316227 .0000182573 inf 22410127.615386 inf inf         
45088768    .1580300000 .0000002479 .0004978955 .0002874601 inf 22541115.920409 inf inf         
45350912    .1586046666 .0000001184 .0003440930 .0001986621 inf 22671985.338929 inf inf         
45613056    .1593216667 .0000000154 .0001240967 .0000716472 inf 22803113.445863 inf inf         
45875200    .1604566666 .0000000395 .0001987460 .0001147460 inf 22934053.796718 inf inf         
46137344    .1613163334 .0000000066 .0000812403 .0000469041 inf 23065169.701036 inf inf         
46399488    .1622226667 .0000000210 .0001449137 .0000836659 inf 23196407.197731 inf inf         
46661632    .1632993333 .0000001158 .0003402939 .0001964687 inf 23327506.949618 inf inf         
46923776    .1638730000 .0000000105 .0001024695 .0000591607 inf 23458876.685842 inf inf         
47185920    .1646740000 .0000000436 .0002088061 .0001205542 inf 23590018.314721 inf inf         
47448064    .1654623333 .0000000013 .0000360555 .0000208166 inf 23721147.123646 inf inf         
47710208    .1661963333 .0000001209 .0003477067 .0002007485 inf 23852312.668295 inf inf         
47972352    .1674526666 .0000000451 .0002123676 .0001226104 inf 23983401.870066 inf inf         
48234496    .1683073333 .0000000595 .0002439262 .0001408308 inf 24114097.865980 inf inf         
48496640    .1688736667 .0000000742 .0002723967 .0001572683 inf 24245357.047726 inf inf         
48758784    .1696770000 .0000000073 .0000854400 .0000493288 inf 24376550.295679 inf inf         
49020928    .1707136667 .0000000562 .0002370653 .0001368697 inf 24507376.500131 inf inf         
49283072    .1715266666 .0000000025 .0000500000 .0000288675 inf 24638335.199443 inf inf         
49545216    .1724596666 .0000000396 .0001989974 .0001148912 inf 24769411.046737 inf inf         
49807360    .1731403333 .0000001097 .0003312099 .0001912241 inf 24900381.567563 inf inf         
50069504    .1743370000 .0000002506 .0005005996 .0002890213 inf 25031435.242402 inf inf         
50331648    .1750306666 .0000001116 .0003340658 .0001928729 inf 25162614.924530 inf inf         
50593792    .1758323334 .0000000666 .0002580697 .0001489966 inf 25293784.436564 inf inf         
50855936    .1761770000 .0000000021 .0000458257 .0000264574 inf 25425048.522554 inf inf         
51118080    .1776316666 .0000000896 .0002993325 .0001728196 inf 25556295.480852 inf inf         
51380224    .1785543333 .0000000115 .0001072380 .0000619138 inf 25687378.180462 inf inf         
51642368    .1792140000 .0000000392 .0001979898 .0001143094 inf 25818358.261000 inf inf         
51904512    .1803773333 .0000000466 .0002158703 .0001246327 inf 25949464.599580 inf inf         
52166656    .1810493333 .0000004664 .0006829348 .0003942925 inf 26080439.594671 inf inf         
52428800    .1815976666 .0000000988 .0003143246 .0001814753 inf 26211684.312879 inf inf         
52690944    .1827776667 .0000000176 .0001326649 .0000765941 inf 26342632.946674 inf inf         
52953088    .1837066666 .0000000179 .0001337908 .0000772441 inf 26473926.433088 inf inf         
53215232    .1842996666 .0000000308 .0001754992 .0001013245 inf 26605169.007889 inf inf         
53477376    .1853163333 .0000000667 .0002582634 .0001491084 inf 26736366.824658 inf inf         
53739520    .1861420000 .0000002348 .0004845616 .0002797617 inf 26867443.441392 inf inf         
54001664    .1868173334 .0000000648 .0002545584 .0001469693 inf 26998622.905840 inf inf         
54263808    .1882903333 .0000000733 .0002707397 .0001563116 inf 27129718.353655 inf inf         
54525952    .1888446667 .0000000073 .0000854400 .0000493288 inf 27260749.684497 inf inf         
54788096    .1894450000 .0000000160 .0001264911 .0000730296 inf 27391508.961816 inf inf         
55050240    .1904436667 .0000000034 .0000583095 .0000336650 inf 27522585.174398 inf inf         
55312384    .1910953334 .0000000305 .0001746424 .0001008298 inf 27653824.979482 inf inf         
55574528    .1926616667 .0000003717 .0006096720 .0003519942 inf 27784981.448774 inf inf         
55836672    .1932916667 .0000001179 .0003433656 .0001982422 inf 27916125.863040 inf inf         
56098816    .1939670000 .0000000063 .0000793725 .0000458257 inf 28047139.541035 inf inf         
56360960    .1949686667 .0000000522 .0002284731 .0001319090 inf 28178317.454659 inf inf         
56623104    .1959420000 .0000000040 .0000632455 .0000365148 inf 28309578.871566 inf inf         
56885248    .1963243333 .0000000626 .0002501999 .0001444529 inf 28440668.162777 inf inf         
57147392    .1969223334 .0000000604 .0002457641 .0001418919 inf 28571854.491483 inf inf         
57409536    .1983466666 .0000000001 .0000100000 .0000057735 inf 28702986.178808 inf inf         
57671680    .1991506667 .0000000203 .0001424780 .0000822597 inf 28833915.097917 inf inf         
57933824    .1999540000 .0000000716 .0002675817 .0001544883 inf 28965099.076321 inf inf         
58195968    .2007143334 .0000000478 .0002186321 .0001262273 inf 29095698.746364 inf inf         
58458112    .2014210000 .0000000546 .0002336664 .0001349073 inf 29226768.338879 inf inf         
58720256    .2023166666 .0000002187 .0004676537 .0002699999 inf 29357593.701601 inf inf         
58982400    .2032480000 .0000000334 .0001827566 .0001055145 inf 29488549.194074 inf inf         
59244544    .2041473333 .0000000169 .0001300000 .0000750555 inf 29619661.720100 inf inf         
59506688    .2052023333 .0000000015 .0000387298 .0000223606 inf 29750486.484386 inf inf         
59768832    .2058400000 .0000000351 .0001873499 .0001081665 inf 29881466.237094 inf inf         
60030976    .2064486667 .0000000400 .0002000000 .0001154700 inf 30012609.533288 inf inf         
60293120    .2074890000 .0000000826 .0002874021 .0001659316 inf 30143770.185861 inf inf         
60555264    .2086443334 .0000001598 .0003997499 .0002307957 inf 30274476.058826 inf inf         
60817408    .2095786667 .0000000295 .0001717556 .0000991631 inf 30405551.449700 inf inf         
61079552    .2102856667 .0000000519 .0002278157 .0001315294 inf 30536884.167050 inf inf         
61341696    .2112610000 .0000000046 .0000678232 .0000391577 inf 30667697.570712 inf inf         
61603840    .2119703334 .0000000310 .0001760681 .0001016529 inf 30798579.471774 inf inf         
61865984    .2127220000 .0000000693 .0002632489 .0001519868 inf 30929596.807187 inf inf         
62128128    .2137333333 .0000000966 .0003108054 .0001794435 inf 31060834.779375 inf inf         
62390272    .2148396666 .0000000034 .0000583095 .0000336650 inf 31191698.891575 inf inf         
62652416    .2155180000 .0000000438 .0002092844 .0001208304 inf 31322686.950992 inf inf         
62914560    .2161630000 .0000000421 .0002051828 .0001184623 inf 31453711.031527 inf inf         
63176704    .2169143333 .0000000479 .0002188606 .0001263592 inf 31584817.936422 inf inf         
63438848    .2177720000 .0000000842 .0002901723 .0001675310 inf 31715769.921316 inf inf         
63700992    .2189823334 .0000001083 .0003290896 .0001899999 inf 31846797.961747 inf inf         
63963136    .2195380000 .0000000402 .0002004993 .0001157583 inf 31977856.755708 inf inf         
64225280    .2206196667 .0000000076 .0000871779 .0000503321 inf 32108726.846409 inf inf         
64487424    .2213546667 .0000000722 .0002687005 .0001551343 inf 32239590.075005 inf inf         
64749568    .2223576667 .0000000051 .0000714142 .0000412310 inf 32370750.909012 inf inf         
65011712    .2231083334 .0000000416 .0002039607 .0001177567 inf 32501918.202632 inf inf         
65273856    .2239586666 .0000000215 .0001466287 .0000846561 inf 32633068.453240 inf inf         
65536000    .2248926667 .0000000656 .0002561249 .0001478737 inf 32763989.828434 inf inf         
65798144    .2257110000 .0000001171 .0003421987 .0001975685 inf 32895161.887882 inf inf         
66060288    .2266740000 .0000000091 .0000953939 .0000550756 inf 33026463.349171 inf inf         
66322432    .2270506666 .0000000886 .0002976575 .0001718526 inf 33157800.099132 inf inf         
66584576    .2279830000 .0000001447 .0003803945 .0002196208 inf 33288746.488552 inf inf         
66846720    .2291956666 .0000000143 .0001195826 .0000690410 inf 33419588.794348 inf inf         
67108864    .2301216666 .0000000208 .0001442220 .0000832666 inf 33550608.129042 inf inf         
67371008    .2307330000 .0000000413 .0002032240 .0001173314 inf 33681913.018674 inf inf         
67633152    .2318643333 .0000000378 .0001944222 .0001122497 inf 33812947.716253 inf inf         
67895296    .2327400000 .0000000092 .0000959166 .0000553774 inf 33943999.947978 inf inf         
68157440    .2333256666 .0000000659 .0002567099 .0001482115 inf 34074969.478311 inf inf         
68419584    .2344116666 .0000000178 .0001334166 .0000770281 inf 34206168.563785 inf inf         
68681728    .2352930000 .0000000546 .0002336664 .0001349073 inf 34337368.338350 inf inf         
68943872    .2357386667 .0000001471 .0003835361 .0002214346 inf 34468518.078785 inf inf         
69206016    .2369056667 .0000000295 .0001717556 .0000991631 inf 34599534.300307 inf inf         
69468160    .2374870000 .0000000302 .0001737814 .0001003327 inf 34730855.987365 inf inf         
69730304    .2383863333 .0000000549 .0002343074 .0001352774 inf 34861720.324527 inf inf         
69992448    .2394390000 .0000001233 .0003511409 .0002027312 inf 34992820.344993 inf inf         
70254592    .2409236667 .0000007578 .0008705170 .0005025932 inf 35124011.505857 inf inf         
70516736    .2411743334 .0000004727 .0006875318 .0003969466 inf 35255250.664185 inf inf         
70778880    .2420073334 .0000002761 .0005254521 .0003033699 inf 35386369.943048 inf inf         
71041024    .2433853334 .0000000005 .0000223606 .0000129098 inf 35517356.667859 inf inf         
71303168    .2437750000 .0000000580 .0002408318 .0001390443 inf 35648380.503858 inf inf         
71565312    .2445270000 .0000001442 .0003797367 .0002192410 inf 35779622.869292 inf inf         
71827456    .2452776667 .0000000184 .0001356465 .0000783155 inf 35910702.369157 inf inf         
72089600    .2461823333 .0000000994 .0003152776 .0001820256 inf 36041854.355180 inf inf         
72351744    .2469923333 .0000000295 .0001717556 .0000991631 inf 36172777.748230 inf inf         
72613888    .2481236667 .0000000005 .0000223606 .0000129098 inf 36303920.470250 inf inf         
72876032    .2488543334 .0000000185 .0001360147 .0000785281 inf 36434943.063108 inf inf         
73138176    .2496556666 .0000000253 .0001590597 .0000918331 inf 36565979.902249 inf inf         
73400320    .2507210000 .0000000183 .0001352774 .0000781024 inf 36697212.593737 inf inf         
73662464    .2512033333 .0000000490 .0002213594 .0001278019 inf 36828447.783681 inf inf         
73924608    .2523356667 .0000000111 .0001053565 .0000608276 inf 36959725.590015 inf inf         
74186752    .2531626666 .0000000058 .0000761577 .0000439696 inf 37090739.784691 inf inf         
74448896    .2538953334 .0000000554 .0002353720 .0001358920 inf 37221523.224875 inf inf         
74711040    .2549696666 .0000000291 .0001705872 .0000984885 inf 37352666.891612 inf inf         
74973184    .2557866667 .0000000967 .0003109662 .0001795364 inf 37483657.891048 inf inf         
75235328    .2566410000 .0000003891 .0006237788 .0003601388 inf 37614767.795956 inf inf         
75497472    .2576413333 .0000000055 .0000741619 .0000428173 inf 37745959.122195 inf inf         
75759616    .2582976667 .0000000019 .0000435889 .0000251660 inf 37876991.861432 inf inf         
76021760    .2590593333 .0000001241 .0003522782 .0002033879 inf 38008213.565259 inf inf         
76283904    .2600383334 .0000000750 .0002738612 .0001581138 inf 38139150.042888 inf inf         
76546048    .2608053334 .0000000780 .0002792848 .0001612451 inf 38270090.936043 inf inf         
76808192    .2620590000 .0000003224 .0005678027 .0003278210 inf 38401129.863847 inf inf         
77070336    .2628416667 .0000001370 .0003701351 .0002136975 inf 38531990.400164 inf inf         
77332480    .2635646666 .0000000456 .0002135415 .0001232882 inf 38663122.661106 inf inf         
77594624    .2640140000 .0000002015 .0004488875 .0002591653 inf 38794319.904171 inf inf         
77856768    .2654316667 .0000000433 .0002080865 .0001201387 inf 38925494.225402 inf inf         
78118912    .2661760000 .0000000390 .0001974841 .0001140174 inf 39056751.500831 inf inf         
78381056    .2669183333 .0000001162 .0003408812 .0001968078 inf 39187841.733195 inf inf         
78643200    .2679070000 .0000000278 .0001667333 .0000962635 inf 39319048.806568 inf inf         
78905344    .2686633333 .0000000287 .0001694107 .0000978093 inf 39450094.522731 inf inf         
79167488    .2696383334 .0000000076 .0000871779 .0000503321 inf 39581106.279596 inf inf         
79429632    .2704246667 .0000000726 .0002694438 .0001555634 inf 39711855.068955 inf inf         
79691776    .2713916667 .0000001103 .0003321144 .0001917463 inf 39843071.037141 inf inf         
79953920    .2722443334 .0000000565 .0002376972 .0001372345 inf 39974150.320555 inf inf         
80216064    .2729376667 .0000000056 .0000748331 .0000432049 inf 40105145.153507 inf inf         
80478208    .2736063333 .0000000916 .0003026549 .0001747378 inf 40236303.450119 inf inf         
80740352    .2744940000 .0000000904 .0003006659 .0001735895 inf 40367367.517008 inf inf         
81002496    .2758920000 .0000000873 .0002954657 .0001705872 inf 40498360.375804 inf inf         
81264640    .2766253333 .0000001087 .0003296968 .0001903505 inf 40629460.945880 inf inf         
81526784    .2774123333 .0000000247 .0001571623 .0000907376 inf 40760573.707111 inf inf         
81788928    .2780083334 .0000000063 .0000793725 .0000458257 inf 40891678.946309 inf inf         
82051072    .2789473334 .0000000078 .0000883176 .0000509901 inf 41022721.556810 inf inf         
82313216    .2796310000 .0000001860 .0004312771 .0002489979 inf 41153805.166816 inf inf         
82575360    .2810953334 .0000002225 .0004716990 .0002723355 inf 41284575.437244 inf inf         
82837504    .2818603333 .0000000278 .0001667333 .0000962635 inf 41415578.806378 inf inf         
83099648    .2825590000 .0000000923 .0003038091 .0001754042 inf 41546600.953189 inf inf         
83361792    .2831240000 .0000000588 .0002424871 .0001399999 inf 41677653.342808 inf inf         
83623936    .2841663334 .0000000308 .0001754992 .0001013245 inf 41808702.330514 inf inf         
83886080    .2846493334 .0000001465 .0003827531 .0002209826 inf 41940161.843689 inf inf         
84148224    .2857036667 .0000000477 .0002184032 .0001260951 inf 42071137.722018 inf inf         
84410368    .2866590000 .0000001138 .0003373425 .0001947647 inf 42202224.846545 inf inf         
84672512    .2872660000 .0000001332 .0003649657 .0002107130 inf 42333161.176919 inf inf         
84934656    .2884460000 .0000000378 .0001944222 .0001122497 inf 42464149.266994 inf inf         
85196800    .2894166667 .0000000027 .0000519615 .0000299999 inf 42595116.909325 inf inf         
85458944    .2899980000 .0000001696 .0004118252 .0002377673 inf 42726015.472132 inf inf         
85721088    .2917270000 .0000010558 .0010275212 .0005932396 inf 42857155.110669 inf inf         
85983232    .2917876666 .0000001839 .0004288356 .0002475883 inf 42987938.310378 inf inf         
86245376    .2926880000 .0000000368 .0001918332 .0001107549 inf 43119041.582979 inf inf         
86507520    .2941303333 .0000006376 .0007984985 .0004610133 inf 43250053.691454 inf inf         
86769664    .2945120000 .0000000009 .0000300000 .0000173205 inf 43381278.736368 inf inf         
87031808    .2950476666 .0000000111 .0001053565 .0000608276 inf 43512500.126201 inf inf         
87293952    .2964756667 .0000000194 .0001392838 .0000804155 inf 43643548.301214 inf inf         
87556096    .2972350000 .0000000106 .0001029563 .0000594418 inf 43774436.726708 inf inf         
87818240    .2979093334 .0000000172 .0001311487 .0000757187 inf 43905245.138627 inf inf         
88080384    .2989203334 .0000000011 .0000331662 .0000191485 inf 44036309.264188 inf inf         
88342528    .2993266666 .0000000013 .0000360555 .0000208166 inf 44167421.895361 inf inf         
88604672    .3004716667 .0000000012 .0000346410 .0000199999 inf 44298584.215544 inf inf         
88866816    .3014546667 .0000000369 .0001920937 .0001109053 inf 44429332.960676 inf inf         
89128960    .3022496666 .0000000093 .0000964365 .0000556776 inf 44560535.674477 inf inf         
89391104    .3028683333 .0000002836 .0005325410 .0003074626 inf 44691835.101805 inf inf         
89653248    .3037493333 .0000000467 .0002161018 .0001247664 inf 44822896.604456 inf inf         
89915392    .3047736667 .0000000502 .0002240535 .0001293573 inf 44953858.592703 inf inf         
90177536    .3054333334 .0000000700 .0002645751 .0001527525 inf 45085056.667371 inf inf         
90439680    .3066453333 .0000000154 .0001240967 .0000716472 inf 45216060.101339 inf inf         
90701824    .3077143333 .0000000175 .0001322875 .0000763762 inf 45347383.428765 inf inf         
90963968    .3082590000 .0000000073 .0000854400 .0000493288 inf 45478248.593116 inf inf         
91226112    .3089816667 .0000000080 .0000894427 .0000516397 inf 45609392.773378 inf inf         
91488256    .3102656667 .0000000600 .0002449489 .0001414213 inf 45740627.314332 inf inf         
91750400    .3108936667 .0000000337 .0001835755 .0001059873 inf 45871605.930111 inf inf         
92012544    .3118550000 .0000000068 .0000824621 .0000476095 inf 46002322.607865 inf inf         
92274688    .3123743333 .0000000423 .0002056696 .0001187433 inf 46133694.084090 inf inf         
92536832    .3131730000 .0000001010 .0003178049 .0001834847 inf 46264841.404479 inf inf         
92798976    .3141006666 .0000000016 .0000400000 .0000230940 inf 46395994.457785 inf inf         
93061120    .3151800000 .0000000374 .0001933907 .0001116541 inf 46527156.223386 inf inf         
93323264    .3159796667 .0000002547 .0005046781 .0002913760 inf 46658299.899636 inf inf         
93585408    .3167370000 .0000002401 .0004900000 .0002829016 inf 46789678.701872 inf inf         
93847552    .3179433334 .0000000485 .0002202271 .0001271481 inf 46920719.416261 inf inf         
94109696    .3183166666 .0000001457 .0003817066 .0002203784 inf 47051723.726435 inf inf         
94371840    .3197590000 .0000009777 .0009887871 .0005708764 inf 47182927.907687 inf inf         
94633984    .3201173333 .0000001374 .0003706750 .0002140093 inf 47313901.033333 inf inf         
94896128    .3209366666 .0000000350 .0001870828 .0001080123 inf 47445004.062357 inf inf         
95158272    .3220563333 .0000000154 .0001240967 .0000716472 inf 47576122.774065 inf inf         
95420416    .3225836666 .0000001162 .0003408812 .0001968078 inf 47707199.548812 inf inf         
95682560    .3235456667 .0000000616 .0002481934 .0001432945 inf 47838366.486135 inf inf         
95944704    .3242816667 .0000000062 .0000787400 .0000454605 inf 47969506.799172 inf inf         
96206848    .3252760000 .0000000186 .0001363818 .0000787400 inf 48100703.299593 inf inf         
96468992    .3256983334 .0000000283 .0001682260 .0000971253 inf 48231598.863172 inf inf         
96731136    .3272296667 .0000000042 .0000648074 .0000374165 inf 48362642.994055 inf inf         
96993280    .3281100000 .0000000125 .0001118033 .0000645496 inf 48493939.847233 inf inf         
97255424    .3288276666 .0000000043 .0000655743 .0000378593 inf 48625103.257591 inf inf         
97517568    .3299830000 .0000000623 .0002495996 .0001441063 inf 48756056.135470 inf inf         
97779712    .3305910000 .0000000010 .0000316227 .0000182573 inf 48887141.035909 inf inf         
98041856    .3315336667 .0000001027 .0003204684 .0001850225 inf 49018135.018170 inf inf         
98304000    .3323976667 .0000000245 .0001565247 .0000903695 inf 49149315.656117 inf inf         
98566144    .3333183333 .0000000011 .0000331662 .0000191485 inf 49280266.150641 inf inf         
98828288    .3334506666 .0000000507 .0002251666 .0001299999 inf 49411451.602896 inf inf         
99090432    .3347380000 .0000000243 .0001558845 .0000899999 inf 49542354.193575 inf inf         
99352576    .3357303333 .0000000005 .0000223606 .0000129098 inf 49673591.139923 inf inf         
99614720    .3357120000 .0000000013 .0000360555 .0000208166 inf 49804571.713021 inf inf         
99876864    .3375073334 .0000000989 .0003144837 .0001815672 inf 49935621.510794 inf inf         
100139008    .3383040000 .0000000036 .0000600000 .0000346410 inf 50066603.619855 inf inf         
100401152    .3394006666 .0000000111 .0001053565 .0000608276 inf 50197753.302612 inf inf         
100663296    .3395946667 .0000000537 .0002317326 .0001337908 inf 50328937.048432 inf inf         
100925440    .3405003333 .0000001496 .0003867815 .0002233084 inf 50459736.236441 inf inf         
101187584    .3413783333 .0000001254 .0003541186 .0002044504 inf 50590834.345086 inf inf         
101449728    .3425343334 .0000000310 .0001760681 .0001016529 inf 50721875.657705 inf inf         
101711872    .3436780000 .0000000164 .0001280624 .0000739368 inf 50853096.479415 inf inf         
101974016    .3442986667 .0000000061 .0000781024 .0000450924 inf 50984227.066696 inf inf         
102236160    .3452853333 .0000000613 .0002475883 .0001429451 inf 51115117.308548 inf inf         
102498304    .3454900000 .0000000404 .0002009975 .0001160459 inf 51246024.337476 inf inf         
102760448    .3466210000 .0000000729 .0002700000 .0001558845 inf 51377150.032168 inf inf         
103022592    .3480833334 .0000002718 .0005213444 .0003009983 inf 51508467.408055 inf inf         
103284736    .3489100000 .0000001744 .0004176122 .0002411085 inf 51639605.892217 inf inf         
103546880    .3491116667 .0000000340 .0001843908 .0001064580 inf 51770744.130006 inf inf         
103809024    .3501923333 .0000000151 .0001228820 .0000709459 inf 51901927.094627 inf inf         
104071168    .3510710000 .0000002153 .0004640043 .0002678930 inf 52032878.682426 inf inf         
104333312    .3517396667 .0000000060 .0000774596 .0000447213 inf 52164061.355264 inf inf         
104595456    .3528683333 .0000000479 .0002188606 .0001263592 inf 52295142.193149 inf inf         
104857600    .3534263333 .0000001885 .0004341658 .0002506657 inf 52426249.955344 inf inf         
 
