262144  1024  1  0     .0109373334 .0000004984 .0007059745 .0004075945 -944.595703 -944.171557 0.424146 0.044923         
524288  1024  1  0     .0141793333 .0000000006 .0000244948 .0000141420 -973.108398 -972.777712 0.330687 0.033994         
786432  1024  1  0     .0174400000 .0000000019 .0000435889 .0000251660 -328.651855 -327.918323 0.733532 0.223694         
1048576  1024  1  0     .0210190000 .0000000172 .0001311487 .0000757187 15.554688 16.512779 0.958091 5.802121         
1310720  1024  1  0     .0243876666 .0000000054 .0000734846 .0000424263 241.659180 242.332150 0.672970 0.277706         
1572864  1024  1  0     .0281296666 .0000000919 .0003031501 .0001750237 428.103027 428.806930 0.703902 0.164154         
1835008  1024  1  0     .0314020000 .0000000114 .0001067707 .0000616440 752.717041 753.843669 1.126628 0.149451         
2097152  1024  1  0     .0350943334 .0000002121 .0004605431 .0002658946 1219.428467 1220.622352 1.193885 0.097810         
2359296  1024  1  0     .0382746666 .0000000085 .0000921954 .0000532290 1123.825928 1125.179071 1.353143 0.120260         
2621440  1024  1  0     .0418030000 .0000000389 .0001972308 .0001138712 1105.249268 1106.597654 1.348386 0.121850         
2883584  1024  1  0     .0451056666 .0000002404 .0004903060 .0002830783 1320.158447 1322.568957 2.410510 0.182260         
3145728  1024  1  0     .0488920000 .0000000058 .0000761577 .0000439696 1597.391357 1599.764756 2.373398 0.148359         
3407872  1024  1  0     .0577043333 .0000000127 .0001126942 .0000650640 2064.983154 2067.175513 2.192359 0.106056         
3670016  1024  1  0     .0616803333 .0000000161 .0001268857 .0000732574 2149.091553 2150.637510 1.545957 0.071884         
3932160  1024  1  0     .0655483334 .0000000035 .0000591607 .0000341564 2824.316650 2825.436924 1.120273 0.039650         
4194304  1024  1  0     .0696426667 .0000001589 .0003986226 .0002301448 2711.970459 2713.422775 1.452316 0.053523         
4456448  1024  1  0     .0732316667 .0000000015 .0000387298 .0000223606 2394.795654 2396.560960 1.765306 0.073660         
4718592  1024  1  0     .0773240000 .0000002169 .0004657252 .0002688865 1684.810791 1686.863261 2.052470 0.121674         
4980736  1024  1  0     .0809666666 .0000000027 .0000519615 .0000299999 1875.535889 1877.801715 2.265827 0.120664         
5242880  1024  1  0     .0848890000 .0000000577 .0002402082 .0001386842 1056.755127 1059.229657 2.474530 0.233616         
5505024  1024  1  0     .0888876667 .0000000869 .0002947880 .0001701959 76.766846 78.815752 2.048906 2.599615         
5767168  1024  1  0     .0926113334 .0000000050 .0000707106 .0000408247 537.166748 538.907103 1.740355 0.322942         
6029312  1024  1  0     .0964706667 .0000000053 .0000728010 .0000420316 674.294678 676.133452 1.838774 0.271954         
6291456  1024  1  0     .1002536667 0 0 0 706.582764 708.077335 1.494572 0.211075         
6553600  1024  1  0     .1041916667 .0000000053 .0000728010 .0000420316 1329.535889 1331.119084 1.583195 0.118937         
6815744  1024  1  0     .1084103333 .0000004114 .0006414047 .0003703151 1325.347900 1326.931428 1.583528 0.119338         
7077888  1024  1  0     .1120033333 .0000000041 .0000640312 .0000369684 516.792236 518.582014 1.789778 0.345129         
7340032  1024  1  0     .1158850000 .0000000501 .0002238302 .0001292284 1284.228760 1286.741372 2.512613 0.195269         
7602176  1024  1  0     .1198380000 .0000000625 .0002500000 .0001443375 1659.254150 1661.391260 2.137109 0.128634         
7864320  1024  1  0     .1235026666 .0000000026 .0000509901 .0000294391 1458.613770 1460.453419 1.839650 0.125964         
8126464  1024  1  0     .1274146667 .0000000107 .0001034408 .0000597215 2024.595215 2026.492956 1.897741 0.093647         
8388608  1024  1  0     .1312103333 .0000000042 .0000648074 .0000374165 2136.869629 2139.030525 2.160896 0.101022         
8650752  1024  1  0     .1350033334 .0000000048 .0000692820 .0000399999 1617.907715 1620.544739 2.637025 0.162725         
8912896  1024  1  0     .1388216667 .0000000014 .0000374165 .0000216024 1721.813477 1724.367041 2.553565 0.148087         
9175040  1024  1  0     .1428116667 .0000000083 .0000911043 .0000525990 690.008301 692.285004 2.276703 0.328868         
9437184  1024  1  0     .1466320000 .0000000093 .0000964365 .0000556776 456.004395 458.145199 2.140805 0.467277         
9699328  1024  1  0     .1506020000 .0000000775 .0002783882 .0001607275 518.215332 520.140402 1.925070 0.370106         
9961472  1024  1  0     .1542960000 .0000000034 .0000583095 .0000336650 971.365723 973.234013 1.868290 0.191967         
10223616  1024  1  0     .1584040000 .0000000640 .0002529822 .0001460593 878.669434 880.612918 1.943484 0.220697         
10485760  1024  1  0     .1621486666 .0000000079 .0000888819 .0000513159 682.993164 685.126199 2.133034 0.311335         
10747904  1024  1  0     .1659176667 .0000000026 .0000509901 .0000294391 1366.083984 1368.146598 2.062613 0.150760         
11010048  1024  1  0     .1698526666 .0000000054 .0000734846 .0000424263 1411.818359 1413.862728 2.044369 0.144595         
11272192  1024  1  0     .1736186666 .0000000027 .0000519615 .0000299999 1266.036133 1267.930909 1.894777 0.149438         
11534336  1024  1  0     .1777010000 .0000000109 .0001044030 .0000602771 993.395996 994.626349 1.230353 0.123700         
11796480  1024  1  0     .1813326666 .0000000019 .0000435889 .0000251660 1261.818359 1262.475385 0.657026 0.052043         
12058624  1024  1  0     .1854790000 .0000000499 .0002233830 .0001289702 1152.344238 1153.010815 0.666577 0.057812         
12320768  1024  1  0     .1891900000 .0000000090 .0000948683 .0000547722 668.321289 668.549385 0.228096 0.034118         
12582912  1024  1  0     .1931463334 .0000000621 .0002491987 .0001438749 932.543945 932.964447 0.420502 0.045072         
12845056  1024  1  0     .1968670000 .0000000318 .0001783255 .0001029562 853.989502 854.093387 0.103885 0.012163         
13107200  1024  1  0     .2016530000 .0000024222 .0015563418 .0008985543 1988.314697 1988.606004 0.291307 0.014649         
13369344  1024  1  0     .2045120000 .0000000026 .0000509901 .0000294391 2664.582275 2665.218412 0.636136 0.023868         
13631488  1024  1  0     .2084990000 .0000000246 .0001568438 .0000905538 3266.565186 3267.339271 0.774085 0.023692         
13893632  1024  1  0     .2131816666 .0000028732 .0016950516 .0009786384 3093.871338 3094.411728 0.540390 0.017463         
14155776  1024  1  0     .2161766667 .0000000210 .0001449137 .0000836659 2251.330322 2251.445917 0.115595 0.005134         
14417920  1024  1  0     .2211036667 .0000036773 .0019176287 .0011071434 2677.995361 2677.686083 0.309279 0.011550         
14680064  1024  1  0     .2238073333 .0000000110 .0001048808 .0000605529 2463.804443 2463.309319 0.495124 0.020100         
14942208  1024  1  0     .2288046666 .0000031498 .0017747675 .0010246624 3260.554688 3259.733503 0.821184 0.025192         
15204352  1024  1  0     .2315536666 .0000000032 .0000565685 .0000326598 3027.539551 3026.656530 0.883021 0.029175         
15466496  1024  1  0     .2356093333 .0000001880 .0004335896 .0002503330 2825.846680 2825.110528 0.736151 0.026057         
15728640  1024  1  0     .2393086666 .0000000048 .0000692820 .0000399999 3505.050781 3504.732574 0.318207 0.009079         
15990784  1024  1  0     .2431590000 .0000000091 .0000953939 .0000550756 4284.099121 4284.057122 0.041999 0.000980         
16252928  1024  1  0     .2470096667 .0000000230 .0001516575 .0000875594 3497.480957 3497.418606 0.062351 0.001783         
16515072  1024  1  0     .2508490000 .0000000003 .0000173205 .0000099999 4068.255859 4068.333801 0.077941 0.001916         
16777216  1024  1  0     .2548986667 .0000000738 .0002716615 .0001568438 3451.225586 3451.306462 0.080876 0.002343         
17039360  1024  1  0     .2586890000 .0000000609 .0002467792 .0001424780 3415.242676 3415.560654 0.317978 0.009310         
17301504  1024  1  0     .2627066667 .0000001940 .0004404543 .0002542964 3524.447754 3524.454361 0.006607 0.000187         
17563648  1024  1  0     .2664123333 .0000000030 .0000547722 .0000316227 2819.927734 2819.750138 0.177596 0.006298         
17825792  1024  1  0     .2700966666 .0000000005 .0000223606 .0000129098 3031.564453 3031.613117 0.048664 0.001605         
18087936  1024  1  0     .2740506667 .0000000029 .0000538516 .0000310912 3436.740723 3436.832428 0.091705 0.002668         
18350080  1024  1  0     .2779163333 .0000000009 .0000300000 .0000173205 3593.952148 3594.132306 0.180157 0.005013         
18612224  1024  1  0     .2818353334 .0000000021 .0000458257 .0000264574 2661.356445 2661.163872 0.192573 0.007236         
18874368  1024  1  0     .2855960000 .0000000113 .0001063014 .0000613731 2366.545410 2365.690688 0.854722 0.036130         
19136512  1024  1  0     .2896193334 .0000000100 .0001000000 .0000577350 2827.653320 2826.867458 0.785862 0.027800         
19398656  1024  1  0     .2933233333 .0000000001 .0000100000 .0000057735 2799.442383 2798.453602 0.988781 0.035333         
19660800  1024  1  0     .2973010000 .0000000131 .0001144552 .0000660807 2123.391602 2122.144593 1.247008 0.058762         
19922944  1024  1  0     .3010603334 .0000000170 .0001303840 .0000752772 2551.327148 2549.761262 1.565886 0.061413         
20185088  1024  1  0     .3049253333 .0000000013 .0000360555 .0000208166 2257.871094 2256.291316 1.579778 0.070017         
20447232  1024  1  0     .3087330000 .0000000006 .0000244948 .0000141420 2262.370605 2261.107109 1.263496 0.055880         
20709376  1024  1  0     .3126190000 .0000000038 .0000616441 .0000355902 1979.516602 1978.228986 1.287616 0.065089         
20971520  1024  1  0     .3164290000 .0000000075 .0000866025 .0000499999 1718.983398 1717.939750 1.043649 0.060750         
21233664  1024  1  0     .3205420000 .0000001920 .0004381780 .0002529821 2353.180664 2351.802048 1.378616 0.058620         
21495808  1024  1  0     .3242160000 .0000000008 .0000282842 .0000163298 3167.328613 3165.953088 1.375525 0.043447         
21757952  1024  1  0     .3280433334 .0000000051 .0000714142 .0000412310 3431.703613 3430.018750 1.684863 0.049121         
22020096  1024  1  0     .3319900000 .0000000063 .0000793725 .0000458257 4147.018066 4145.585061 1.433006 0.034567         
22282240  1024  1  0     .3358790000 .0000000077 .0000877496 .0000506622 4675.271973 4673.653392 1.618581 0.034632         
22544384  1024  1  0     .3398326666 .0000000143 .0001195826 .0000690410 3942.112305 3940.811686 1.300618 0.033004         
22806528  1024  1  0     .3435990000 .0000000045 .0000670820 .0000387298 4485.216309 4483.558675 1.657634 0.036971         
23068672  1024  1  0     .3474640000 .0000000155 .0001244989 .0000718794 4781.395508 4779.600764 1.794744 0.037550         
23330816  1024  1  0     .3512023334 .0000000009 .0000300000 .0000173205 4602.805176 4601.271962 1.533214 0.033322         
23592960  1024  1  0     .3552400000 .0000000141 .0001187434 .0000685565 4619.673828 4618.110744 1.563084 0.033847         
23855104  1024  1  0     .3591113333 .0000000494 .0002222611 .0001283225 4311.215820 4310.008204 1.207616 0.028019         
24117248  1024  1  0     .3629780000 .0000001482 .0003849675 .0002222610 4212.490723 4211.177373 1.313349 0.031187         
24379392  1024  1  0     .3666686666 .0000000040 .0000632455 .0000365148 3850.817383 3849.394059 1.423324 0.036975         
24641536  1024  1  0     .3709216666 .0000000015 .0000387298 .0000223606 3487.795898 3486.325589 1.470309 0.042174         
24903680  1024  1  0     .3749346667 .0000000102 .0001009950 .0000583094 3678.672363 3676.919102 1.753262 0.047683         
25165824  1024  1  0     .3788630000 .0000000603 .0002455605 .0001417744 2960.133301 2958.162034 1.971266 0.066638         
25427968  1024  1  0     .3826000000 .0000000020 .0000447213 .0000258198 2907.755371 2906.062847 1.692524 0.058241         
25690112  1024  1  0     .3863740000 .0000000082 .0000905538 .0000522812 3446.643555 3444.719396 1.924158 0.055858         
25952256  1024  1  0     .3903206667 .0000000204 .0001428285 .0000824620 3575.095703 3573.414552 1.681152 0.047046         
26214400  1024  1  0     .3941556667 .0000000102 .0001009950 .0000583094 2691.809570 2690.466946 1.342624 0.049903         
26476544  1024  1  0     .3984203333 .0000000505 .0002247220 .0001297433 2640.210938 2639.222057 0.988880 0.037469         
26738688  1024  1  0     .4019406666 .0000000070 .0000836660 .0000483045 2740.942383 2739.954510 0.987873 0.036054         
27000832  1024  1  0     .4061766667 .0000003997 .0006322183 .0003650114 2454.348145 2453.420430 0.927715 0.037813         
27262976  1024  1  0     .4097860000 .0000000800 .0002828427 .0001632993 3084.649902 3083.836779 0.813124 0.026367         
27525120  1024  1  0     .4136303334 .0000000876 .0002959729 .0001708800 3315.395020 3315.084117 0.310902 0.009378         
27787264  1024  1  0     .4174333334 .0000000055 .0000741619 .0000428173 3985.611816 3985.519209 0.092608 0.002324         
28049408  1024  1  0     .4212826667 .0000000118 .0001086278 .0000627162 5189.049805 5188.597671 0.452133 0.008714         
28311552  1024  1  0     .4252203333 .0000000079 .0000888819 .0000513159 4101.601074 4101.061114 0.539960 0.013166         
28573696  1024  1  0     .4288903333 .0000000010 .0000316227 .0000182573 3856.830566 3856.220560 0.610006 0.015819         
28835840  1024  1  0     .4328336667 .0000000082 .0000905538 .0000522812 4235.178223 4234.543648 0.634575 0.014986         
29097984  1024  1  0     .4366120000 .0000000095 .0000974679 .0000562731 4599.477051 4598.945216 0.531835 0.011564         
29360128  1024  1  0     .4407560000 .0000000950 .0003082207 .0001779513 4352.063965 4351.682566 0.381398 0.008764         
29622272  1024  1  0     .4445913333 .0000001463 .0003824918 .0002208317 4482.573242 4482.134366 0.438876 0.009792         
29884416  1024  1  0     .4482740000 .0000000029 .0000538516 .0000310912 4545.229980 4544.819753 0.410227 0.009026         
30146560  1024  1  0     .4522400000 .0000000296 .0001720465 .0000993310 5227.130371 5226.548905 0.581466 0.011125         
30408704  1024  1  0     .4560656666 .0000000370 .0001923538 .0001110555 5022.978027 5022.297535 0.680492 0.013549         
30670848  1024  1  0     .4597976666 .0000000037 .0000608276 .0000351188 4454.900391 4454.197591 0.702800 0.015778         
30932992  1024  1  0     .4640700000 .0000001571 .0003963584 .0002288376 4496.953125 4496.358906 0.594219 0.013216         
31195136  1024  1  0     .4675573333 .0000000002 .0000141421 .0000081649 4925.126953 4923.881854 1.245099 0.025287         
31457280  1024  1  0     .4714773334 .0000000080 .0000894427 .0000516397 4183.033203 4182.141111 0.892093 0.021331         
31719424  1024  1  0     .4752786666 .0000000062 .0000787400 .0000454605 3537.987305 3537.342513 0.644792 0.018228         
31981568  1024  1  0     .4791386666 .0000000079 .0000888819 .0000513159 2990.422852 2989.753422 0.669429 0.022391         
32243712  1024  1  0     .4829816667 .0000000001 .0000100000 .0000057735 3588.905273 3588.057814 0.847459 0.023619         
32505856  1024  1  0     .4868670000 .0000000037 .0000608276 .0000351188 3225.662109 3224.418230 1.243879 0.038577         
32768000  1024  1  0     .4907586667 .0000000023 .0000479583 .0000276887 3645.885254 3644.444117 1.441137 0.039543         
33030144  1024  1  0     .4947706666 .0000000225 .0001500000 .0000866025 4006.387695 4004.619983 1.767712 0.044142         
33292288  1024  1  0     .4985236667 .0000000080 .0000894427 .0000516397 4227.856445 4225.336555 2.519891 0.059638         
33554432  1024  1  0     .5023353333 .0000000032 .0000565685 .0000326598 4445.580566 4442.815521 2.765045 0.062236         
33816576  1024  1  0     .5062293334 .0000000029 .0000538516 .0000310912 3250.219238 3247.754727 2.464512 0.075884         
34078720  1024  1  0     .5101043334 0 0 0 3065.661621 3063.035690 2.625931 0.085730         
34340864  1024  1  0     .5140413333 .0000000091 .0000953939 .0000550756 3006.198486 3004.004189 2.194297 0.073046         
34603008  1024  1  0     .5179573334 .0000000614 .0002477902 .0001430617 3844.175049 3841.828212 2.346837 0.061086         
34865152  1024  1  0     .5216543333 .0000000024 .0000489897 .0000282842 4803.434082 4801.355577 2.078505 0.043290         
35127296  1024  1  0     .5255476666 .0000000188 .0001371130 .0000791622 4879.893555 4877.651389 2.242166 0.045968         
35389440  1024  1  0     .5293660000 0 0 0 4709.759766 4707.203063 2.556703 0.054315         
35651584  1024  1  0     .5331866666 .0000000012 .0000346410 .0000199999 4216.056641 4213.480229 2.576412 0.061147         
35913728  1024  1  0     .5372556666 .0000000551 .0002347338 .0001355236 3952.797852 3950.214916 2.582936 0.065387         
36175872  1024  1  0     .5410780000 .0000000661 .0002570992 .0001484362 3620.804688 3617.886794 2.917893 0.080652         
36438016  1024  1  0     .5449806666 .0000000299 .0001729161 .0000998331 3485.226074 3482.168489 3.057586 0.087807         
36700160  1024  1  0     .5488153333 .0000000023 .0000479583 .0000276887 4368.148438 4364.978985 3.169452 0.072611         
36962304  1024  1  0     .5525803333 .0000000046 .0000678232 .0000391577 4693.985352 4691.434763 2.550588 0.054367         
37224448  1024  1  0     .5565486667 .0000000286 .0001691153 .0000976387 4446.889160 4444.249919 2.639241 0.059386         
37486592  1024  1  0     .5603273333 .0000000032 .0000565685 .0000326598 4461.495605 4458.881350 2.614256 0.058630         
37748736  1024  1  0     .5641540000 .0000000031 .0000556776 .0000321454 4634.158203 4631.374575 2.783628 0.060104         
38010880  1024  1  0     .5681716667 .0000000120 .0001095445 .0000632455 3678.382324 3675.744238 2.638086 0.071770         
38273024  1024  1  0     .5720420000 .0000000005 .0000223606 .0000129098 3526.017090 3523.539352 2.477738 0.070320         
38535168  1024  1  0     .5757710000 .0000000046 .0000678232 .0000391577 3965.272949 3962.355000 2.917949 0.073642         
38797312  1024  1  0     .5796853333 .0000000026 .0000509901 .0000294391 4089.336914 4086.972573 2.364341 0.057851         
39059456  1024  1  0     .5836593334 .0000000218 .0001476482 .0000852447 4653.899414 4652.017280 1.882134 0.040458         
39321600  1024  1  0     .5874810000 .0000000257 .0001603121 .0000925562 4151.109863 4149.268058 1.841805 0.044389         
39583744  1024  1  0     .5913990000 .0000000259 .0001609347 .0000929156 3445.627197 3444.099563 1.527634 0.044355         
39845888  1024  1  0     .5952140000 .0000000576 .0002400000 .0001385640 3455.291260 3454.372030 0.919230 0.026611         
40108032  1024  1  0     .5990780000 .0000000104 .0001019803 .0000588783 2962.414795 2961.647036 0.767759 0.025923         
40370176  1024  1  0     .6027920000 .0000000017 .0000412310 .0000238047 3063.998779 3063.697800 0.300980 0.009824         
40632320  1024  1  0     .6069083333 .0000000908 .0003013303 .0001739731 4001.862549 4000.833479 1.029069 0.025721         
40894464  1024  1  0     .6105556666 .0000000003 .0000173205 .0000099999 4821.470215 4820.072447 1.397768 0.028999         
41156608  1024  1  0     .6144546666 .0000000008 .0000282842 .0000163298 4484.849121 4483.395859 1.453262 0.032414         
41418752  1024  1  0     .6183203334 .0000000304 .0001743559 .0001006644 5073.827148 5072.457117 1.370032 0.027009         
41680896  1024  1  0     .6222096667 .0000000540 .0002323790 .0001341640 5366.072754 5365.106806 0.965948 0.018004         
41943040  1024  1  0     .6260333334 .0000000118 .0001086278 .0000627162 5871.960449 5871.209972 0.750478 0.012782         
42205184  1024  1  0     .6298523334 .0000000065 .0000806225 .0000465474 5401.286133 5400.320992 0.965141 0.017872         
42467328  1024  1  0     .6336950000 .0000000052 .0000721110 .0000416333 5666.091797 5665.004071 1.087725 0.019201         
42729472  1024  1  0     .6375826666 .0000000044 .0000663324 .0000382970 5790.789551 5790.106418 0.683133 0.011798         
42991616  1024  1  0     .6415233333 .0000000095 .0000974679 .0000562731 6159.450684 6158.801279 0.649404 0.010544         
43253760  1024  1  0     .6453626667 .0000000128 .0001131370 .0000653196 6519.408691 6518.669414 0.739277 0.011341         
43515904  1024  1  0     .6492836667 .0000000073 .0000854400 .0000493288 6332.761719 6332.498091 0.263628 0.004163         
43778048  1024  1  0     .6531410000 .0000000002 .0000141421 .0000081649 6199.820312 6199.980485 0.160173 0.002583         
44040192  1024  1  0     .6571983333 .0000000906 .0003009983 .0001737814 6244.708008 6244.920492 0.212485 0.003403         
44302336  1024  1  0     .6608346667 .0000000010 .0000316227 .0000182573 6044.709961 6045.354926 0.644965 0.010669         
44564480  1024  1  0     .6646956666 .0000000024 .0000489897 .0000282842 6241.194824 6242.127574 0.932750 0.014943         
44826624  1024  1  0     .6686016666 .0000000202 .0001421267 .0000820568 6072.831543 6073.868224 1.036681 0.017068         
45088768  1024  1  0     .6724060000 .0000000022 .0000469041 .0000270800 6243.608398 6244.561571 0.953173 0.015264         
45350912  1024  1  0     .6762023333 .0000000035 .0000591607 .0000341564 5987.983887 5988.786677 0.802790 0.013405         
45613056  1024  1  0     .6801013334 .0000000011 .0000331662 .0000191485 5859.523438 5860.662463 1.139026 0.019435         
45875200  1024  1  0     .6840456666 .0000000084 .0000916515 .0000529150 5673.654785 5674.622834 0.968049 0.017059         
46137344  1024  1  0     .6878290000 .0000000021 .0000458257 .0000264574 5804.468262 5805.510044 1.041782 0.017945         
46399488  1024  1  0     .6917620000 .0000000011 .0000331662 .0000191485 5712.496094 5712.980582 0.484488 0.008480         
46661632  1024  1  0     .6958306666 .0000000333 .0001824828 .0001053564 5786.757324 5787.404585 0.647261 0.011184         
46923776  1024  1  0     .6993983334 .0000000096 .0000979795 .0000565684 5884.576660 5885.630927 1.054267 0.017913         
47185920  1024  1  0     .7033046666 .0000000056 .0000748331 .0000432049 6013.115234 6014.552431 1.437197 0.023895         
47448064  1024  1  0     .7072330000 .0000000076 .0000871779 .0000503321 6036.050781 6037.231566 1.180784 0.019558         
47710208  1024  1  0     .7111710000 .0000000022 .0000469041 .0000270800 5265.220703 5266.433231 1.212528 0.023024         
47972352  1024  1  0     .7148416666 .0000000223 .0001493318 .0000862167 5684.619629 5686.101401 1.481772 0.026060         
48234496  1024  1  0     .7189350000 .0000000658 .0002565151 .0001480990 6105.166504 6106.664261 1.497758 0.024527         
48496640  1024  1  0     .7225900000 .0000000080 .0000894427 .0000516397 6527.795898 6529.344407 1.548508 0.023716         
48758784  1024  1  0     .7265650000 .0000000170 .0001303840 .0000752772 6585.269043 6586.707123 1.438080 0.021833         
49020928  1024  1  0     .7304303334 .0000000063 .0000793725 .0000458257 8004.794922 8006.063102 1.268180 0.015840         
49283072  1024  1  0     .7342350000 .0000000071 .0000842614 .0000486483 8654.900391 8655.843938 0.943547 0.010901         
49545216  1024  1  0     .7382673334 .0000000081 .0000900000 .0000519615 8935.049805 8936.139896 1.090092 0.012199         
49807360  1024  1  0     .7422373333 .0000001016 .0003187475 .0001840289 9550.925781 9551.855928 0.930146 0.009738         
50069504  1024  1  0     .7459143334 .0000000044 .0000663324 .0000382970 9336.262695 9337.165491 0.902795 0.009669         
50331648  1024  1  0     .7497783334 .0000001740 .0004171330 .0002408318 9179.074219 9179.796807 0.722589 0.007872         
50593792  1024  1  0     .7536900000 .0000000029 .0000538516 .0000310912 9396.553711 9397.664876 1.111165 0.011824         
50855936  1024  1  0     .7574586666 .0000000013 .0000360555 .0000208166 9751.744141 9752.577745 0.833604 0.008548         
51118080  1024  1  0     .7613403333 .0000000002 .0000141421 .0000081649 9337.104492 9338.395359 1.290867 0.013823         
51380224  1024  1  0     .7651880000 .0000000117 .0001081665 .0000624499 8845.872070 8846.975093 1.103022 0.012468         
51642368  1024  1  0     .7690523334 .0000000037 .0000608276 .0000351188 8327.655273 8329.006255 1.350981 0.016220         
51904512  1024  1  0     .7728470000 .0000000196 .0001400000 .0000808290 7948.754395 7950.369392 1.614997 0.020313         
52166656  1024  1  0     .7767906667 .0000000028 .0000529150 .0000305504 7715.856445 7716.665723 0.809278 0.010487         
52428800  1024  1  0     .7806613333 .0000000068 .0000824621 .0000476095 7947.293945 7948.163820 0.869875 0.010944         
52690944  1024  1  0     .7846850000 .0000000352 .0001876166 .0001083204 7635.828125 7636.738563 0.910438 0.011922         
52953088  1024  1  0     .7883776666 .0000000010 .0000316227 .0000182573 8005.312012 8006.230020 0.918008 0.011466         
53215232  1024  1  0     .7922603333 .0000000134 .0001157583 .0000668330 7567.232910 7568.843816 1.610906 0.021283         
53477376  1024  1  0     .7962623333 .0000000246 .0001568438 .0000905538 8227.113281 8228.043951 0.930670 0.011311         
53739520  1024  1  0     .7998956667 .0000000024 .0000489897 .0000282842 7408.107422 7409.012381 0.904959 0.012214         
54001664  1024  1  0     .8038130000 .0000000041 .0000640312 .0000369684 7430.964844 7432.084398 1.119555 0.015064         
54263808  1024  1  0     .8078743333 .0000003586 .0005988321 .0003457358 7783.019531 7784.413445 1.393914 0.017906         
54525952  1024  1  0     .8117000000 .0000001900 .0004358898 .0002516610 7509.116699 7510.555429 1.438730 0.019156         
54788096  1024  1  0     .8154093334 .0000000053 .0000728010 .0000420316 7913.146484 7914.168461 1.021977 0.012913         
55050240  1024  1  0     .8193790000 .0000000058 .0000761577 .0000439696 7719.656250 7720.831486 1.175236 0.015222         
55312384  1024  1  0     .8230886667 .0000000362 .0001902629 .0001098483 8611.750977 8612.979151 1.228175 0.014260         
55574528  1024  1  0     .8269883334 .0000000044 .0000663324 .0000382970 7958.625000 7959.489988 0.864988 0.010867         
55836672  1024  1  0     .8309013333 .0000000118 .0001086278 .0000627162 7413.883789 7414.307089 0.423300 0.005709         
56098816  1024  1  0     .8347640000 .0000000074 .0000860232 .0000496655 7813.309570 7814.056022 0.746452 0.009553         
56360960  1024  1  0     .8389070000 .0000000860 .0002932575 .0001693122 7337.306641 7338.338669 1.032028 0.014064         
56623104  1024  1  0     .8426420000 .0000001013 .0003182766 .0001837570 8338.049805 8339.150497 1.100693 0.013199         
56885248  1024  1  0     .8463883333 .0000000323 .0001797220 .0001037625 8757.496094 8759.020991 1.524897 0.017409         
57147392  1024  1  0     .8502566666 .0000000071 .0000842614 .0000486483 7650.861328 7652.370341 1.509013 0.019720         
57409536  1024  1  0     .8541443333 .0000000008 .0000282842 .0000163298 8595.010742 8596.835173 1.824430 0.021222         
57671680  1024  1  0     .8580710000 .0000000040 .0000632455 .0000365148 9423.830078 9425.712477 1.882399 0.019971         
57933824  1024  1  0     .8618656666 .0000000175 .0001322875 .0000763762 9877.260742 9879.678732 2.417990 0.024474         
58195968  1024  1  0     .8656470000 .0000000211 .0001452583 .0000838649 9714.479492 9717.362285 2.882793 0.029666         
58458112  1024  1  0     .8697220000 .0000000023 .0000479583 .0000276887 9518.159180 9520.822171 2.662992 0.027970         
58720256  1024  1  0     .8733696667 .0000000050 .0000707106 .0000408247 8700.586914 8702.741489 2.154575 0.024757         
58982400  1024  1  0     .8772433334 .0000000184 .0001356465 .0000783155 8341.112305 8343.209134 2.096829 0.025132         
59244544  1024  1  0     .8811966667 .0000000179 .0001337908 .0000772441 8441.862305 8443.904591 2.042286 0.024187         
59506688  1024  1  0     .8850376666 .0000000115 .0001072380 .0000619138 8442.281250 8444.512227 2.230977 0.026419         
59768832  1024  1  0     .8890586667 .0000000167 .0001292284 .0000746100 7878.672852 7881.047780 2.374929 0.030135         
60030976  1024  1  0     .8928103334 .0000000004 .0000200000 .0000115470 7933.936523 7936.134096 2.197573 0.027691         
60293120  1024  1  0     .8966550000 .0000000252 .0001587450 .0000916514 8423.734375 8425.757296 2.022921 0.024009         
60555264  1024  1  0     .9004326667 .0000000016 .0000400000 .0000230940 8108.915039 8111.110939 2.195900 0.027073         
60817408  1024  1  0     .9042376666 0 0 0 8700.451172 8702.220320 1.769149 0.020330         
61079552  1024  1  0     .9082763334 .0000000004 .0000200000 .0000115470 8502.038086 8503.284132 1.246046 0.014654         
61341696  1024  1  0     .9122146667 .0000000087 .0000932737 .0000538515 8294.196289 8295.266173 1.069884 0.012898         
61603840  1024  1  0     .9159710000 .0000000069 .0000830662 .0000479582 7958.879883 7959.775034 0.895151 0.011246         
61865984  1024  1  0     .9197816666 .0000000168 .0001296148 .0000748331 8124.881836 8126.147018 1.265182 0.015569         
62128128  1024  1  0     .9236526667 .0000000069 .0000830662 .0000479582 7994.321289 7996.129067 1.807778 0.022608         
62390272  1024  1  0     .9276233334 .0000000153 .0001236931 .0000714142 7770.567383 7772.745005 2.177623 0.028016         
62652416  1024  1  0     .9313743334 .0000000198 .0001407124 .0000812403 7848.826172 7850.816533 1.990361 0.025352         
62914560  1024  1  0     .9351686666 .0000000183 .0001352774 .0000781024 8113.963867 8115.833360 1.869493 0.023035         
63176704  1024  1  0     .9390106666 .0000000029 .0000538516 .0000310912 7741.784180 7743.687003 1.902823 0.024573         
63438848  1024  1  0     .9430286666 .0000000060 .0000774596 .0000447213 8821.284180 8823.936756 2.652576 0.030061         
63700992  1024  1  0     .9469833333 .0000000116 .0001077032 .0000621824 9160.457031 9162.532945 2.075914 0.022657         
63963136  1024  1  0     .9507183334 0 0 0 8784.782227 8786.878555 2.096328 0.023857         
64225280  1024  1  0     .9547920000 .0000000575 .0002397915 .0001384436 8769.118164 8771.152644 2.034480 0.023195         
64487424  1024  1  0     .9585776667 .0000000104 .0001019803 .0000588783 8930.775391 8932.864521 2.089130 0.023387         
64749568  1024  1  0     .9623620000 .0000000196 .0001400000 .0000808290 8938.014648 8939.898583 1.883935 0.021073         
65011712  1024  1  0     .9662243334 .0000000315 .0001774823 .0001024694 8482.059570 8483.653698 1.594128 0.018791         
65273856  1024  1  0     .9701470000 .0000000069 .0000830662 .0000479582 8582.892578 8584.046660 1.154082 0.013444         
65536000  1024  1  0     .9739340000 .0000000069 .0000830662 .0000479582 8852.156250 8853.199621 1.043371 0.011785         
65798144  1024  1  0     .9778406666 .0000000033 .0000574456 .0000331662 9322.583008 9323.867806 1.284798 0.013780         
66060288  1024  1  0     .9817170000 .0000000075 .0000866025 .0000499999 8377.358398 8378.809647 1.451249 0.017320         
66322432  1024  1  0     .9855033334 .0000000090 .0000948683 .0000547722 8401.131836 8402.307761 1.175925 0.013995         
66584576  1024  1  0     .9894073333 .0000000102 .0001009950 .0000583094 8804.921875 8805.696863 0.774988 0.008801         
66846720  1024  1  0     .9933323333 .0000000377 .0001941648 .0001121010 8131.713867 8132.373000 0.659132 0.008105         
67108864  1024  1  0     .9970493334 .0000000112 .0001058300 .0000611009 8177.688477 8178.248495 0.560018 0.006848         
67371008  1024  1  0     1.0010120000 .0000000096 .0000979795 .0000565684 7952.451660 7952.903661 0.452001 0.005683         
67633152  1024  1  0     1.0048076666 .0000000133 .0001153256 .0000665832 7905.068848 7905.674263 0.605415 0.007658         
67895296  1024  1  0     1.0086180000 .0000000187 .0001367479 .0000789514 8584.666992 8585.833572 1.166580 0.013587         
68157440  1024  1  0     1.0126626667 .0000000553 .0002351595 .0001357694 8292.193359 8292.954585 0.761225 0.009179         
68419584  1024  1  0     1.0167066666 .0000000579 .0002406241 .0001389243 8628.123047 8629.107078 0.984031 0.011404         
68681728  1024  1  0     1.0202706667 .0000000237 .0001539480 .0000888819 8995.638672 8996.723688 1.085016 0.012060         
68943872  1024  1  0     1.0241233334 .0000000126 .0001122497 .0000648073 9177.667969 9178.688017 1.020048 0.011113         
69206016  1024  1  0     1.0280513333 .0000000235 .0001532970 .0000885060 9055.726562 9056.621844 0.895282 0.009885         
69468160  1024  1  0     1.0319380000 .0000000400 .0002000000 .0001154700 8733.035156 8733.779725 0.744569 0.008525         
69730304  1024  1  0     1.0356986667 .0000000002 .0000141421 .0000081649 8915.833984 8916.618449 0.784464 0.008798         
69992448  1024  1  0     1.0396693334 .0000000384 .0001959591 .0001131370 9034.036133 9034.954093 0.917960 0.010160         
70254592  1024  1  0     1.0436096667 .0000002129 .0004614108 .0002663956 9516.279297 9517.199586 0.920289 0.009670         
70516736  1024  1  0     1.0472773333 .0000000080 .0000894427 .0000516397 9875.597656 9876.242164 0.644508 0.006526         
70778880  1024  1  0     1.0512810000 .0000000352 .0001876166 .0001083204 10259.874023 10260.626798 0.752775 0.007337         
71041024  1024  1  0     1.0550436667 .0000000110 .0001048808 .0000605529 9343.522461 9344.375785 0.853324 0.009132         
71303168  1024  1  0     1.0588746667 .0000000089 .0000943398 .0000544671 9126.132812 9127.493778 1.360965 0.014911         
71565312  1024  1  0     1.0628806667 .0000000078 .0000883176 .0000509901 9703.519531 9704.574903 1.055371 0.010875         
71827456  1024  1  0     1.0667980000 .0000000031 .0000556776 .0000321454 10413.699219 10414.470369 0.771151 0.007405         
72089600  1024  1  0     1.0705583333 .0000000329 .0001813835 .0001047218 10283.077148 10284.364557 1.287408 0.012518         
72351744  1024  1  0     1.0745063334 .0000000376 .0001939071 .0001119523 10044.817383 10045.894837 1.077454 0.010725         
72613888  1024  1  0     1.0782876666 .0000000083 .0000911043 .0000525990 10974.290039 10975.780774 1.490735 0.013582         
72876032  1024  1  0     1.0821813334 .0000000561 .0002368543 .0001367478 10322.576172 10323.932429 1.356257 0.013137         
73138176  1024  1  0     1.0859936666 .0000000210 .0001449137 .0000836659 11416.781250 11418.160320 1.379070 0.012078         
73400320  1024  1  0     1.0898916667 .0000000588 .0002424871 .0001399999 12010.703125 12012.222341 1.519216 0.012647         
73662464  1024  1  0     1.0937153334 .0000000256 .0001600000 .0000923760 12081.386719 12082.942362 1.555643 0.012875         
73924608  1024  1  0     1.0976126666 .0000000131 .0001144552 .0000660807 12393.720703 12395.215961 1.495257 0.012063         
74186752  1024  1  0     1.1015310000 .0000000004 .0000200000 .0000115470 12299.343750 12300.855434 1.511684 0.012289         
74448896  1024  1  0     1.1054883334 .0000000370 .0001923538 .0001110555 12032.815430 12034.293822 1.478392 0.012285         
74711040  1024  1  0     1.1094190000 .0000000021 .0000458257 .0000264574 11460.296875 11462.015923 1.719048 0.014998         
74973184  1024  1  0     1.1131023334 .0000000025 .0000500000 .0000288675 11094.832031 11096.450905 1.618874 0.014589         
75235328  1024  1  0     1.1171100000 .0000000171 .0001307669 .0000754983 10638.974609 10640.359095 1.384486 0.013012         
75497472  1024  1  0     1.1208713334 .0000000941 .0003067572 .0001771063 10630.478516 10632.320991 1.842475 0.017329         
75759616  1024  1  0     1.1247010000 .0000000075 .0000866025 .0000499999 10085.648438 10087.424441 1.776003 0.017606         
76021760  1024  1  0     1.1283903334 .0000000027 .0000519615 .0000299999 10239.236328 10240.916765 1.680437 0.016409         
76283904  1024  1  0     1.1325923334 .0000001769 .0004205948 .0002428305 9855.791016 9857.514017 1.723001 0.017479         
76546048  1024  1  0     1.1363263334 .0000000960 .0003098386 .0001788853 9699.998047 9701.863160 1.865113 0.019224         
76808192  1024  1  0     1.1401070000 .0000000184 .0001356465 .0000783155 9167.820312 9169.492835 1.672523 0.018240         
77070336  1024  1  0     1.1438953333 .0000000104 .0001019803 .0000588783 9474.765625 9476.122321 1.356696 0.014317         
77332480  1024  1  0     1.1478706666 .0000000321 .0001791647 .0001034407 9527.423828 9529.181186 1.757358 0.018442         
77594624  1024  1  0     1.1516633334 .0000000038 .0000616441 .0000355902 9685.399414 9687.023099 1.623685 0.016761         
77856768  1024  1  0     1.1556600000 .0000000370 .0001923538 .0001110555 9172.925781 9174.287840 1.362059 0.014846         
78118912  1024  1  0     1.1594786667 .0000000236 .0001536229 .0000886942 9587.739258 9589.034039 1.294781 0.013503         
78381056  1024  1  0     1.1633000000 .0000000151 .0001228820 .0000709459 9415.092773 9416.594387 1.501613 0.015946         
78643200  1024  1  0     1.1671910000 .0000000048 .0000692820 .0000399999 9445.247070 9446.293043 1.045973 0.011073         
78905344  1024  1  0     1.1710493334 .0000000177 .0001330413 .0000768114 10154.070312 10155.729941 1.659629 0.016342         
79167488  1024  1  0     1.1750106667 .0000000080 .0000894427 .0000516397 10043.725586 10045.423582 1.697997 0.016903         
79429632  1024  1  0     1.1787650000 .0000000071 .0000842614 .0000486483 9150.541016 9152.110506 1.569490 0.017149         
79691776  1024  1  0     1.1825976667 .0000000380 .0001949358 .0001125462 8694.453125 8696.026991 1.573866 0.018099         
79953920  1024  1  0     1.1865200000 .0000000472 .0002172556 .0001254325 8844.165039 8845.525968 1.360929 0.015386         
80216064  1024  1  0     1.1905006666 .0000000195 .0001396424 .0000806225 9626.534180 9627.835117 1.300938 0.013512         
80478208  1024  1  0     1.1943233334 .0000000413 .0002032240 .0001173314 9373.227539 9374.436671 1.209132 0.012898         
80740352  1024  1  0     1.1980853334 .0000000181 .0001345362 .0000776745 8827.632812 8828.768502 1.135690 0.012864         
81002496  1024  1  0     1.2018900000 .0000000201 .0001417744 .0000818534 8725.067383 8726.692992 1.625609 0.018628         
81264640  1024  1  0     1.2057860000 .0000000014 .0000374165 .0000216024 8357.085938 8358.889419 1.803482 0.021576         
81526784  1024  1  0     1.2097396667 .0000000986 .0003140063 .0001812916 8793.294922 8795.171165 1.876243 0.021333         
81788928  1024  1  0     1.2134826666 0 0 0 8522.525391 8524.491448 1.966057 0.023064         
82051072  1024  1  0     1.2173626667 .0000000104 .0001019803 .0000588783 8314.487305 8316.267128 1.779823 0.021402         
82313216  1024  1  0     1.2214240000 .0000000135 .0001161895 .0000670820 7825.721680 7827.820150 2.098470 0.026808         
82575360  1024  1  0     1.2252726666 .0000000024 .0000489897 .0000282842 7853.773926 7856.252486 2.478560 0.031549         
82837504  1024  1  0     1.2290980000 .0000000613 .0002475883 .0001429451 8564.840820 8567.323094 2.482274 0.028974         
83099648  1024  1  0     1.2329826667 .0000000067 .0000818535 .0000472581 9302.708008 9305.641108 2.933100 0.031520         
83361792  1024  1  0     1.2368693334 .0000000109 .0001044030 .0000602771 9836.771484 9839.826587 3.055102 0.031048         
83623936  1024  1  0     1.2407326666 .0000000429 .0002071231 .0001195825 10193.481445 10196.379605 2.898159 0.028423         
83886080  1024  1  0     1.2445796666 .0000000317 .0001780449 .0001027942 9840.912109 9843.720612 2.808503 0.028531         
84148224  1024  1  0     1.2484046666 .0000000045 .0000670820 .0000387298 9951.283203 9954.276218 2.993015 0.030068         
84410368  1024  1  0     1.2522840000 .0000000168 .0001296148 .0000748331 10204.479492 10207.692503 3.213010 0.031476         
84672512  1024  1  0     1.2561593333 .0000000175 .0001322875 .0000763762 10449.835938 10452.758397 2.922460 0.027959         
84934656  1024  1  0     1.2600173334 .0000000010 .0000316227 .0000182573 10439.752930 10442.849535 3.096605 0.029653         
85196800  1024  1  0     1.2639946667 .0000001160 .0003405877 .0001966384 10603.727539 10607.037729 3.310190 0.031207         
85458944  1024  1  0     1.2678720000 .0000000038 .0000616441 .0000355902 11658.048828 11661.304452 3.255624 0.027918         
85721088  1024  1  0     1.2717146667 .0000000748 .0002734958 .0001579028 12198.787109 12202.330421 3.543311 0.029038         
85983232  1024  1  0     1.2754043334 .0000000029 .0000538516 .0000310912 12049.402344 12053.109348 3.707004 0.030756         
86245376  1024  1  0     1.2794703334 .0000000094 .0000969535 .0000559761 12255.644531 12258.909751 3.265219 0.026635         
86507520  1024  1  0     1.2832296666 .0000000076 .0000871779 .0000503321 12650.148438 12653.440954 3.292516 0.026021         
86769664  1024  1  0     1.2870413334 .0000000076 .0000871779 .0000503321 12497.730469 12500.863023 3.132554 0.025059         
87031808  1024  1  0     1.2910133334 .0000000071 .0000842614 .0000486483 12303.703125 12306.455726 2.752601 0.022367         
87293952  1024  1  0     1.2947573333 .0000000032 .0000565685 .0000326598 12323.562500 12326.713140 3.150640 0.025559         
87556096  1024  1  0     1.2985556667 .0000000015 .0000387298 .0000223606 12700.724609 12703.901221 3.176611 0.025005         
87818240  1024  1  0     1.3023896666 .0000000118 .0001086278 .0000627162 12236.292969 12239.438160 3.145192 0.025697         
88080384  1024  1  0     1.3065010000 .0000000235 .0001532970 .0000885060 12863.212891 12866.109133 2.896243 0.022511         
88342528  1024  1  0     1.3101280000 .0000000172 .0001311487 .0000757187 11703.650391 11706.575920 2.925529 0.024990         
88604672  1024  1  0     1.3139783334 .0000000424 .0002059126 .0001188836 12038.825195 12042.034085 3.208890 0.026647         
88866816  1024  1  0     1.3177610000 .0000000047 .0000685565 .0000395811 12342.473633 12345.771901 3.298268 0.026716         
89128960  1024  1  0     1.3216386667 .0000000089 .0000943398 .0000544671 12100.086914 12103.207110 3.120196 0.025780         
89391104  1024  1  0     1.3254960000 .0000000097 .0000984885 .0000568623 12639.373047 12642.556964 3.183917 0.025184         
89653248  1024  1  0     1.3295483334 .0000000455 .0002133072 .0001231529 12412.377930 12415.851786 3.473856 0.027979         
89915392  1024  1  0     1.3333656666 .0000000820 .0002863564 .0001653279 12122.141602 12126.099740 3.958138 0.032641         
90177536  1024  1  0     1.3373026666 .0000000057 .0000754983 .0000435889 12461.769531 12466.183509 4.413978 0.035408         
90439680  1024  1  0     1.3411233334 .0000000148 .0001216552 .0000702376 12236.913086 12241.071605 4.158519 0.033972         
90701824  1024  1  0     1.3451113334 .0000000225 .0001500000 .0000866025 12331.711914 12335.931643 4.219729 0.034207         
90963968  1024  1  0     1.3487056667 .0000000021 .0000458257 .0000264574 11837.963867 11842.355365 4.391498 0.037083         
91226112  1024  1  0     1.3528050000 .0000000019 .0000435889 .0000251660 12017.751953 12021.797484 4.045531 0.033652         
91488256  1024  1  0     1.3567190000 .0000000037 .0000608276 .0000351188 11855.874023 11860.166578 4.292555 0.036193         
91750400  1024  1  0     1.3605393334 .0000000051 .0000714142 .0000412310 12246.936523 12251.577531 4.641008 0.037881         
92012544  1024  1  0     1.3644096666 .0000000060 .0000774596 .0000447213 12175.977539 12180.449172 4.471633 0.036712         
92274688  1024  1  0     1.3682456667 .0000000133 .0001153256 .0000665832 11666.623047 11670.674720 4.051673 0.034717         
92536832  1024  1  0     1.3721600000 .0000000237 .0001539480 .0000888819 11667.308594 11671.024641 3.716047 0.031840         
92798976  1024  1  0     1.3759940000 .0000000125 .0001118033 .0000645496 12697.429688 12700.689780 3.260093 0.025669         
93061120  1024  1  0     1.3798206666 .0000001144 .0003382306 .0001952775 12129.376953 12133.016099 3.639146 0.029994         
93323264  1024  1  0     1.3836383334 .0000000280 .0001673320 .0000966091 12027.613281 12030.935991 3.322710 0.027618         
93585408  1024  1  0     1.3873910000 .0000000026 .0000509901 .0000294391 11686.425781 11689.638472 3.212691 0.027483         
93847552  1024  1  0     1.3912476667 .0000000030 .0000547722 .0000316227 11766.040039 11769.047649 3.007610 0.025555         
94109696  1024  1  0     1.3953703334 .0000000191 .0001382027 .0000797913 11993.089844 11995.879037 2.789193 0.023251         
94371840  1024  1  0     1.3990720000 .0000000343 .0001852025 .0001069267 11877.582031 11880.209913 2.627882 0.022120         
94633984  1024  1  0     1.4030466666 .0000000095 .0000974679 .0000562731 12670.080078 12672.572479 2.492401 0.019668         
94896128  1024  1  0     1.4068666666 .0000000089 .0000943398 .0000544671 12747.886719 12750.293387 2.406668 0.018875         
95158272  1024  1  0     1.4108870000 .0000000259 .0001609347 .0000929156 12256.561523 12258.772679 2.211155 0.018037         
95420416  1024  1  0     1.4146733333 .0000000078 .0000883176 .0000509901 12653.246094 12655.062134 1.816041 0.014350         
95682560  1024  1  0     1.4186766667 .0000000306 .0001749285 .0001009950 11651.952148 11653.886729 1.934581 0.016600         
95944704  1024  1  0     1.4222880000 .0000000177 .0001330413 .0000768114 11220.272461 11222.353000 2.080540 0.018539         
96206848  1024  1  0     1.4261260000 .0000000044 .0000663324 .0000382970 11703.543945 11705.641718 2.097773 0.017921         
96468992  1024  1  0     1.4302010000 .0000000259 .0001609347 .0000929156 11346.840820 11348.485699 1.644878 0.014494         
96731136  1024  1  0     1.4340856667 .0000000029 .0000538516 .0000310912 11750.593750 11751.906769 1.313019 0.011173         
96993280  1024  1  0     1.4378883333 .0000000229 .0001513274 .0000873689 11695.945312 11697.645302 1.699990 0.014533         
97255424  1024  1  0     1.4418013334 .0000000142 .0001191637 .0000687991 12345.680664 12346.962994 1.282330 0.010386         
97517568  1024  1  0     1.4456273333 .0000000252 .0001587450 .0000916514 12320.237305 12321.314154 1.076849 0.008740         
97779712  1024  1  0     1.4494596667 .0000000292 .0001708800 .0000986576 12609.176758 12609.936204 0.759447 0.006023         
98041856  1024  1  0     1.4533090000 .0000000094 .0000969535 .0000559761 12927.273438 12928.203089 0.929652 0.007191         
98304000  1024  1  0     1.4571760000 .0000000138 .0001174734 .0000678232 13527.512695 13528.021925 0.509229 0.003764         
98566144  1024  1  0     1.4610680000 .0000000079 .0000888819 .0000513159 13298.162109 13298.857704 0.695594 0.005230         
98828288  1024  1  0     1.4648753333 .0000000177 .0001330413 .0000768114 15094.761719 15095.374835 0.613116 0.004062         
99090432  1024  1  0     1.4687620000 .0000000078 .0000883176 .0000509901 15033.961914 15034.405944 0.444030 0.002953         
99352576  1024  1  0     1.4725986666 .0000000081 .0000900000 .0000519615 15164.235352 15165.027990 0.792639 0.005227         
99614720  1024  1  0     1.4767806666 .0000000454 .0002130727 .0001230175 15144.226562 15144.656958 0.430395 0.002842         
99876864  1024  1  0     1.4804623334 .0000000098 .0000989949 .0000571547 14816.437500 14816.553035 0.115535 0.000780         
100139008  1024  1  0     1.4843043333 .0000000540 .0002323790 .0001341640 14162.478516 14162.271849 0.206667 0.001459         
100401152  1024  1  0     1.4880193334 .0000000489 .0002211334 .0001276714 14401.797852 14401.569709 0.228143 0.001584         
100663296  1024  1  0     1.4919626666 .0000000400 .0002000000 .0001154700 14638.581055 14638.143795 0.437260 0.002987         
100925440  1024  1  0     1.4958410000 .0000000078 .0000883176 .0000509901 14618.820312 14618.081919 0.738394 0.005051         
101187584  1024  1  0     1.4998390000 .0000001366 .0003695943 .0002133853 14719.001953 14718.316693 0.685260 0.004656         
101449728  1024  1  0     1.5037546666 .0000000333 .0001824828 .0001053564 14370.371094 14369.685377 0.685717 0.004772         
101711872  1024  1  0     1.5074100000 .0000000085 .0000921954 .0000532290 14391.560547 14390.654016 0.906531 0.006299         
101974016  1024  1  0     1.5112676667 .0000000029 .0000538516 .0000310912 13768.414062 13767.322177 1.091886 0.007931         
102236160  1024  1  0     1.5152406667 .0000000046 .0000678232 .0000391577 13689.947266 13688.187280 1.759985 0.012858         
102498304  1024  1  0     1.5192236667 .0000000125 .0001118033 .0000645496 13536.065430 13534.902605 1.162824 0.008591         
102760448  1024  1  0     1.5228120000 .0000000092 .0000959166 .0000553774 13671.070312 13669.883203 1.187109 0.008684         
103022592  1024  1  0     1.5269210000 .0000001175 .0003427827 .0001979056 13751.141602 13750.243062 0.898540 0.006535         
103284736  1024  1  0     1.5307260000 .0000000146 .0001208304 .0000697614 14345.052734 14344.438588 0.614146 0.004281         
103546880  1024  1  0     1.5343586667 .0000000038 .0000616441 .0000355902 14860.125977 14859.967465 0.158511 0.001067         
103809024  1024  1  0     1.5386850000 .0000001262 .0003552463 .0002051015 14947.312500 14947.525123 0.212623 0.001422         
104071168  1024  1  0     1.5422303334 .0000000244 .0001562049 .0000901849 15225.891602 15225.861807 0.029795 0.000196         
104333312  1024  1  0     1.5460963334 .0000000073 .0000854400 .0000493288 15158.869141 15158.839167 0.029973 0.000198         
104595456  1024  1  0     1.5500890000 .0000001323 .0003637306 .0002099999 14671.548828 14670.960897 0.587931 0.004007         
104857600  1024  1  0     1.5536686666 .0000000053 .0000728010 .0000420316 14834.341797 14833.275169 1.066628 0.007191         
 
