262144    .0104960000 .0000000017 .0000412310 .0000238047 -136.500000 -135.973939 0.526061 0.386883         
524288    .0111756667 .0000000023 .0000479583 .0000276887 -1130.000000 -1127.945749 2.054251 0.182123         
786432    .0123253333 .0000000334 .0001827566 .0001055145 246.500000 247.317899 0.817899 0.330707         
1048576    .0127180000 .0000000378 .0001944222 .0001122497 1211.000000 1211.231582 0.231582 0.019120         
1310720    .0139380000 .0000000414 .0002034698 .0001174733 1977.000000 1976.572489 0.427511 0.021629         
1572864    .0148076667 .0000002371 .0004869291 .0002811286 1778.000000 1777.127315 0.872685 0.049107         
1835008    .0148833334 .0000000504 .0002244994 .0001296147 1270.000000 1268.639592 1.360408 0.107234         
2097152    .0157310000 .0000000128 .0001131370 .0000653196 1667.000000 1664.723923 2.276077 0.136724         
2359296    .0161793334 .0000001347 .0003670149 .0002118961 1649.000000 1649.344842 0.344842 0.020908         
2621440    .0169600000 .0000002634 .0005132250 .0002963105 1990.000000 1990.718587 0.718587 0.036097         
2883584    .0179263333 .0000003388 .0005820652 .0003360554 2108.000000 2107.054436 0.945564 0.044876         
3145728    .0182633333 .0000000265 .0001627882 .0000939858 2150.000000 2151.013588 1.013588 0.047121         
3407872    .0219293334 0 0 0 2470.000000 2468.508333 1.491667 0.060428         
3670016    .0230166666 .0000000350 .0001870828 .0001080123 2444.000000 2441.335671 2.664329 0.109134         
3932160    .0244276667 .0000002338 .0004835286 .0002791653 1606.000000 1605.791314 0.208686 0.012996         
4194304    .0255063333 .0000003607 .0006005830 .0003467467 1474.000000 1471.192946 2.807054 0.190801         
4456448    .0264003334 .0000000025 .0000500000 .0000288675 1526.000000 1522.446066 3.553934 0.233436         
4718592    .0273033334 .0000000873 .0002954657 .0001705872 1497.000000 1494.581292 2.418708 0.161832         
4980736    .0281016667 .0000009029 .0009502105 .0005486042 2190.000000 2184.926567 5.073433 0.232202         
5242880    .0286023334 .0000000416 .0002039607 .0001177567 1943.000000 1938.333409 4.666591 0.240753         
5505024    .0296866666 .0000000298 .0001726267 .0000996660 2392.000000 2391.475631 0.524369 0.021927         
5767168    .0306516667 .0000000464 .0002154065 .0001243650 2220.000000 2219.474457 0.525543 0.023679         
6029312    .0314826667 .0000000412 .0002029778 .0001171892 2056.000000 2054.803967 1.196033 0.058207         
6291456    .0323273333 .0000000912 .0003019933 .0001743559 1040.000000 1035.340293 4.659707 0.450065         
6553600    .0331283334 .0000001431 .0003782856 .0002184032 655.500000 652.863744 2.636256 0.403799         
6815744    .0342550000 .0000000841 .0002900000 .0001674315 1068.000000 1063.744301 4.255699 0.400068         
7077888    .0345633334 .0000000161 .0001268857 .0000732574 786.500000 782.609636 3.890364 0.497101         
7340032    .0356030000 .0000001453 .0003811823 .0002200757 -93.500000 -94.424774 0.924774 0.979376         
7602176    .0363476667 .0000000110 .0001048808 .0000605529 3.500000 1.273983 2.226017 174.729039         
7864320    .0367476667 .0000000231 .0001519868 .0000877496 111.500000 108.235799 3.264201 3.015823         
8126464    .0378626666 .0000008472 .0009204346 .0005314131 -121.500000 -124.495723 2.995723 2.406286         
8388608    .0393056667 .0000001002 .0003165438 .0001827566 -314.500000 -314.976766 0.476766 0.151365         
8650752    .0394516667 .0000012954 .0011381564 .0006571149 -1430.000000 -1429.837809 0.162191 0.011343         
8912896    .0392500000 .0000000153 .0001236931 .0000714142 -1430.000000 -1434.034161 4.034161 0.281316         
9175040    .0402230000 .0000000252 .0001587450 .0000916514 -2656.000000 -2658.385719 2.385719 0.089743         
9437184    .0417753334 .0000009629 .0009812746 .0005665391 -2772.000000 -2778.555746 6.555746 0.235941         
9699328    .0417023334 .0000000607 .0002463736 .0001422438 -2972.000000 -2978.588477 6.588477 0.221195         
9961472    .0440193333 .0000007870 .0008871302 .0005121848 -3412.000000 -3416.985416 4.985416 0.145901         
10223616    .0434346666 .0000000046 .0000678232 .0000391577 -3500.000000 -3504.781597 4.781597 0.136431         
10485760    .0448466666 .0000013573 .0011650321 .0006726315 -2550.000000 -2558.981990 8.981990 0.350999         
10747904    .0449696666 .0000000290 .0001702938 .0000983191 -2026.000000 -2035.036821 9.036821 0.444062         
11010048    .0468383333 .0000011922 .0010918791 .0006303966 -1758.000000 -1768.792766 10.792766 0.610177         
11272192    .0469213333 .0000000684 .0002615339 .0001509966 -747.500000 -759.095873 11.595873 1.527590         
11534336    .0480066666 .0000002914 .0005398147 .0003116621 -1350.000000 -1362.844707 12.844707 0.942492         
11796480    .0488130000 .0000000230 .0001516575 .0000875594 -1516.000000 -1528.551996 12.551996 0.821169         
12058624    .0494720000 .0000000042 .0000648074 .0000374165 -1094.000000 -1101.908522 7.908522 0.717711         
12320768    .0502080000 .0000000220 .0001483239 .0000856348 -995.500000 -1002.625757 7.125757 0.710710         
12582912    .0510720000 .0000001048 .0003237282 .0001869045 -766.000000 -773.805816 7.805816 1.008756         
12845056    .0520970000 .0000002279 .0004773887 .0002756204 -307.500000 -312.193596 4.693596 1.503425         
13107200    .0530210000 .0000001037 .0003220248 .0001859211 -708.500000 -710.915081 2.415081 0.339714         
13369344    .0538483333 .0000000747 .0002733130 .0001577973 195.000000 191.004267 3.995733 2.091960         
13631488    .0549120000 .0000004595 .0006778642 .0003913650 789.000000 789.156115 0.156115 0.019783         
13893632    .0554923333 .0000000321 .0001791647 .0001034407 720.000000 725.187940 5.187940 0.715393         
14155776    .0567593333 .0000015144 .0012306096 .0007104927 1399.000000 1402.299472 3.299472 0.235290         
14417920    .0569800000 .0000000294 .0001714642 .0000989949 1268.000000 1268.305321 0.305321 0.024073         
14680064    .0586100000 .0000015537 .0012464750 .0007196526 1920.000000 1920.742349 0.742349 0.038649         
14942208    .0596470000 .0000009971 .0009985489 .0005765124 2080.000000 2080.349243 0.349243 0.016788         
15204352    .0600566667 .0000001425 .0003774917 .0002179449 1428.000000 1432.230262 4.230262 0.295362         
15466496    .0604436667 .0000000314 .0001772004 .0001023066 1650.000000 1658.644151 8.644151 0.521158         
15728640    .0622370000 .0000013561 .0011645170 .0006723342 1423.000000 1427.140417 4.140417 0.290120         
15990784    .0627630000 .0000001056 .0003249615 .0001876166 887.500000 889.054637 1.554637 0.174864         
16252928    .0636903333 .0000001564 .0003954743 .0002283271 1110.000000 1110.449351 0.449351 0.040466         
16515072    .0640746666 .0000000051 .0000714142 .0000412310 1124.000000 1124.436738 0.436738 0.038841         
16777216    .0651106666 .0000000765 .0002765863 .0001596871 1158.000000 1155.120385 2.879615 0.249291         
17039360    .0657653333 .0000000119 .0001090871 .0000629814 1682.000000 1676.578908 5.421092 0.323343         
17301504    .0665876666 .0000000056 .0000748331 .0000432049 1610.000000 1604.003533 5.996467 0.373844         
17563648    .0674816667 .0000000288 .0001697056 .0000979795 1495.000000 1486.240993 8.759007 0.589340         
17825792    .0683496666 .0000000924 .0003039736 .0001754992 1591.000000 1586.247348 4.752652 0.299616         
18087936    .0691680000 .0000000530 .0002302172 .0001329159 2007.000000 2001.005201 5.994799 0.299589         
18350080    .0703946667 .0000006682 .0008174350 .0004719463 2031.000000 2026.060443 4.939557 0.243801         
18612224    .0708340000 .0000000303 .0001740689 .0001004987 1723.000000 1722.773699 0.226301 0.013136         
18874368    .0717663333 .0000000865 .0002941088 .0001698037 1894.000000 1892.835138 1.164862 0.061541         
19136512    .0726506666 .0000000218 .0001476482 .0000852447 1188.000000 1185.781159 2.218841 0.187121         
19398656    .0733003334 .0000000713 .0002670205 .0001541643 1141.000000 1140.836477 0.163523 0.014334         
19660800    .0754270000 .0000044624 .0021124393 .0012196173 1651.000000 1655.678425 4.678425 0.282568         
19922944    .0754496667 .0000000446 .0002111871 .0001219289 1440.000000 1445.014821 5.014821 0.347043         
20185088    .0760533333 .0000001002 .0003165438 .0001827566 2302.000000 2304.915818 2.915818 0.126504         
20447232    .0772423334 .0000002168 .0004656178 .0002688245 1908.000000 1914.116213 6.116213 0.319532         
20709376    .0777653333 .0000000461 .0002147091 .0001239623 2000.000000 2005.511138 5.511138 0.274800         
20971520    .0792010000 .0000001061 .0003257299 .0001880602 2452.000000 2461.514376 9.514376 0.386525         
21233664    .0795676667 .0000000212 .0001456021 .0000840634 2994.000000 3003.302616 9.302616 0.309746         
21495808    .0804786667 .0000000148 .0001216552 .0000702376 2590.000000 2600.181911 10.181911 0.391585         
21757952    .0816076666 .0000000041 .0000640312 .0000369684 2752.000000 2761.544081 9.544081 0.345607         
22020096    .0822560000 .0000002856 .0005344155 .0003085449 3320.000000 3325.277893 5.277893 0.158720         
22282240    .0829436667 .0000001038 .0003221800 .0001860107 1752.000000 1757.694688 5.694688 0.323986         
22544384    .0839433333 .0000000469 .0002165640 .0001250332 336.000000 342.913639 6.913639 2.016146         
22806528    .0846086667 .0000000505 .0002247220 .0001297433 760.000000 761.655984 1.655984 0.217419         
23068672    .0861876667 .0000011269 .0010615554 .0006128892 142.000000 147.140847 5.140847 3.493827         
23330816    .0868940000 .0000002499 .0004998999 .0002886173 -279.000000 -271.556484 7.443516 2.741056         
23592960    .0872876666 .0000000062 .0000787400 .0000454605 -323.000000 -316.624424 6.375576 2.013608         
23855104    .0883723333 .0000000177 .0001330413 .0000768114 -731.000000 -725.175934 5.824066 0.803125         
24117248    .0887563334 .0000000408 .0002019900 .0001166189 -965.000000 -962.102959 2.897041 0.301115         
24379392    .0899766666 .0000000104 .0001019803 .0000588783 -985.000000 -986.084245 1.084245 0.109955         
24641536    .0906666667 .0000000612 .0002473863 .0001428285 -170.000000 -164.529596 5.470404 3.324875         
24903680    .0916086667 .0000000281 .0001676305 .0000967815 364.000000 370.171601 6.171601 1.667227         
25165824    .0924500000 .0000000309 .0001757839 .0001014888 -829.000000 -825.839818 3.160182 0.382663         
25427968    .0934100000 .0000000447 .0002114237 .0001220655 -841.000000 -836.967184 4.032816 0.481837         
25690112    .0942933333 .0000001129 .0003360059 .0001939930 -1216.000000 -1213.055362 2.944638 0.242746         
25952256    .0949333334 .0000000535 .0002313006 .0001335414 -1522.000000 -1518.659659 3.340341 0.219953         
26214400    .0960406667 .0000001324 .0003638681 .0002100793 -1403.000000 -1402.982779 0.017221 0.001227         
26476544    .0966560000 .0000000025 .0000500000 .0000288675 -1285.000000 -1285.173088 0.173088 0.013468         
26738688    .0975040000 .0000000656 .0002561249 .0001478737 -981.000000 -978.900536 2.099464 0.214472         
27000832    .0983103333 .0000000069 .0000830662 .0000479582 -658.000000 -649.972493 8.027507 1.235053         
27262976    .0994643333 .0000000947 .0003077336 .0001776700 -802.000000 -792.418623 9.581377 1.209131         
27525120    .1003146666 .0000000607 .0002463736 .0001422438 -1039.000000 -1029.965259 9.034741 0.877189         
27787264    .1013760000 .0000001953 .0004419275 .0002551469 -1634.000000 -1623.288427 10.711573 0.659869         
28049408    .1018943333 .0000000508 .0002253885 .0001301281 -1705.000000 -1698.587754 6.412246 0.377505         
28311552    .1027816667 .0000000012 .0000346410 .0000199999 -1834.000000 -1827.110459 6.889541 0.377073         
28573696    .1035446667 .0000000035 .0000591607 .0000341564 -2068.000000 -2056.571241 11.428759 0.555719         
28835840    .1044873333 .0000000136 .0001166190 .0000673300 -2808.000000 -2796.786947 11.213053 0.400926         
29097984    .1052736667 .0000000237 .0001539480 .0000888819 -2776.000000 -2765.781906 10.218094 0.369447         
29360128    .1062016666 .0000000334 .0001827566 .0001055145 -3204.000000 -3197.607393 6.392607 0.199918         
29622272    .1074836666 .0000000748 .0002734958 .0001579028 -3460.000000 -3450.094002 9.905998 0.287123         
29884416    .1081483334 .0000000346 .0001860107 .0001073933 -3560.000000 -3545.545349 14.454651 0.407685         
30146560    .1091476666 .0000001428 .0003778888 .0002181742 -3500.000000 -3495.994426 4.005574 0.114576         
30408704    .1095476666 .0000000501 .0002238302 .0001292284 -4744.000000 -4736.417160 7.582840 0.160097         
30670848    .1103220000 .0000000079 .0000888819 .0000513159 -4264.000000 -4254.375323 9.624677 0.226230         
30932992    .1118870000 .0000012489 .0011175419 .0006452131 -4368.000000 -4363.339455 4.660545 0.106811         
31195136    .1121236667 .0000001338 .0003657868 .0002111871 -3948.000000 -3946.090962 1.909038 0.048378         
31457280    .1130483334 .0000000662 .0002572936 .0001485485 -3614.000000 -3607.422052 6.577948 0.182345         
31719424    .1139310000 .0000000712 .0002668332 .0001540562 -4592.000000 -4578.364228 13.635772 0.297831         
31981568    .1146466667 .0000000376 .0001939071 .0001119523 -4060.000000 -4054.773118 5.226882 0.128907         
32243712    .1156940000 .0000000183 .0001352774 .0000781024 -4532.000000 -4525.612654 6.387346 0.141138         
32505856    .1168116667 .0000000380 .0001949358 .0001125462 -4816.000000 -4809.828636 6.171364 0.128307         
32768000    .1172563334 .0000000492 .0002218107 .0001280624 -5084.000000 -5079.679079 4.320921 0.085063         
33030144    .1180746666 .0000000916 .0003026549 .0001747378 -4816.000000 -4811.204638 4.795362 0.099671         
33292288    .1193110000 .0000000394 .0001984943 .0001146007 -4584.000000 -4582.690210 1.309790 0.028581         
33554432    .1201953334 .0000000967 .0003109662 .0001795364 -4656.000000 -4654.285128 1.714872 0.036845         
33816576    .1209633333 .0000000599 .0002447447 .0001413034 -4636.000000 -4635.294207 0.705793 0.015227         
34078720    .1217206666 .0000000033 .0000574456 .0000331662 -4576.000000 -4571.788779 4.211221 0.092113         
34340864    .1226796666 .0000000581 .0002410394 .0001391641 -4564.000000 -4563.432319 0.567681 0.012440         
34603008    .1232766667 .0000000356 .0001886796 .0001089342 -5016.000000 -5013.279709 2.720291 0.054262         
34865152    .1242366667 .0000000074 .0000860232 .0000496655 -4308.000000 -4302.048042 5.951958 0.138352         
35127296    .1250816667 .0000000093 .0000964365 .0000556776 -3844.000000 -3843.843101 0.156899 0.004082         
35389440    .1261910000 .0000000684 .0002615339 .0001509966 -4050.000000 -4046.574883 3.425117 0.084642         
35651584    .1269013334 .0000000202 .0001421267 .0000820568 -4792.000000 -4786.170171 5.829829 0.121806         
35913728    .1277450000 .0000000685 .0002617250 .0001511069 -5524.000000 -5526.209111 2.209111 0.039975         
36175872    .1292190000 .0000013286 .0011526491 .0006654822 -5232.000000 -5235.523240 3.523240 0.067295         
36438016    .1296833334 .0000001848 .0004298837 .0002481934 -5408.000000 -5411.315835 3.315835 0.061276         
36700160    .1302306666 .0000000001 .0000100000 .0000057735 -5520.000000 -5514.080447 5.919553 0.107353         
36962304    .1313330000 .0000000474 .0002177154 .0001256980 -4944.000000 -4934.960757 9.039243 0.183167         
37224448    .1318236666 .0000000014 .0000374165 .0000216024 -5040.000000 -5034.343984 5.656016 0.112349         
37486592    .1329513334 .0000000195 .0001396424 .0000806225 -5100.000000 -5089.498696 10.501304 0.206333         
37748736    .1335860000 .0000000481 .0002193171 .0001266227 -4816.000000 -4814.598048 1.401952 0.029119         
38010880    .1346023333 .0000000174 .0001319090 .0000761576 -5520.000000 -5519.635055 0.364945 0.006612         
38273024    .1353226667 .0000000028 .0000529150 .0000305504 -5256.000000 -5253.643643 2.356357 0.044852         
38535168    .1363073334 .0000000235 .0001532970 .0000885060 -5492.000000 -5487.978868 4.021132 0.073272         
38797312    .1371360000 .0000000441 .0002100000 .0001212435 -5212.000000 -5206.178577 5.821423 0.111818         
39059456    .1379520000 .0000000037 .0000608276 .0000351188 -4576.000000 -4564.693012 11.306988 0.247705         
39321600    .1388173334 .0000000150 .0001224744 .0000707106 -5944.000000 -5929.142105 14.857895 0.250591         
39583744    .1395233334 .0000000538 .0002319482 .0001339153 -6164.000000 -6154.934338 9.065662 0.147291         
39845888    .1404256666 .0000000537 .0002317326 .0001337908 -5640.000000 -5632.092332 7.907668 0.140404         
40108032    .1416426666 .0000001386 .0003722902 .0002149418 -6648.000000 -6632.584382 15.415618 0.232422         
40370176    .1424513334 .0000000142 .0001191637 .0000687991 -6592.000000 -6574.175145 17.824855 0.271134         
40632320    .1428833333 .0000000544 .0002332380 .0001346600 -6320.000000 -6304.092052 15.907948 0.252343         
40894464    .1448456667 .0000016540 .0012860793 .0007425182 -6896.000000 -6877.039890 18.960110 0.275702         
41156608    .1447553334 .0000001584 .0003979949 .0002297824 -6672.000000 -6656.291658 15.708342 0.235992         
41418752    .1455796666 .0000001102 .0003319638 .0001916593 -6760.000000 -6744.708185 15.291815 0.226723         
41680896    .1467606666 .0000002033 .0004508880 .0002603203 -6496.000000 -6484.707453 11.292547 0.174141         
41943040    .1474143333 .0000000834 .0002887905 .0001667332 -5936.000000 -5934.918622 1.081378 0.018221         
42205184    .1484756666 .0000000362 .0001902629 .0001098483 -5928.000000 -5921.291202 6.708798 0.113300         
42467328    .1493333334 0 0 0 -5976.000000 -5964.760023 11.239977 0.188440         
42729472    .1501526666 .0000000080 .0000894427 .0000516397 -6512.000000 -6498.178551 13.821449 0.212697         
42991616    .1510826667 .0000000197 .0001403566 .0000810349 -7364.000000 -7349.506302 14.493698 0.197206         
43253760    .1517143333 .0000000693 .0002632489 .0001519868 -7432.000000 -7422.050061 9.949939 0.134059         
43515904    .1528916667 .0000000273 .0001652271 .0000953939 -7352.000000 -7338.075348 13.924652 0.189759         
43778048    .1538050000 .0000001698 .0004120679 .0002379075 -7528.000000 -7516.239298 11.760702 0.156471         
44040192    .1544373333 .0000000011 .0000331662 .0000191485 -7024.000000 -7013.629463 10.370537 0.147863         
44302336    .1553496666 .0000001258 .0003546829 .0002047762 -6608.000000 -6598.082383 9.917617 0.150311         
44564480    .1562430000 .0000000224 .0001496662 .0000864098 -6208.000000 -6198.151094 9.848906 0.158901         
44826624    .1569866666 .0000000063 .0000793725 .0000458257 -6072.000000 -6058.525256 13.474744 0.222410         
45088768    .1579220000 .0000000149 .0001220655 .0000704745 -5816.000000 -5799.149274 16.850726 0.290572         
45350912    .1585420000 .0000000944 .0003072458 .0001773884 -7000.000000 -6988.542643 11.457357 0.163945         
45613056    .1592876666 .0000000231 .0001519868 .0000877496 -6864.000000 -6848.722572 15.277428 0.223070         
45875200    .1605473334 .0000000800 .0002828427 .0001632993 -7248.000000 -7234.272651 13.727349 0.189754         
46137344    .1613870000 .0000000051 .0000714142 .0000412310 -8008.000000 -7992.329204 15.670796 0.196073         
46399488    .1623136666 .0000000025 .0000500000 .0000288675 -8184.000000 -8160.864221 23.135779 0.283497         
46661632    .1634206666 .0000000690 .0002626785 .0001516575 -8952.000000 -8926.885458 25.114542 0.281336         
46923776    .1637513333 .0000001401 .0003742993 .0002161018 -9256.000000 -9234.265641 21.734359 0.235366         
47185920    .1648386666 .0000000744 .0002727636 .0001574801 -9080.000000 -9064.664472 15.335528 0.169179         
47448064    .1655126667 .0000002032 .0004507771 .0002602562 -8824.000000 -8810.079106 13.920894 0.158011         
47710208    .1662623333 .0000000633 .0002515949 .0001452583 -8912.000000 -8897.428085 14.571915 0.163777         
47972352    .1673790000 .0000000016 .0000400000 .0000230940 -8608.000000 -8588.052012 19.947988 0.232276         
48234496    .1682236667 .0000000337 .0001835755 .0001059873 -8560.000000 -8550.651767 9.348233 0.109328         
48496640    .1689993334 .0000000228 .0001509966 .0000871779 -9024.000000 -9012.951635 11.048365 0.122583         
48758784    .1696650000 .0000000011 .0000331662 .0000191485 -8720.000000 -8702.306133 17.693867 0.203324         
49020928    .1706753334 .0000000422 .0002054263 .0001186029 -8880.000000 -8859.151232 20.848768 0.235336         
49283072    .1715840000 .0000000366 .0001913112 .0001104535 -9672.000000 -9651.316610 20.683390 0.214306         
49545216    .1722123333 .0000000198 .0001407124 .0000812403 -10088.000000 -10065.428374 22.571626 0.224249         
49807360    .1732993334 .0000000005 .0000223606 .0000129098 -9920.000000 -9905.429279 14.570721 0.147098         
50069504    .1743926667 .0000004300 .0006557438 .0003785938 -10288.000000 -10258.429024 29.570976 0.288260         
50331648    .1755360000 .0000001326 .0003641428 .0002102379 -10176.000000 -10158.027845 17.972155 0.176926         
50593792    .1757973333 .0000000233 .0001526433 .0000881286 -10464.000000 -10446.673545 17.326455 0.165856         
50855936    .1764950000 .0000001517 .0003894868 .0002248703 -10960.000000 -10953.725786 6.274214 0.057279         
51118080    .1775370000 .0000000613 .0002475883 .0001429451 -10872.000000 -10852.174558 19.825442 0.182686         
51380224    .1785730000 .0000000027 .0000519615 .0000299999 -10360.000000 -10340.444761 19.555239 0.189114         
51642368    .1792096667 .0000000438 .0002092844 .0001208304 -10344.000000 -10327.855266 16.144734 0.156322         
51904512    .1804223334 .0000000609 .0002467792 .0001424780 -10272.000000 -10251.761680 20.238320 0.197413         
52166656    .1808456666 .0000000684 .0002615339 .0001509966 -10928.000000 -10899.917633 28.082367 0.257638         
52428800    .1816363334 .0000000267 .0001634013 .0000943397 -11552.000000 -11527.907226 24.092774 0.208995         
52690944    .1830313334 .0000000455 .0002133072 .0001231529 -12056.000000 -12025.466439 30.533561 0.253907         
52953088    .1835970000 .0000000726 .0002694438 .0001555634 -12336.000000 -12316.691465 19.308535 0.156767         
53215232    .1844926667 .0000000630 .0002509980 .0001449137 -11488.000000 -11473.677413 14.322587 0.124830         
53477376    .1852770000 .0000001974 .0004442971 .0002565150 -11632.000000 -11613.455895 18.544105 0.159678         
53739520    .1859606667 .0000000009 .0000300000 .0000173205 -12288.000000 -12263.717011 24.282989 0.198007         
54001664    .1869420000 .0000002407 .0004906118 .0002832548 -11992.000000 -11968.716240 23.283760 0.194538         
54263808    .1881603334 .0000000074 .0000860232 .0000496655 -11520.000000 -11503.909263 16.090737 0.139872         
54525952    .1891946666 .0000001103 .0003321144 .0001917463 -11664.000000 -11651.430902 12.569098 0.107876         
54788096    .1895426666 .0000000064 .0000800000 .0000461880 -12736.000000 -12721.767819 14.232181 0.111873         
55050240    .1909240000 .0000007376 .0008588364 .0004958494 -13296.000000 -13277.940611 18.059389 0.136010         
55312384    .1912576666 .0000000254 .0001593737 .0000920144 -11392.000000 -11389.629468 2.370532 0.020813         
55574528    .1921486667 .0000000041 .0000640312 .0000369684 -10952.000000 -10948.580938 3.419062 0.031228         
55836672    .1931966667 .0000000123 .0001109053 .0000640312 -11752.000000 -11740.964103 11.035897 0.093995         
56098816    .1941313333 .0000000086 .0000927361 .0000535412 -11784.000000 -11776.810824 7.189176 0.061045         
56360960    .1951036666 .0000000184 .0001356465 .0000783155 -11216.000000 -11204.887683 11.112317 0.099174         
56623104    .1961610000 .0000001392 .0003730951 .0002154065 -11504.000000 -11492.406043 11.593957 0.100884         
56885248    .1963786667 .0000000441 .0002100000 .0001212435 -11408.000000 -11404.217785 3.782215 0.033165         
57147392    .1973260000 .0000000097 .0000984885 .0000568623 -11904.000000 -11903.896669 0.103331 0.000868         
57409536    .1981023333 .0000000038 .0000616441 .0000355902 -11456.000000 -11448.787614 7.212386 0.062997         
57671680    .1989053333 .0000000541 .0002325940 .0001342882 -10768.000000 -10774.959769 6.959769 0.064592         
57933824    .1999670000 .0000001301 .0003606937 .0002082466 -10160.000000 -10153.077738 6.922262 0.068179         
58195968    .2007543333 .0000000235 .0001532970 .0000885060 -9632.000000 -9630.931769 1.068231 0.011092         
58458112    .2017566666 .0000004207 .0006486139 .0003744774 -10136.000000 -10134.733159 1.266841 0.012500         
58720256    .2023573334 .0000000194 .0001392838 .0000804155 -10192.000000 -10192.849402 0.849402 0.008333         
58982400    .2034410000 .0000000717 .0002677685 .0001545962 -10384.000000 -10380.960243 3.039757 0.029282         
59244544    .2041750000 .0000000218 .0001476482 .0000852447 -10000.000000 -9983.074377 16.925623 0.169543         
59506688    .2053166667 .0000001444 .0003800000 .0002193931 -9624.000000 -9607.327573 16.672427 0.173539         
59768832    .2060106666 .0000000165 .0001284523 .0000741619 -9512.000000 -9499.684551 12.315449 0.129641         
60030976    .2066730000 .0000000453 .0002128379 .0001228820 -8960.000000 -8957.538935 2.461065 0.027475         
60293120    .2075840000 .0000004016 .0006337191 .0003658778 -8784.000000 -8775.663131 8.336869 0.095000         
60555264    .2085556666 .0000000296 .0001720465 .0000993310 -10232.000000 -10216.551709 15.448291 0.151208         
60817408    .2095330000 .0000000296 .0001720465 .0000993310 -10400.000000 -10385.758298 14.241702 0.137127         
61079552    .2113036667 .0000042146 .0020529490 .0011852706 -9568.000000 -9549.686800 18.313200 0.191768         
61341696    .2113066667 .0000000580 .0002408318 .0001390443 -9040.000000 -9026.027163 13.972837 0.154806         
61603840    .2120963333 .0000000141 .0001187434 .0000685565 -9840.000000 -9824.557545 15.442455 0.157182         
61865984    .2125890000 .0000001748 .0004180908 .0002413848 -9184.000000 -9179.107386 4.892614 0.053302         
62128128    .2138546667 .0000000130 .0001140175 .0000658280 -8304.000000 -8302.633298 1.366702 0.016461         
62390272    .2146506666 .0000000133 .0001153256 .0000665832 -8416.000000 -8413.841153 2.158847 0.025658         
62652416    .2154080000 .0000000792 .0002814249 .0001624807 -8112.000000 -8117.144020 5.144020 0.063372         
62914560    .2162846667 .0000000293 .0001711724 .0000988264 -7808.000000 -7799.869411 8.130589 0.104240         
63176704    .2170860000 .0000003892 .0006238589 .0003601851 -7556.000000 -7545.489223 10.510777 0.139299         
63438848    .2178996667 .0000000423 .0002056696 .0001187433 -7852.000000 -7838.621730 13.378270 0.170671         
63700992    .2193750000 .0000000216 .0001469693 .0000848527 -7856.000000 -7845.465458 10.534542 0.134276         
63963136    .2197036666 .0000000381 .0001951922 .0001126942 -8368.000000 -8370.266912 2.266912 0.027083         
64225280    .2205343334 .0000001358 .0003685105 .0002127596 -8368.000000 -8371.987187 3.987187 0.047625         
64487424    .2215210000 .0000000232 .0001523154 .0000879393 -8904.000000 -8904.256911 0.256911 0.002885         
64749568    .2223033334 .0000000044 .0000663324 .0000382970 -8688.000000 -8683.676833 4.323167 0.049785         
65011712    .2231796666 .0000000323 .0001797220 .0001037625 -8496.000000 -8489.941372 6.058628 0.071362         
65273856    .2237833333 .0000001073 .0003275667 .0001891207 -9120.000000 -9108.348145 11.651855 0.127925         
65536000    .2246196666 .0000000330 .0001816590 .0001048808 -9328.000000 -9325.476579 2.523421 0.027059         
65798144    .2256286667 .0000001014 .0003184336 .0001838477 -8824.000000 -8814.599615 9.400385 0.106646         
66060288    .2267190000 .0000000148 .0001216552 .0000702376 -8520.000000 -8503.555979 16.444021 0.193378         
66322432    .2272086666 .0000000255 .0001596871 .0000921953 -8672.000000 -8656.349849 15.650151 0.180794         
66584576    .2281773333 .0000000816 .0002856571 .0001649242 -8192.000000 -8176.866155 15.133845 0.185081         
66846720    .2293246666 .0000000033 .0000574456 .0000331662 -8156.000000 -8143.216225 12.783775 0.156987         
67108864    .2299626666 .0000000273 .0001652271 .0000953939 -8176.000000 -8162.977896 13.022104 0.159526         
67371008    .2311210000 .0000000793 .0002816025 .0001625832 -7948.000000 -7932.215513 15.784487 0.198992         
67633152    .2329196666 .0000048840 .0022099773 .0012759309 -8124.000000 -8115.110473 8.889527 0.109543         
67895296    .2327840000 .0000000251 .0001584297 .0000914694 -8928.000000 -8918.894170 9.105830 0.102096         
68157440    .2337176667 .0000000536 .0002315167 .0001336662 -9568.000000 -9564.165407 3.834593 0.040093         
68419584    .2343970000 .0000000142 .0001191637 .0000687991 -9936.000000 -9937.919005 1.919005 0.019310         
68681728    .2353246666 .0000000925 .0003041381 .0001755942 -9760.000000 -9760.952842 0.952842 0.009762         
68943872    .2360406666 .0000002631 .0005129327 .0002961418 -10416.000000 -10404.220225 11.779775 0.113221         
69206016    .2366100000 .0000000235 .0001532970 .0000885060 -10384.000000 -10374.671504 9.328496 0.089916         
69468160    .2372993333 .0000000565 .0002376972 .0001372345 -10248.000000 -10235.736090 12.263910 0.119815         
69730304    .2382410000 .0000000397 .0001992485 .0001150361 -10608.000000 -10587.214752 20.785248 0.196324         
69992448    .2393343333 .0000000831 .0002882707 .0001664331 -10384.000000 -10372.641101 11.358899 0.109508         
70254592    .2403060000 .0000000996 .0003155946 .0001822086 -9800.000000 -9800.575770 0.575770 0.005875         
70516736    .2413213334 .0000003574 .0005978294 .0003451569 -9936.000000 -9938.191302 2.191302 0.022049         
70778880    .2419010000 .0000000488 .0002209072 .0001275408 -9328.000000 -9324.035906 3.964094 0.042515         
71041024    .2427903333 .0000001177 .0003430743 .0001980740 -9488.000000 -9488.080084 0.080084 0.000844         
71303168    .2438880000 .0000000170 .0001303840 .0000752772 -8576.000000 -8576.873334 0.873334 0.010182         
71565312    .2444520000 .0000001219 .0003491418 .0002015771 -8768.000000 -8771.110037 3.110037 0.035458         
71827456    .2452893334 .0000000164 .0001280624 .0000739368 -8368.000000 -8363.630513 4.369487 0.052244         
72089600    .2464406667 .0000001976 .0004445222 .0002566450 -8164.000000 -8149.873149 14.126851 0.173338         
72351744    .2471573334 .0000000295 .0001717556 .0000991631 -9040.000000 -9034.839295 5.160705 0.057120         
72613888    .2480916667 .0000000401 .0002002498 .0001156142 -8440.000000 -8436.679586 3.320414 0.039357         
72876032    .2487863333 .0000000537 .0002317326 .0001337908 -7668.000000 -7665.390766 2.609234 0.034039         
73138176    .2503506667 .0000005616 .0007493997 .0004326661 -7336.000000 -7336.843805 0.843805 0.011501         
73400320    .2506740000 .0000000256 .0001600000 .0000923760 -6836.000000 -6837.983478 1.983478 0.029007         
73662464    .2510453334 .0000000156 .0001248999 .0000721109 -6744.000000 -6745.145595 1.145595 0.016984         
73924608    .2522250000 .0000000374 .0001933907 .0001116541 -6948.000000 -6950.126218 2.126218 0.030593         
74186752    .2531773334 .0000000994 .0003152776 .0001820256 -5708.000000 -5714.624351 6.624351 0.115919         
74448896    .2541703334 .0000001091 .0003303028 .0001907004 -6164.000000 -6171.036009 7.036009 0.114017         
74711040    .2550943333 .0000000009 .0000300000 .0000173205 -6200.000000 -6196.208971 3.791029 0.061183         
74973184    .2557246667 .0000000261 .0001615549 .0000932737 -5416.000000 -5413.348974 2.651026 0.048972         
75235328    .2565663334 .0000002054 .0004532107 .0002616613 -5956.000000 -5970.575711 14.575711 0.244126         
75497472    .2575413333 .0000000599 .0002447447 .0001413034 -6520.000000 -6527.639918 7.639918 0.117040         
75759616    .2582976667 .0000000090 .0000948683 .0000547722 -6656.000000 -6665.177746 9.177746 0.137697         
76021760    .2592746666 .0000005671 .0007530604 .0004347796 -6176.000000 -6182.689492 6.689492 0.108197         
76283904    .2605220000 .0000000698 .0002641968 .0001525340 -5572.000000 -5583.345374 11.345374 0.203200         
76546048    .2607753334 .0000000134 .0001157583 .0000668330 -4692.000000 -4696.016239 4.016239 0.085524         
76808192    .2619136666 .0000000050 .0000707106 .0000408247 -5608.000000 -5621.123219 13.123219 0.233463         
77070336    .2627616666 .0000000148 .0001216552 .0000702376 -5664.000000 -5677.502063 13.502063 0.237817         
77332480    .2636480000 .0000000684 .0002615339 .0001509966 -6368.000000 -6375.562047 7.562047 0.118610         
77594624    .2643466666 .0000000885 .0002974894 .0001717555 -6536.000000 -6542.043959 6.043959 0.092386         
77856768    .2653313334 .0000000703 .0002651414 .0001530794 -6280.000000 -6290.902878 10.902878 0.173312         
78118912    .2660736667 .0000000642 .0002533771 .0001462873 -6336.000000 -6345.624643 9.624643 0.151674         
78381056    .2666883333 .0000000516 .0002271563 .0001311487 -6968.000000 -6970.520940 2.520940 0.036166         
78643200    .2676716666 .0000000881 .0002968164 .0001713670 -6896.000000 -6896.875534 0.875534 0.012695         
78905344    .2686720000 .0000000266 .0001630950 .0000941629 -6524.000000 -6529.680733 5.680733 0.086999         
79167488    .2696416666 .0000001085 .0003293933 .0001901753 -6048.000000 -6051.901750 3.901750 0.064471         
79429632    .2704353334 .0000000249 .0001577973 .0000911043 -4948.000000 -4956.786123 8.786123 0.177254         
79691776    .2713046666 .0000000092 .0000959166 .0000553774 -5868.000000 -5877.577291 9.577291 0.162946         
79953920    .2722016666 .0000002371 .0004869291 .0002811286 -5644.000000 -5656.668099 12.668099 0.223950         
80216064    .2730783333 .0000000150 .0001224744 .0000707106 -6128.000000 -6127.449754 0.550246 0.008980         
80478208    .2739326666 .0000000125 .0001118033 .0000645496 -6960.000000 -6955.543820 4.456180 0.064067         
80740352    .2747840000 .0000000257 .0001603121 .0000925562 -7672.000000 -7666.084895 5.915105 0.077159         
81002496    .2756010000 .0000000878 .0002963106 .0001710750 -7328.000000 -7315.983408 12.016592 0.164251         
81264640    .2763466666 .0000000680 .0002607680 .0001505544 -7272.000000 -7256.490978 15.509022 0.213726         
81526784    .2772576666 .0000001399 .0003740320 .0002159474 -6984.000000 -6984.568392 0.568392 0.008138         
81788928    .2781153333 .0000000230 .0001516575 .0000875594 -7992.000000 -7998.598089 6.598089 0.082491         
82051072    .2786623333 .0000000487 .0002206807 .0001274100 -6992.000000 -6987.544022 4.455978 0.063770         
82313216    .2798026666 .0000000929 .0003047950 .0001759734 -7052.000000 -7044.747155 7.252845 0.102954         
82575360    .2807670000 .0000000495 .0002224859 .0001284522 -6880.000000 -6870.770956 9.229044 0.134323         
82837504    .2818346667 .0000000078 .0000883176 .0000509901 -6544.000000 -6546.874494 2.874494 0.043906         
83099648    .2826083333 .0000001787 .0004227292 .0002440628 -6776.000000 -6773.177665 2.822335 0.041669         
83361792    .2833643333 .0000001381 .0003716180 .0002145537 -6224.000000 -6217.768258 6.231742 0.100225         
83623936    .2839283334 .0000000355 .0001884144 .0001087811 -6104.000000 -6089.331053 14.668947 0.240896         
83886080    .2853256667 .0000000598 .0002445403 .0001411854 -6044.000000 -6034.306197 9.693803 0.160645         
84148224    .2859093334 .0000000302 .0001737814 .0001003327 -5772.000000 -5767.720599 4.279401 0.074196         
84410368    .2868010000 .0000000086 .0000927361 .0000535412 -5576.000000 -5573.673351 2.326649 0.041744         
84672512    .2876586667 .0000000793 .0002816025 .0001625832 -5800.000000 -5799.661146 0.338854 0.005843         
84934656    .2884213333 .0000000304 .0001743559 .0001006644 -5960.000000 -5964.131750 4.131750 0.069277         
85196800    .2893973334 .0000000087 .0000932737 .0000538515 -6640.000000 -6643.633486 3.633486 0.054691         
85458944    .2901576667 .0000000417 .0002042057 .0001178982 -6656.000000 -6668.090100 12.090100 0.181313         
85721088    .2911990000 .0000000414 .0002034698 .0001174733 -5776.000000 -5788.725207 12.725207 0.219827         
85983232    .2917463333 .0000001254 .0003541186 .0002044504 -5744.000000 -5758.752029 14.752029 0.256167         
86245376    .2929846667 .0000000063 .0000793725 .0000458257 -4348.000000 -4364.319422 16.319422 0.373928         
86507520    .2936703334 .0000000498 .0002231591 .0001288409 -4400.000000 -4405.078470 5.078470 0.115287         
86769664    .2942566667 .0000000312 .0001766352 .0001019803 -4480.000000 -4497.434337 17.434337 0.387651         
87031808    .2950506666 .0000000265 .0001627882 .0000939858 -4000.000000 -4026.201031 26.201031 0.650763         
87293952    .2961973333 .0000000812 .0002849561 .0001645194 -3552.000000 -3556.219941 4.219941 0.118664         
87556096    .2971210000 .0000000477 .0002184032 .0001260951 -3784.000000 -3787.914753 3.914753 0.103348         
87818240    .2979390000 .0000001914 .0004374928 .0002525865 -4364.000000 -4380.555856 16.555856 0.377940         
88080384    .2990090000 .0000001385 .0003721558 .0002148642 -5524.000000 -5540.201616 16.201616 0.292437         
88342528    .2997300000 .0000002188 .0004677606 .0002700617 -6248.000000 -6260.701294 12.701294 0.202873         
88604672    .3004970000 .0000000008 .0000282842 .0000163298 -6240.000000 -6251.559253 11.559253 0.184902         
88866816    .3013553333 .0000001295 .0003598610 .0002077658 -6072.000000 -6090.275976 18.275976 0.300085         
89128960    .3024033334 .0000000321 .0001791647 .0001034407 -5848.000000 -5867.850490 19.850490 0.338292         
89391104    .3030153334 .0000000308 .0001754992 .0001013245 -6776.000000 -6798.533966 22.533966 0.331453         
89653248    .3039723333 .0000000218 .0001476482 .0000852447 -7944.000000 -7960.931231 16.931231 0.212679         
89915392    .3045943334 .0000000049 .0000700000 .0000404145 -7120.000000 -7130.162501 10.162501 0.142528         
90177536    .3056256666 .0000000286 .0001691153 .0000976387 -7008.000000 -7029.358158 21.358158 0.303842         
90439680    .3064106667 .0000001034 .0003215587 .0001856520 -7176.000000 -7198.838654 22.838654 0.317255         
90701824    .3071883333 .0000001375 .0003708099 .0002140871 -6992.000000 -7012.003699 20.003699 0.285278         
90963968    .3083456667 .0000000201 .0001417744 .0000818534 -6628.000000 -6641.229949 13.229949 0.199209         
91226112    .3092136666 .0000000369 .0001920937 .0001109053 -6480.000000 -6499.083328 19.083328 0.293631         
91488256    .3102520000 .0000000032 .0000565685 .0000326598 -5424.000000 -5437.647338 13.647338 0.250979         
91750400    .3111360000 .0000000121 .0001100000 .0000635085 -5928.000000 -5952.700696 24.700696 0.414949         
92012544    .3117590000 .0000000026 .0000509901 .0000294391 -5448.000000 -5462.155909 14.155909 0.259163         
92274688    .3125556666 .0000000140 .0001183215 .0000683129 -5920.000000 -5923.543299 3.543299 0.059817         
92536832    .3134176667 .0000000480 .0002190890 .0001264910 -6048.000000 -6060.167102 12.167102 0.200772         
92798976    .3144256667 .0000004722 .0006871681 .0003967366 -5592.000000 -5602.478058 10.478058 0.187025         
93061120    .3148073333 .0000000042 .0000648074 .0000374165 -6468.000000 -6473.505511 5.505511 0.085047         
93323264    .3163210000 .0000004129 .0006425729 .0003709896 -6272.000000 -6277.282146 5.282146 0.084147         
93585408    .3167553333 .0000000176 .0001326649 .0000765941 -6152.000000 -6167.876168 15.876168 0.257401         
93847552    .3179530000 .0000000152 .0001232882 .0000711804 -6776.000000 -6782.524375 6.524375 0.096194         
94109696    .3188563333 .0000002442 .0004941659 .0002853068 -6352.000000 -6358.126086 6.126086 0.096350         
94371840    .3201236667 .0000000144 .0001200000 .0000692820 -5808.000000 -5822.764064 14.764064 0.253558         
94633984    .3201600000 .0000000209 .0001445683 .0000834665 -6088.000000 -6090.267895 2.267895 0.037238         
94896128    .3213813333 .0000000790 .0002810693 .0001622754 -5720.000000 -5711.037408 8.962592 0.156935         
95158272    .3220530000 .0000000267 .0001634013 .0000943397 -5504.000000 -5494.598708 9.401292 0.171101         
95420416    .3228106666 .0000000372 .0001928730 .0001113552 -6640.000000 -6621.818781 18.181219 0.274565         
95682560    .3240150000 .0000001212 .0003481379 .0002009975 -7112.000000 -7088.175622 23.824378 0.336114         
95944704    .3244766666 .0000000624 .0002497999 .0001442220 -7048.000000 -7027.860998 20.139002 0.286559         
96206848    .3254476667 .0000000877 .0002961418 .0001709775 -6632.000000 -6616.264632 15.735368 0.237829         
96468992    .3261846666 .0000000001 .0000100000 .0000057735 -6772.000000 -6750.932439 21.067561 0.312069         
96731136    .3272533334 .0000000099 .0000994987 .0000574456 -6876.000000 -6855.723891 20.276109 0.295754         
96993280    .3280983333 .0000000296 .0001720465 .0000993310 -7664.000000 -7641.647686 22.352314 0.292506         
97255424    .3287413333 .0000001129 .0003360059 .0001939930 -7232.000000 -7204.477719 27.522281 0.382016         
97517568    .3295766666 .0000000019 .0000435889 .0000251660 -6288.000000 -6276.341553 11.658447 0.185752         
97779712    .3304020000 .0000001463 .0003824918 .0002208317 -6164.000000 -6150.070866 13.929134 0.226487         
98041856    .3315283333 .0000000242 .0001555634 .0000898145 -6508.000000 -6487.155402 20.844598 0.321321         
98304000    .3321546667 .0000000455 .0002133072 .0001231529 -6132.000000 -6103.362177 28.637823 0.469214         
98566144    .3334366667 .0000001501 .0003874274 .0002236813 -7156.000000 -7127.924295 28.075705 0.393883         
98828288    .3340373333 .0000000393 .0001982422 .0001144551 -6472.000000 -6436.530597 35.469403 0.551064         
99090432    .3349430000 .0000001328 .0003644173 .0002103964 -6496.000000 -6460.812877 35.187123 0.544624         
99352576    .3357140000 .0000003566 .0005971599 .0003447704 -6592.000000 -6561.481330 30.518670 0.465119         
99614720    .3363390000 .0000000374 .0001933907 .0001116541 -5880.000000 -5848.807375 31.192625 0.533316         
99876864    .3376893334 .0000004973 .0007051950 .0004071445 -5128.000000 -5105.294737 22.705263 0.444740         
100139008    .3383636666 .0000000111 .0001053565 .0000608276 -4984.000000 -4946.912842 37.087158 0.749703         
100401152    .3392833334 .0000000079 .0000888819 .0000513159 -4552.000000 -4532.965738 19.034262 0.419907         
100663296    .3402176667 .0000000708 .0002660826 .0001536228 -4808.000000 -4789.807591 18.192409 0.379815         
100925440    .3406163334 .0000002525 .0005024937 .0002901148 -5560.000000 -5551.918049 8.081951 0.145570         
101187584    .3414996666 .0000000005 .0000223606 .0000129098 -4632.000000 -4612.248997 19.751003 0.428229         
101449728    .3431476666 .0000000560 .0002366431 .0001366259 -4360.000000 -4339.081345 20.918655 0.482099         
101711872    .3435383334 .0000001519 .0003897435 .0002250185 -3080.000000 -3066.522958 13.477042 0.439489         
101974016    .3443156667 .0000000258 .0001606237 .0000927361 -2752.000000 -2745.292487 6.707513 0.244328         
102236160    .3451946667 .0000000270 .0001643167 .0000948682 -3076.000000 -3057.759701 18.240299 0.596525         
102498304    .3458110000 .0000000596 .0002441311 .0001409491 -3696.000000 -3663.467930 32.532070 0.888013         
102760448    .3468630000 .0000000763 .0002762245 .0001594782 -4168.000000 -4127.779121 40.220879 0.974395         
103022592    .3480523334 .0000000977 .0003125699 .0001804623 -4124.000000 -4084.326698 39.673302 0.971355         
103284736    .3487403333 .0000000003 .0000173205 .0000099999 -3896.000000 -3848.952573 47.047427 1.222344         
103546880    .3492863333 .0000001997 .0004468780 .0002580051 -4500.000000 -4460.020657 39.979343 0.896394         
103809024    .3505356667 .0000000300 .0001732050 .0000999999 -4556.000000 -4518.340357 37.659643 0.833484         
104071168    .3510643334 .0000000021 .0000458257 .0000264574 -3544.000000 -3512.515148 31.484852 0.896362         
104333312    .3518860000 .0000000701 .0002647640 .0001528615 -3656.000000 -3636.150194 19.849806 0.545902         
104595456    .3529266667 .0000000004 .0000200000 .0000115470 -3600.000000 -3568.907721 31.092279 0.871199         
104857600    .3537546666 .0000000388 .0001969771 .0001137247 -4028.000000 -3998.287105 29.712895 0.743141         
 
