262144  512  1  0.5     .0130893334 .0000002144 .0004630334 .0002673324 -944.477417 -944.171557 0.305860 0.032395         
524288  512  1  0.5     .0139056667 .0000000085 .0000921954 .0000532290 -972.810425 -972.777712 0.032713 0.003363         
786432  512  1  0.5     .0147516666 .0000000878 .0002963106 .0001710750 -328.296021 -327.918323 0.377697 0.115180         
1048576  512  1  0.5     .0158200000 .0000000006 .0000244948 .0000141420 15.777405 16.512779 0.735374 4.453364         
1310720  512  1  0.5     .0171113333 .0000000026 .0000509901 .0000294391 242.459412 242.332150 0.127262 0.052515         
1572864  512  1  0.5     .0179573333 .0000000026 .0000509901 .0000294391 428.940063 428.806930 0.133134 0.031047         
1835008  512  1  0.5     .0189216666 .0000000058 .0000761577 .0000439696 753.130127 753.843669 0.713542 0.094654         
2097152  512  1  0.5     .0199310000 .0000000006 .0000244948 .0000141420 1220.139160 1220.622352 0.483192 0.039586         
2359296  512  1  0.5     .0210440000 .0000000085 .0000921954 .0000532290 1124.348999 1125.179071 0.830072 0.073772         
2621440  512  1  0.5     .0221866667 .0000001117 .0003342154 .0001929593 1106.012207 1106.597654 0.585447 0.052905         
2883584  512  1  0.5     .0234333334 .0000002006 .0004478839 .0002585858 1321.321899 1322.568957 1.247058 0.094291         
3145728  512  1  0.5     .0245463334 .0000000245 .0001565247 .0000903695 1598.767822 1599.764756 0.996933 0.062317         
3407872  512  1  0.5     .0281823334 .0000001248 .0003532704 .0002039607 2066.644775 2067.175513 0.530738 0.025675         
3670016  512  1  0.5     .0302156667 .0000002662 .0005159457 .0002978813 2150.975586 2150.637510 0.338076 0.015720         
3932160  512  1  0.5     .0306456666 .0000000106 .0001029563 .0000594418 2826.043701 2825.436924 0.606778 0.021476         
4194304  512  1  0.5     .0322340000 .0000001029 .0003207802 .0001852025 2713.810547 2713.422775 0.387772 0.014291         
4456448  512  1  0.5     .0330353334 .0000000416 .0002039607 .0001177567 2396.675781 2396.560960 0.114821 0.004791         
4718592  512  1  0.5     .0346083333 .0000002402 .0004901020 .0002829605 1686.659912 1686.863261 0.203349 0.012055         
4980736  512  1  0.5     .0352313334 .0000000026 .0000509901 .0000294391 1877.048828 1877.801715 0.752887 0.040094         
5242880  512  1  0.5     .0367303334 .0000000733 .0002707397 .0001563116 1057.908936 1059.229657 1.320721 0.124687         
5505024  512  1  0.5     .0378286667 .0000000205 .0001431782 .0000826639 78.124512 78.815752 0.691240 0.877033         
5767168  512  1  0.5     .0389416667 .0000000086 .0000927361 .0000535412 538.551758 538.907103 0.355346 0.065938         
6029312  512  1  0.5     .0403070000 .0000000164 .0001280624 .0000739368 675.759033 676.133452 0.374419 0.055376         
6291456  512  1  0.5     .0416276667 .0000000731 .0002703701 .0001560982 707.749023 708.077335 0.328312 0.046367         
6553600  512  1  0.5     .0428890000 .0000000045 .0000670820 .0000387298 1330.473877 1331.119084 0.645207 0.048471         
6815744  512  1  0.5     .0439430000 .0000000257 .0001603121 .0000925562 1325.946777 1326.931428 0.984651 0.074205         
7077888  512  1  0.5     .0451450000 .0000000377 .0001941648 .0001121010 517.253174 518.582014 1.328840 0.256245         
7340032  512  1  0.5     .0464066666 .0000000918 .0003029851 .0001749285 1284.395020 1286.741372 2.346353 0.182348         
7602176  512  1  0.5     .0472970000 .0000000045 .0000670820 .0000387298 1659.370850 1661.391260 2.020410 0.121610         
7864320  512  1  0.5     .0487663333 .0000000739 .0002718455 .0001569500 1458.992188 1460.453419 1.461232 0.100053         
8126464  512  1  0.5     .0496566667 .0000000678 .0002603843 .0001503329 2024.683594 2026.492956 1.809362 0.089285         
8388608  512  1  0.5     .0509920000 .0000000600 .0002449489 .0001414213 2136.532959 2139.030525 2.497566 0.116762         
8650752  512  1  0.5     .0524020000 .0000001130 .0003361547 .0001940790 1617.548340 1620.544739 2.996400 0.184901         
8912896  512  1  0.5     .0534410000 .0000000403 .0002007485 .0001159022 1721.883545 1724.367041 2.483496 0.144024         
9175040  512  1  0.5     .0548356666 .0000000818 .0002860069 .0001651261 690.208740 692.285004 2.076264 0.299915         
9437184  512  1  0.5     .0555633333 .0000000258 .0001606237 .0000927361 456.508301 458.145199 1.636899 0.357288         
9699328  512  1  0.5     .0569283333 .0000000322 .0001794435 .0001036017 518.846436 520.140402 1.293966 0.248773         
9961472  512  1  0.5     .0579226666 .0000000137 .0001170469 .0000675770 971.884766 973.234013 1.349247 0.138635         
10223616  512  1  0.5     .0592436666 .0000000422 .0002054263 .0001186029 879.461914 880.612918 1.151004 0.130705         
10485760  512  1  0.5     .0601933333 .0000000139 .0001178982 .0000680685 684.017090 685.126199 1.109109 0.161884         
10747904  512  1  0.5     .0616480000 .0000000085 .0000921954 .0000532290 1366.607422 1368.146598 1.539176 0.112501         
11010048  512  1  0.5     .0628496667 .0000000026 .0000509901 .0000294391 1412.228027 1413.862728 1.634701 0.115619         
11272192  512  1  0.5     .0637256667 .0000000046 .0000678232 .0000391577 1266.471191 1267.930909 1.459718 0.115126         
11534336  512  1  0.5     .0654620000 .0000016857 .0012983451 .0007495998 993.501465 994.626349 1.124884 0.113096         
11796480  512  1  0.5     .0660110000 .0000000045 .0000670820 .0000387298 1262.243896 1262.475385 0.231488 0.018336         
12058624  512  1  0.5     .0673760000 .0000000243 .0001558845 .0000899999 1153.020020 1153.010815 0.009205 0.000798         
12320768  512  1  0.5     .0684890000 .0000000045 .0000670820 .0000387298 668.437012 668.549385 0.112373 0.016809         
12582912  512  1  0.5     .0697953334 .0000000124 .0001113552 .0000642909 932.723389 932.964447 0.241058 0.025838         
12845056  512  1  0.5     .0707896667 .0000000137 .0001170469 .0000675770 854.431641 854.093387 0.338254 0.039604         
13107200  512  1  0.5     .0719770000 .0000000284 .0001685229 .0000972967 1989.020752 1988.606004 0.414748 0.020856         
13369344  512  1  0.5     .0730753333 .0000000026 .0000509901 .0000294391 2664.940430 2665.218412 0.277982 0.010430         
13631488  512  1  0.5     .0740693333 .0000000046 .0000678232 .0000391577 3267.128906 3267.339271 0.210365 0.006438         
13893632  512  1  0.5     .0755236666 .0000000323 .0001797220 .0001037625 3094.685791 3094.411728 0.274063 0.008857         
14155776  512  1  0.5     .0768740000 .0000001711 .0004136423 .0002388164 2252.437012 2251.445917 0.991095 0.044020         
14417920  512  1  0.5     .0777793333 .0000000614 .0002477902 .0001430617 2679.525391 2677.686083 1.839308 0.068690         
14680064  512  1  0.5     .0793230000 .0000000839 .0002896549 .0001672323 2464.983887 2463.309319 1.674568 0.067980         
14942208  512  1  0.5     .0801246667 .0000000184 .0001356465 .0000783155 3261.318604 3259.733503 1.585100 0.048627         
15204352  512  1  0.5     .0814600000 .0000000403 .0002007485 .0001159022 3028.234131 3026.656530 1.577601 0.052124         
15466496  512  1  0.5     .0827510000 .0000001137 .0003371943 .0001946792 2826.184570 2825.110528 1.074042 0.038018         
15728640  512  1  0.5     .0835226667 .0000000416 .0002039607 .0001177567 3505.328369 3504.732574 0.595795 0.017000         
15990784  512  1  0.5     .0850956666 .0000000244 .0001562049 .0000901849 4284.747070 4284.057122 0.689948 0.016105         
16252928  512  1  0.5     .0862240000 .0000000045 .0000670820 .0000387298 3498.105957 3497.418606 0.687351 0.019653         
16515072  512  1  0.5     .0874553334 .0000000343 .0001852025 .0001069267 4069.161133 4068.333801 0.827332 0.020336         
16777216  512  1  0.5     .0885243333 .0000000184 .0001356465 .0000783155 3452.550293 3451.306462 1.243831 0.036039         
17039360  512  1  0.5     .0896666667 .0000000258 .0001606237 .0000927361 3416.364258 3415.560654 0.803604 0.023528         
17301504  512  1  0.5     .0910320000 .0000000006 .0000244948 .0000141420 3525.572754 3524.454361 1.118393 0.031732         
17563648  512  1  0.5     .0921006667 .0000000818 .0002860069 .0001651261 2821.038086 2819.750138 1.287948 0.045676         
17825792  512  1  0.5     .0930353334 .0000000085 .0000921954 .0000532290 3032.916260 3031.613117 1.303143 0.042985         
18087936  512  1  0.5     .0943563334 .0000001395 .0003734969 .0002156385 3437.634033 3436.832428 0.801606 0.023324         
18350080  512  1  0.5     .0954696666 .0000000124 .0001113552 .0000642909 3594.692627 3594.132306 0.560321 0.015590         
18612224  512  1  0.5     .0963750000 .0000000324 .0001800000 .0001039230 2661.828857 2661.163872 0.664986 0.024989         
18874368  512  1  0.5     .0975470000 .0000000237 .0001539480 .0000888819 2367.300293 2365.690688 1.609605 0.068040         
19136512  512  1  0.5     .0992686666 .0000000483 .0002197726 .0001268857 2828.571289 2826.867458 1.703831 0.060273         
19398656  512  1  0.5     .1000846666 .0000000019 .0000435889 .0000251660 2800.208496 2798.453602 1.754894 0.062709         
19660800  512  1  0.5     .1016726667 .0000000422 .0002054263 .0001186029 2124.688965 2122.144593 2.544371 0.119896         
19922944  512  1  0.5     .1024446667 .0000000019 .0000435889 .0000251660 2552.438965 2549.761262 2.677703 0.105018         
20185088  512  1  0.5     .1034540000 .0000000125 .0001118033 .0000645496 2258.745605 2256.291316 2.454290 0.108775         
20447232  512  1  0.5     .1046706667 .0000000556 .0002357965 .0001361371 2263.292969 2261.107109 2.185859 0.096672         
20709376  512  1  0.5     .1061400000 .0000001805 .0004248529 .0002452889 1980.944824 1978.228986 2.715838 0.137286         
20971520  512  1  0.5     .1069563334 .0000000184 .0001356465 .0000783155 1720.216797 1717.939750 2.277047 0.132545         
21233664  512  1  0.5     .1081433334 .0000000019 .0000435889 .0000251660 2354.525391 2351.802048 2.723343 0.115798         
21495808  512  1  0.5     .1093306667 .0000000105 .0001024695 .0000591607 3168.859863 3165.953088 2.906775 0.091814         
21757952  512  1  0.5     .1106070000 .0000000503 .0002242766 .0001294861 3433.502441 3430.018750 3.483692 0.101565         
22020096  512  1  0.5     .1118683334 .0000000323 .0001797220 .0001037625 4148.536621 4145.585061 2.951560 0.071198         
22282240  512  1  0.5     .1132336667 .0000000878 .0002963106 .0001710750 4676.888184 4673.653392 3.234792 0.069213         
22544384  512  1  0.5     .1141683334 .0000000184 .0001356465 .0000783155 3943.823730 3940.811686 3.012044 0.076432         
22806528  512  1  0.5     .1152370000 .0000000125 .0001118033 .0000645496 4486.345215 4483.558675 2.786540 0.062150         
23068672  512  1  0.5     .1163203333 .0000000085 .0000921954 .0000532290 4782.163574 4779.600764 2.562810 0.053620         
23330816  512  1  0.5     .1175816667 .0000001130 .0003361547 .0001940790 4603.477051 4601.271962 2.205089 0.047923         
23592960  512  1  0.5     .1187843333 .0000000059 .0000768114 .0000443470 4619.678711 4618.110744 1.567967 0.033953         
23855104  512  1  0.5     .1199116667 .0000000800 .0002828427 .0001632993 4311.755859 4310.008204 1.747655 0.040549         
24117248  512  1  0.5     .1212473334 .0000001768 .0004204759 .0002427618 4212.823242 4211.177373 1.645869 0.039083         
24379392  512  1  0.5     .1226426667 .0000000722 .0002687005 .0001551343 3851.014648 3849.394059 1.620589 0.042100         
24641536  512  1  0.5     .1238443333 .0000001117 .0003342154 .0001929593 3487.804199 3486.325589 1.478610 0.042412         
24903680  512  1  0.5     .1249130000 .0000004998 .0007069653 .0004081666 3679.138184 3676.919102 2.219082 0.060352         
25165824  512  1  0.5     .1257293334 .0000000019 .0000435889 .0000251660 2960.192871 2958.162034 2.030837 0.068652         
25427968  512  1  0.5     .1270503334 .0000000006 .0000244948 .0000141420 2907.599365 2906.062847 1.536518 0.052873         
25690112  512  1  0.5     .1281930000 .0000000403 .0002007485 .0001159022 3445.801514 3444.719396 1.082117 0.031414         
25952256  512  1  0.5     .1291576667 .0000000416 .0002039607 .0001177567 3574.317627 3573.414552 0.903075 0.025272         
26214400  512  1  0.5     .1302113334 .0000000283 .0001682260 .0000971253 2690.823975 2690.466946 0.357028 0.013270         
26476544  512  1  0.5     .1317843334 .0000000138 .0001174734 .0000678232 2639.381592 2639.222057 0.159534 0.006045         
26738688  512  1  0.5     .1331200000 .0000000078 .0000883176 .0000509901 2741.086426 2739.954510 1.131916 0.041311         
27000832  512  1  0.5     .1340103333 .0000000139 .0001178982 .0000680685 2454.345703 2453.420430 0.925274 0.037714         
27262976  512  1  0.5     .1349896667 .0000000059 .0000768114 .0000443470 3084.910156 3083.836779 1.073378 0.034807         
27525120  512  1  0.5     .1364146666 .0000001208 .0003475629 .0002006655 3315.725098 3315.084117 0.640980 0.019335         
27787264  512  1  0.5     .1377206666 .0000001153 .0003395585 .0001960441 3985.898193 3985.519209 0.378985 0.009509         
28049408  512  1  0.5     .1387146666 .0000000342 .0001849324 .0001067707 5189.552734 5188.597671 0.955063 0.018407         
28311552  512  1  0.5     .1397390000 .0000000403 .0002007485 .0001159022 4101.763184 4101.061114 0.702070 0.017119         
28573696  512  1  0.5     .1413413334 .0000000800 .0002828427 .0001632993 3856.631348 3856.220560 0.410787 0.010653         
28835840  512  1  0.5     .1426183334 .0000000660 .0002569046 .0001483239 4234.916016 4234.543648 0.372368 0.008794         
29097984  512  1  0.5     .1435976667 .0000000046 .0000678232 .0000391577 4599.679199 4598.945216 0.733983 0.015960         
29360128  512  1  0.5     .1446806667 .0000000026 .0000509901 .0000294391 4351.857910 4351.682566 0.175344 0.004029         
29622272  512  1  0.5     .1458383333 .0000000244 .0001562049 .0000901849 4482.437988 4482.134366 0.303622 0.006774         
29884416  512  1  0.5     .1470996667 .0000000257 .0001603121 .0000925562 4545.031738 4544.819753 0.211985 0.004664         
30146560  512  1  0.5     .1482573333 .0000001033 .0003214031 .0001855621 5226.676270 5226.548905 0.127364 0.002437         
30408704  512  1  0.5     .1491476667 .0000000137 .0001170469 .0000675770 5022.842773 5022.297535 0.545238 0.010856         
30670848  512  1  0.5     .1503350000 .0000000006 .0000244948 .0000141420 4454.616211 4454.197591 0.418620 0.009398         
30932992  512  1  0.5     .1514630000 .0000000079 .0000888819 .0000513159 4496.738281 4496.358906 0.379375 0.008437         
31195136  512  1  0.5     .1528730000 .0000000601 .0002451530 .0001415391 4925.001465 4923.881854 1.119611 0.022738         
31457280  512  1  0.5     .1540153333 .0000000976 .0003124099 .0001803699 4183.157227 4182.141111 1.016116 0.024297         
31719424  512  1  0.5     .1552323334 .0000000085 .0000921954 .0000532290 3538.309570 3537.342513 0.967058 0.027339         
31981568  512  1  0.5     .1565236667 .0000000184 .0001356465 .0000783155 2990.751953 2989.753422 0.998531 0.033398         
32243712  512  1  0.5     .1573546667 .0000001614 .0004017461 .0002319482 3589.291016 3588.057814 1.233201 0.034370         
32505856  512  1  0.5     .1584973333 .0000000414 .0002034698 .0001174733 3226.048828 3224.418230 1.630598 0.050570         
32768000  512  1  0.5     .1599070000 .0000001156 .0003400000 .0001962990 3646.446777 3644.444117 2.002660 0.054951         
33030144  512  1  0.5     .1609756666 .0000000184 .0001356465 .0000783155 4007.319336 4004.619983 2.699353 0.067406         
33292288  512  1  0.5     .1620443334 .0000002663 .0005160426 .0002979373 4228.646484 4225.336555 3.309930 0.078335         
33554432  512  1  0.5     .1632763333 .0000000184 .0001356465 .0000783155 4446.347168 4442.815521 3.531647 0.079491         
33816576  512  1  0.5     .1645226667 .0000000678 .0002603843 .0001503329 3251.140137 3247.754727 3.385410 0.104238         
34078720  512  1  0.5     .1659770000 .0000002455 .0004954795 .0002860652 3066.776855 3063.035690 3.741165 0.122139         
34340864  512  1  0.5     .1668080000 .0000000323 .0001797220 .0001037625 3007.126221 3004.004189 3.122031 0.103929         
34603008  512  1  0.5     .1679510000 .0000001117 .0003342154 .0001929593 3845.194580 3841.828212 3.366369 0.087624         
34865152  512  1  0.5     .1693013334 .0000000282 .0001679285 .0000969535 4804.435547 4801.355577 3.079970 0.064148         
35127296  512  1  0.5     .1705330000 .0000000085 .0000921954 .0000532290 4880.651855 4877.651389 3.000467 0.061515         
35389440  512  1  0.5     .1712903334 .0000000026 .0000509901 .0000294391 4710.180176 4707.203063 2.977113 0.063246         
35651584  512  1  0.5     .1725660000 .0000000554 .0002353720 .0001358920 4216.168945 4213.480229 2.688716 0.063812         
35913728  512  1  0.5     .1738723334 .0000002069 .0004548626 .0002626150 3953.552246 3950.214916 3.337330 0.084485         
36175872  512  1  0.5     .1748666666 .0000000342 .0001849324 .0001067707 3620.972656 3617.886794 3.085862 0.085295         
36438016  512  1  0.5     .1760240000 .0000000284 .0001685229 .0000972967 3485.125977 3482.168489 2.957488 0.084932         
36700160  512  1  0.5     .1773746666 .0000000059 .0000768114 .0000443470 4368.036621 4364.978985 3.057636 0.070049         
36962304  512  1  0.5     .1786506667 .0000000184 .0001356465 .0000783155 4694.072266 4691.434763 2.637502 0.056220         
37224448  512  1  0.5     .1798676666 .0000000494 .0002222611 .0001283225 4447.040039 4444.249919 2.790120 0.062780         
37486592  512  1  0.5     .1812036666 .0000000239 .0001545962 .0000892561 4461.129883 4458.881350 2.248533 0.050428         
37748736  512  1  0.5     .1830140000 .0000024315 .0015593267 .0009002776 4633.706055 4631.374575 2.331480 0.050341         
38010880  512  1  0.5     .1834743333 .0000000416 .0002039607 .0001177567 3678.306152 3675.744238 2.561914 0.069698         
38273024  512  1  0.5     .1844686667 .0000000124 .0001113552 .0000642909 3525.989746 3523.539352 2.450394 0.069544         
38535168  512  1  0.5     .1857153333 .0000000976 .0003124099 .0001803699 3965.440918 3962.355000 3.085917 0.077881         
38797312  512  1  0.5     .1866203333 .0000000046 .0000678232 .0000391577 4089.423828 4086.972573 2.451255 0.059977         
39059456  512  1  0.5     .1878520000 .0000000045 .0000670820 .0000387298 4653.828613 4652.017280 1.811333 0.038937         
39321600  512  1  0.5     .1889203334 .0000000026 .0000509901 .0000294391 4150.733398 4149.268058 1.465340 0.035316         
39583744  512  1  0.5     .1905380000 .0000001076 .0003280243 .0001893849 3445.004395 3444.099563 0.904831 0.026272         
39845888  512  1  0.5     .1912650000 0 0 0 3454.744141 3454.372030 0.372111 0.010772         
40108032  512  1  0.5     .1926310000 .0000000085 .0000921954 .0000532290 2961.879395 2961.647036 0.232359 0.007846         
40370176  512  1  0.5     .1937883334 .0000000006 .0000244948 .0000141420 3063.574219 3063.697800 0.123581 0.004034         
40632320  512  1  0.5     .1947680000 .0000000045 .0000670820 .0000387298 4001.540039 4000.833479 0.706560 0.017660         
40894464  512  1  0.5     .1961183334 .0000000058 .0000761577 .0000439696 4821.528320 4820.072447 1.455874 0.030204         
41156608  512  1  0.5     .1971570000 .0000001431 .0003782856 .0002184032 4484.752441 4483.395859 1.356582 0.030258         
41418752  512  1  0.5     .1983293333 .0000000124 .0001113552 .0000642909 5073.543945 5072.457117 1.086829 0.021426         
41680896  512  1  0.5     .1996206667 .0000000818 .0002860069 .0001651261 5365.844727 5365.106806 0.737921 0.013754         
41943040  512  1  0.5     .2005850000 .0000001433 .0003785498 .0002185558 5872.036621 5871.209972 0.826649 0.014080         
42205184  512  1  0.5     .2021140000 .0000000006 .0000244948 .0000141420 5401.250000 5400.320992 0.929008 0.017203         
42467328  512  1  0.5     .2034200000 .0000000237 .0001539480 .0000888819 5666.107910 5665.004071 1.103839 0.019485         
42729472  512  1  0.5     .2040433333 .0000000058 .0000761577 .0000439696 5790.598145 5790.106418 0.491727 0.008493         
42991616  512  1  0.5     .2053043334 .0000000343 .0001852025 .0001069267 6159.062500 6158.801279 0.261221 0.004241         
43253760  512  1  0.5     .2064766666 .0000000105 .0001024695 .0000591607 6518.491211 6518.669414 0.178203 0.002734         
43515904  512  1  0.5     .2076346666 .0000000105 .0001024695 .0000591607 6331.723145 6332.498091 0.774947 0.012238         
43778048  512  1  0.5     .2088066666 .0000000059 .0000768114 .0000443470 6199.096680 6199.980485 0.883806 0.014255         
44040192  512  1  0.5     .2099646667 .0000000614 .0002477902 .0001430617 6244.042969 6244.920492 0.877524 0.014052         
44302336  512  1  0.5     .2112260000 .0000000006 .0000244948 .0000141420 6043.890625 6045.354926 1.464301 0.024222         
44564480  512  1  0.5     .2125316666 .0000000105 .0001024695 .0000591607 6239.899902 6242.127574 2.227672 0.035688         
44826624  512  1  0.5     .2134523334 .0000000105 .0001024695 .0000591607 6071.551270 6073.868224 2.316954 0.038146         
45088768  512  1  0.5     .2145203333 .0000000184 .0001356465 .0000783155 6242.559082 6244.561571 2.002489 0.032068         
45350912  512  1  0.5     .2185720000 .0000234824 .0048458642 .0027977610 5986.761719 5988.786677 2.024958 0.033812         
45613056  512  1  0.5     .2170433334 .0000000852 .0002918903 .0001685229 5858.494629 5860.662463 2.167834 0.036990         
45875200  512  1  0.5     .2184533333 .0000002262 .0004756048 .0002745905 5672.849121 5674.622834 1.773713 0.031257         
46137344  512  1  0.5     .2193733333 .0000000422 .0002054263 .0001186029 5803.524414 5805.510044 1.985630 0.034203         
46399488  512  1  0.5     .2203680000 .0000000324 .0001800000 .0001039230 5711.639160 5712.980582 1.341421 0.023480         
46661632  512  1  0.5     .2216883334 .0000000184 .0001356465 .0000783155 5785.547852 5787.404585 1.856733 0.032082         
46923776  512  1  0.5     .2227570000 .0000000521 .0002282542 .0001317826 5883.224609 5885.630927 2.406318 0.040885         
47185920  512  1  0.5     .2243006666 .0000001487 .0003856163 .0002226356 6011.924805 6014.552431 2.627626 0.043688         
47448064  512  1  0.5     .2253693334 .0000000536 .0002315167 .0001336662 6035.000000 6037.231566 2.231566 0.036963         
47710208  512  1  0.5     .2264673333 .0000000085 .0000921954 .0000532290 5263.468262 5266.433231 2.964969 0.056299         
47972352  512  1  0.5     .2273876666 .0000000006 .0000244948 .0000141420 5683.128418 5686.101401 2.972983 0.052285         
48234496  512  1  0.5     .2287083334 .0000000375 .0001936491 .0001118033 6103.734375 6106.664261 2.929886 0.047979         
48496640  512  1  0.5     .2298806666 .0000000046 .0000678232 .0000391577 6526.216797 6529.344407 3.127610 0.047901         
48758784  512  1  0.5     .2308746666 .0000000105 .0001024695 .0000591607 6583.873535 6586.707123 2.833588 0.043020         
49020928  512  1  0.5     .2321513334 .0000000880 .0002966479 .0001712697 8003.233398 8006.063102 2.829703 0.035345         
49283072  512  1  0.5     .2332196666 .0000000322 .0001794435 .0001036017 8653.153320 8655.843938 2.690617 0.031084         
49545216  512  1  0.5     .2348226667 .0000000482 .0002195449 .0001267543 8933.456055 8936.139896 2.683842 0.030034         
49807360  512  1  0.5     .2364103334 .0000003095 .0005563272 .0003211956 9549.072266 9551.855928 2.783662 0.029143         
50069504  512  1  0.5     .2368853334 .0000000282 .0001679285 .0000969535 9334.487305 9337.165491 2.678186 0.028683         
50331648  512  1  0.5     .2380726666 .0000000204 .0001428285 .0000824620 9177.052734 9179.796807 2.744073 0.029893         
50593792  512  1  0.5     .2393046667 .0000000972 .0003117691 .0001799999 9394.833984 9397.664876 2.830891 0.030123         
50855936  512  1  0.5     .2406843334 .0000000772 .0002778488 .0001604160 9750.317383 9752.577745 2.260362 0.023177         
51118080  512  1  0.5     .2413820000 .0000000125 .0001118033 .0000645496 9336.027344 9338.395359 2.368015 0.025358         
51380224  512  1  0.5     .2425840000 .0000000006 .0000244948 .0000141420 8844.283203 8846.975093 2.691890 0.030427         
51642368  512  1  0.5     .2440086667 .0000000184 .0001356465 .0000783155 8326.212891 8329.006255 2.793364 0.033538         
51904512  512  1  0.5     .2452703334 .0000000256 .0001600000 .0000923760 7947.178711 7950.369392 3.190681 0.040132         
52166656  512  1  0.5     .2463683333 .0000000006 .0000244948 .0000141420 7714.272461 7716.665723 2.393262 0.031014         
52428800  512  1  0.5     .2473626666 .0000000059 .0000768114 .0000443470 7945.822754 7948.163820 2.341066 0.029454         
52690944  512  1  0.5     .2485200000 .0000000078 .0000883176 .0000509901 7634.377441 7636.738563 2.361121 0.030918         
52953088  512  1  0.5     .2498556667 .0000002161 .0004648655 .0002683902 8003.491699 8006.230020 2.738320 0.034202         
53215232  512  1  0.5     .2509543333 .0000000979 .0003128897 .0001806469 7565.422363 7568.843816 3.421453 0.045204         
53477376  512  1  0.5     .2520823333 .0000000137 .0001170469 .0000675770 8224.860352 8228.043951 3.183600 0.038692         
53739520  512  1  0.5     .2535363333 .0000000085 .0000921954 .0000532290 7405.941406 7409.012381 3.070974 0.041449         
54001664  512  1  0.5     .2545903334 .0000000105 .0001024695 .0000591607 7429.031250 7432.084398 3.053148 0.041081         
54263808  512  1  0.5     .2557326666 .0000000137 .0001170469 .0000675770 7780.845703 7784.413445 3.567742 0.045832         
54525952  512  1  0.5     .2568756667 .0000000184 .0001356465 .0000783155 7507.465332 7510.555429 3.090097 0.041143         
54788096  512  1  0.5     .2581966667 .0000000006 .0000244948 .0000141420 7911.520996 7914.168461 2.647465 0.033452         
55050240  512  1  0.5     .2594430000 .0000000085 .0000921954 .0000532290 7718.079102 7720.831486 2.752385 0.035649         
55312384  512  1  0.5     .2603633334 .0000000733 .0002707397 .0001563116 8610.501953 8612.979151 2.477198 0.028761         
55574528  512  1  0.5     .2613573333 .0000000839 .0002896549 .0001672323 7957.342773 7959.489988 2.147214 0.026977         
55836672  512  1  0.5     .2626633333 .0000000244 .0001562049 .0000901849 7412.312012 7414.307089 1.995077 0.026908         
56098816  512  1  0.5     .2637613334 .0000000105 .0001024695 .0000591607 7811.207031 7814.056022 2.848991 0.036460         
56360960  512  1  0.5     .2650230000 .0000001037 .0003220248 .0001859211 7335.107910 7338.338669 3.230759 0.044026         
56623104  512  1  0.5     .2658243334 .0000000165 .0001284523 .0000741619 8335.994141 8339.150497 3.156357 0.037850         
56885248  512  1  0.5     .2676203333 .0000000258 .0001606237 .0000927361 8755.683594 8759.020991 3.337397 0.038102         
57147392  512  1  0.5     .2686736667 .0000000818 .0002860069 .0001651261 7649.034180 7652.370341 3.336162 0.043596         
57409536  512  1  0.5     .2695200000 .0000000045 .0000670820 .0000387298 8592.656250 8596.835173 4.178923 0.048610         
57671680  512  1  0.5     .2707810000 0 0 0 9422.038086 9425.712477 3.674391 0.038983         
57933824  512  1  0.5     .2719390000 .0000000078 .0000883176 .0000509901 9875.106445 9879.678732 4.572287 0.046280         
58195968  512  1  0.5     .2731856667 .0000000258 .0001606237 .0000927361 9712.257812 9717.362285 5.104473 0.052529         
58458112  512  1  0.5     .2742240000 .0000000085 .0000921954 .0000532290 9516.135742 9520.822171 4.686429 0.049223         
58720256  512  1  0.5     .2755746667 .0000001991 .0004462062 .0002576172 8698.907227 8702.741489 3.834262 0.044058         
58982400  512  1  0.5     .2769103333 .0000000639 .0002527844 .0001459451 8339.265625 8343.209134 3.943509 0.047266         
59244544  512  1  0.5     .2780680000 .0000000284 .0001685229 .0000972967 8439.885742 8443.904591 4.018848 0.047595         
59506688  512  1  0.5     .2792403333 .0000000019 .0000435889 .0000251660 8440.510742 8444.512227 4.001485 0.047386         
59768832  512  1  0.5     .2802343333 .0000000184 .0001356465 .0000783155 7876.844238 7881.047780 4.203542 0.053337         
60030976  512  1  0.5     .2813326666 .0000000059 .0000768114 .0000443470 7932.219727 7936.134096 3.914369 0.049323         
60293120  512  1  0.5     .2823123333 .0000000256 .0001600000 .0000923760 8421.755859 8425.757296 4.001437 0.047491         
60555264  512  1  0.5     .2838406666 .0000001116 .0003340658 .0001928729 8106.872559 8111.110939 4.238381 0.052254         
60817408  512  1  0.5     .2850876667 .0000002780 .0005272570 .0003044119 8698.097656 8702.220320 4.122664 0.047375         
61079552  512  1  0.5     .2861413334 .0000000177 .0001330413 .0000768114 8499.646484 8503.284132 3.637648 0.042779         
61341696  512  1  0.5     .2874176667 .0000000422 .0002054263 .0001186029 8292.198242 8295.266173 3.067931 0.036984         
61603840  512  1  0.5     .2883970000 .0000000601 .0002451530 .0001415391 7956.997559 7959.775034 2.777475 0.034894         
61865984  512  1  0.5     .2893910000 .0000000078 .0000883176 .0000509901 8122.811523 8126.147018 3.335494 0.041046         
62128128  512  1  0.5     .2906083333 .0000000026 .0000509901 .0000294391 7991.957031 7996.129067 4.172035 0.052176         
62390272  512  1  0.5     .2919440000 .0000000681 .0002609597 .0001506651 7768.247559 7772.745005 4.497447 0.057862         
62652416  512  1  0.5     .2929086666 .0000000138 .0001174734 .0000678232 7846.576660 7850.816533 4.239872 0.054005         
62914560  512  1  0.5     .2940813333 .0000000184 .0001356465 .0000783155 8111.874512 8115.833360 3.958848 0.048779         
63176704  512  1  0.5     .2952533333 .0000000006 .0000244948 .0000141420 7740.071777 7743.687003 3.615226 0.046686         
63438848  512  1  0.5     .2963220000 .0000000045 .0000670820 .0000387298 8819.734375 8823.936756 4.202381 0.047625         
63700992  512  1  0.5     .2978950000 .0000000734 .0002709243 .0001564182 9158.582031 9162.532945 3.950914 0.043120         
63963136  512  1  0.5     .2987706666 .0000000105 .0001024695 .0000591607 8782.940430 8786.878555 3.938125 0.044818         
64225280  512  1  0.5     .3002546667 .0000000137 .0001170469 .0000675770 8767.629883 8771.152644 3.522761 0.040163         
64487424  512  1  0.5     .3014123333 .0000000178 .0001334166 .0000770281 8929.290039 8932.864521 3.574481 0.040015         
64749568  512  1  0.5     .3022433333 .0000000046 .0000678232 .0000391577 8936.380859 8939.898583 3.517724 0.039349         
65011712  512  1  0.5     .3037273333 .0000011735 .0010832820 .0006254331 8479.804688 8483.653698 3.849011 0.045370         
65273856  512  1  0.5     .3045140000 .0000000006 .0000244948 .0000141420 8580.476562 8584.046660 3.570098 0.041590         
65536000  512  1  0.5     .3057453334 .0000001135 .0003368976 .0001945079 8849.466797 8853.199621 3.732824 0.042164         
65798144  512  1  0.5     .3070960000 .0000000284 .0001685229 .0000972967 9320.074219 9323.867806 3.793587 0.040687         
66060288  512  1  0.5     .3082686667 .0000000614 .0002477902 .0001430617 8374.335938 8378.809647 4.473710 0.053393         
66322432  512  1  0.5     .3096340000 .0000000601 .0002451530 .0001415391 8397.814453 8402.307761 4.493308 0.053477         
66584576  512  1  0.5     .3105986666 .0000000046 .0000678232 .0000391577 8801.312500 8805.696863 4.384363 0.049790         
66846720  512  1  0.5     .3117710000 .0000000045 .0000670820 .0000387298 8128.194336 8132.373000 4.178664 0.051383         
67108864  512  1  0.5     .3132253333 .0000000026 .0000509901 .0000294391 8174.120117 8178.248495 4.128378 0.050480         
67371008  512  1  0.5     .3143533334 .0000000345 .0001857417 .0001072380 7949.074219 7952.903661 3.829443 0.048152         
67633152  512  1  0.5     .3154813334 .0000000058 .0000761577 .0000439696 7902.056641 7905.674263 3.617622 0.045760         
67895296  512  1  0.5     .3165196667 .0000001139 .0003374907 .0001948503 8581.609375 8585.833572 4.224197 0.049200         
68157440  512  1  0.5     .3174840000 .0000000374 .0001933907 .0001116541 8289.037109 8292.954585 3.917475 0.047239         
68419584  512  1  0.5     .3186123334 .0000000403 .0002007485 .0001159022 8624.945312 8629.107078 4.161766 0.048229         
68681728  512  1  0.5     .3198146666 .0000000204 .0001428285 .0000824620 8992.514648 8996.723688 4.209040 0.046784         
68943872  512  1  0.5     .3209423333 .0000000204 .0001428285 .0000824620 9174.452148 9178.688017 4.235869 0.046149         
69206016  512  1  0.5     .3220703334 .0000000058 .0000761577 .0000439696 9052.133789 9056.621844 4.488055 0.049556         
69468160  512  1  0.5     .3235836666 .0000000615 .0002479919 .0001431781 8729.627930 8733.779725 4.151795 0.047537         
69730304  512  1  0.5     .3248900000 .0000001391 .0003729611 .0002153291 8912.517578 8916.618449 4.100870 0.045991         
69992448  512  1  0.5     .3256766667 .0000000019 .0000435889 .0000251660 9030.875977 9034.954093 4.078116 0.045137         
70254592  512  1  0.5     .3269233333 .0000000376 .0001939071 .0001119523 9513.125977 9517.199586 4.073609 0.042803         
70516736  512  1  0.5     .3284220000 .0000000839 .0002896549 .0001672323 9872.231445 9876.242164 4.010719 0.040610         
70778880  512  1  0.5     .3293866667 .0000000244 .0001562049 .0000901849 10256.415039 10260.626798 4.211759 0.041048         
71041024  512  1  0.5     .3303216667 .0000000124 .0001113552 .0000642909 9339.911133 9344.375785 4.464652 0.047779         
71303168  512  1  0.5     .3319543333 .0000002319 .0004815599 .0002780287 9122.709961 9127.493778 4.783817 0.052411         
71565312  512  1  0.5     .3327406666 .0000000105 .0001024695 .0000591607 9700.262695 9704.574903 4.312207 0.044435         
71827456  512  1  0.5     .3340316667 .0000000026 .0000509901 .0000294391 10410.220703 10414.470369 4.249666 0.040805         
72089600  512  1  0.5     .3355753334 .0000000026 .0000509901 .0000294391 10279.770508 10284.364557 4.594049 0.044670         
72351744  512  1  0.5     .3363173333 .0000000376 .0001939071 .0001119523 10041.414062 10045.894837 4.480775 0.044603         
72613888  512  1  0.5     .3376380000 .0000000440 .0002097617 .0001211059 10970.694336 10975.780774 5.086438 0.046342         
72876032  512  1  0.5     .3389440000 .0000000316 .0001777638 .0001026319 10318.921875 10323.932429 5.010554 0.048533         
73138176  512  1  0.5     .3398490000 .0000000164 .0001280624 .0000739368 11412.933594 11418.160320 5.226727 0.045776         
73400320  512  1  0.5     .3407986666 .0000000342 .0001849324 .0001067707 12006.787109 12012.222341 5.435232 0.045248         
73662464  512  1  0.5     .3421493333 .0000000257 .0001603121 .0000925562 12077.486328 12082.942362 5.456034 0.045155         
73924608  512  1  0.5     .3432626666 .0000000019 .0000435889 .0000251660 12389.863281 12395.215961 5.352679 0.043183         
74186752  512  1  0.5     .3446430000 .0000001267 .0003559494 .0002055074 12295.211914 12300.855434 5.643520 0.045879         
74448896  512  1  0.5     .3457410000 .0000001076 .0003280243 .0001893849 12028.909180 12034.293822 5.384642 0.044744         
74711040  512  1  0.5     .3470916666 .0000000138 .0001174734 .0000678232 11456.653320 11462.015923 5.362603 0.046786         
74973184  512  1  0.5     .3482640000 .0000000186 .0001363818 .0000787400 11091.469727 11096.450905 4.981178 0.044890         
75235328  512  1  0.5     .3490056666 .0000000019 .0000435889 .0000251660 10635.522461 10640.359095 4.836634 0.045456         
75497472  512  1  0.5     .3500890000 .0000000006 .0000244948 .0000141420 10626.944336 10632.320991 5.376655 0.050569         
75759616  512  1  0.5     .3514990000 .0000001663 .0004077989 .0002354428 10081.818359 10087.424441 5.606081 0.055575         
76021760  512  1  0.5     .3528940000 .0000000599 .0002447447 .0001413034 10235.667969 10240.916765 5.248796 0.051253         
76283904  512  1  0.5     .3539923334 .0000001509 .0003884584 .0002242765 9852.035156 9857.514017 5.478861 0.055581         
76546048  512  1  0.5     .3549420000 .0000000481 .0002193171 .0001266227 9696.178711 9701.863160 5.684449 0.058591         
76808192  512  1  0.5     .3564260000 .0000000186 .0001363818 .0000787400 9163.759766 9169.492835 5.733070 0.062523         
77070336  512  1  0.5     .3574653333 .0000000019 .0000435889 .0000251660 9471.157227 9476.122321 4.965094 0.052396         
77332480  512  1  0.5     .3587563334 .0000000533 .0002308679 .0001332916 9524.220703 9529.181186 4.960483 0.052056         
77594624  512  1  0.5     .3597356666 .0000000852 .0002918903 .0001685229 9682.596680 9687.023099 4.426419 0.045694         
77856768  512  1  0.5     .3608043333 .0000000137 .0001170469 .0000675770 9170.532227 9174.287840 3.755614 0.040936         
78118912  512  1  0.5     .3620803334 .0000000322 .0001794435 .0001036017 9585.531250 9589.034039 3.502789 0.036529         
78381056  512  1  0.5     .3631490000 .0000000125 .0001118033 .0000645496 9413.149414 9416.594387 3.444973 0.036584         
78643200  512  1  0.5     .3643063333 .0000000085 .0000921954 .0000532290 9443.064453 9446.293043 3.228590 0.034178         
78905344  512  1  0.5     .3657313333 .0000000085 .0000921954 .0000532290 10152.187500 10155.729941 3.542441 0.034881         
79167488  512  1  0.5     .3668150000 .0000000078 .0000883176 .0000509901 10041.898438 10045.423582 3.525145 0.035092         
79429632  512  1  0.5     .3679720000 .0000000078 .0000883176 .0000509901 9148.664062 9152.110506 3.446443 0.037657         
79691776  512  1  0.5     .3691446667 .0000000244 .0001562049 .0000901849 8692.814453 8696.026991 3.212538 0.036943         
79953920  512  1  0.5     .3705840000 .0000000424 .0002059126 .0001188836 8842.690430 8845.525968 2.835539 0.032056         
80216064  512  1  0.5     .3714296666 .0000000184 .0001356465 .0000783155 9624.876953 9627.835117 2.958164 0.030725         
80478208  512  1  0.5     .3725576666 .0000000019 .0000435889 .0000251660 9372.037109 9374.436671 2.399561 0.025597         
80740352  512  1  0.5     .3737153334 .0000000079 .0000888819 .0000513159 8826.703125 8828.768502 2.065377 0.023394         
81002496  512  1  0.5     .3749473334 .0000000085 .0000921954 .0000532290 8723.785156 8726.692992 2.907836 0.033321         
81264640  512  1  0.5     .3758673334 .0000000046 .0000678232 .0000391577 8355.408203 8358.889419 3.481216 0.041647         
81526784  512  1  0.5     .3771883334 .0000000137 .0001170469 .0000675770 8791.977539 8795.171165 3.193626 0.036311         
81788928  512  1  0.5     .3783160000 .0000000916 .0003026549 .0001747378 8521.451172 8524.491448 3.040276 0.035665         
82051072  512  1  0.5     .3797553334 .0000000085 .0000921954 .0000532290 8313.375000 8316.267128 2.892128 0.034777         
82313216  512  1  0.5     .3809133333 .0000000482 .0002195449 .0001267543 7825.040039 7827.820150 2.780111 0.035516         
82575360  512  1  0.5     .3818476666 .0000000026 .0000509901 .0000294391 7853.212891 7856.252486 3.039595 0.038690         
82837504  512  1  0.5     .3833026666 .0000000283 .0001682260 .0000971253 8564.353516 8567.323094 2.969578 0.034662         
83099648  512  1  0.5     .3841190000 .0000000045 .0000670820 .0000387298 9302.112305 9305.641108 3.528803 0.037921         
83361792  512  1  0.5     .3853356666 .0000000019 .0000435889 .0000251660 9836.462891 9839.826587 3.363696 0.034185         
83623936  512  1  0.5     .3865080000 .0000000045 .0000670820 .0000387298 10193.320312 10196.379605 3.059292 0.030004         
83886080  512  1  0.5     .3879773334 .0000000343 .0001852025 .0001069267 9840.965820 9843.720612 2.754792 0.027985         
84148224  512  1  0.5     .3889123333 .0000000026 .0000509901 .0000294391 9951.503906 9954.276218 2.772312 0.027850         
84410368  512  1  0.5     .3900400000 .0000000045 .0000670820 .0000387298 10204.353516 10207.692503 3.338987 0.032710         
84672512  512  1  0.5     .3911676667 .0000000058 .0000761577 .0000439696 10449.867188 10452.758397 2.891210 0.027660         
84934656  512  1  0.5     .3924593333 .0000000137 .0001170469 .0000675770 10439.771484 10442.849535 3.078050 0.029475         
85196800  512  1  0.5     .3938690000 .0000000045 .0000670820 .0000387298 10604.188477 10607.037729 2.849252 0.026862         
85458944  512  1  0.5     .3950413334 .0000000178 .0001334166 .0000770281 11658.573242 11661.304452 2.731210 0.023421         
85721088  512  1  0.5     .3957390000 .0000000204 .0001428285 .0000824620 12199.105469 12202.330421 3.224952 0.026429         
85983232  512  1  0.5     .3967183333 .0000000601 .0002451530 .0001415391 12049.454102 12053.109348 3.655246 0.030326         
86245376  512  1  0.5     .3981726667 .0000000124 .0001113552 .0000642909 12255.936523 12258.909751 2.973227 0.024254         
86507520  512  1  0.5     .3998200000 .0000002385 .0004883646 .0002819574 12650.067383 12653.440954 3.373571 0.026661         
86769664  512  1  0.5     .4003100000 .0000000125 .0001118033 .0000645496 12498.263672 12500.863023 2.599351 0.020793         
87031808  512  1  0.5     .4016013333 .0000000184 .0001356465 .0000783155 12303.712891 12306.455726 2.742836 0.022288         
87293952  512  1  0.5     .4031443334 .0000000058 .0000761577 .0000439696 12323.644531 12326.713140 3.068609 0.024894         
87556096  512  1  0.5     .4042276666 .0000000085 .0000921954 .0000532290 12701.154297 12703.901221 2.746924 0.021623         
87818240  512  1  0.5     .4054150000 .0000000139 .0001178982 .0000680685 12236.981445 12239.438160 2.456715 0.020072         
88080384  512  1  0.5     .4069583334 .0000000322 .0001794435 .0001036017 12863.638672 12866.109133 2.470462 0.019201         
88342528  512  1  0.5     .4079380000 .0000000125 .0001118033 .0000645496 11704.644531 11706.575920 1.931389 0.016498         
88604672  512  1  0.5     .4090510000 .0000000045 .0000670820 .0000387298 12039.872070 12042.034085 2.162015 0.017954         
88866816  512  1  0.5     .4100603334 .0000000343 .0001852025 .0001069267 12343.202148 12345.771901 2.569753 0.020815         
89128960  512  1  0.5     .4112176667 .0000000124 .0001113552 .0000642909 12101.275391 12103.207110 1.931719 0.015960         
89391104  512  1  0.5     .4122413334 .0000000342 .0001849324 .0001067707 12640.557617 12642.556964 1.999347 0.015814         
89653248  512  1  0.5     .4135476667 .0000000324 .0001800000 .0001039230 12413.400391 12415.851786 2.451395 0.019744         
89915392  512  1  0.5     .4147050000 .0000001591 .0003988734 .0002302896 12122.969727 12126.099740 3.130013 0.025812         
90177536  512  1  0.5     .4156846667 .0000000026 .0000509901 .0000294391 12462.877930 12466.183509 3.305579 0.026516         
90439680  512  1  0.5     .4173316666 .0000000184 .0001356465 .0000783155 12237.745117 12241.071605 3.326488 0.027175         
90701824  512  1  0.5     .4183113334 .0000000046 .0000678232 .0000391577 12332.232422 12335.931643 3.699221 0.029987         
90963968  512  1  0.5     .4192910000 .0000000403 .0002007485 .0001159022 11838.692383 11842.355365 3.662982 0.030931         
91226112  512  1  0.5     .4205076666 .0000000495 .0002224859 .0001284522 12018.441406 12021.797484 3.356078 0.027917         
91488256  512  1  0.5     .4217840000 .0000000681 .0002609597 .0001506651 11856.337891 11860.166578 3.828687 0.032282         
91750400  512  1  0.5     .4228820000 .0000000284 .0001685229 .0000972967 12247.535156 12251.577531 4.042375 0.032995         
92012544  512  1  0.5     .4237876666 .0000000342 .0001849324 .0001067707 12176.446289 12180.449172 4.002883 0.032863         
92274688  512  1  0.5     .4248713334 .0000000536 .0002315167 .0001336662 11666.987305 11670.674720 3.687415 0.031596         
92536832  512  1  0.5     .4264736667 .0000000375 .0001936491 .0001118033 11667.671875 11671.024641 3.352766 0.028727         
92798976  512  1  0.5     .4280023333 .0000006362 .0007976214 .0004605069 12697.709961 12700.689780 2.979819 0.023462         
93061120  512  1  0.5     .4287440000 .0000000554 .0002353720 .0001358920 12129.278320 12133.016099 3.737779 0.030807         
93323264  512  1  0.5     .4296643333 .0000000085 .0000921954 .0000532290 12027.550781 12030.935991 3.385210 0.028138         
93585408  512  1  0.5     .4307476667 .0000000137 .0001170469 .0000675770 11686.511719 11689.638472 3.126754 0.026748         
93847552  512  1  0.5     .4319646666 .0000000322 .0001794435 .0001036017 11766.216797 11769.047649 2.830852 0.024053         
94109696  512  1  0.5     .4332113334 .0000000342 .0001849324 .0001067707 11993.135742 11995.879037 2.743295 0.022869         
94371840  512  1  0.5     .4343690000 .0000000045 .0000670820 .0000387298 11877.936523 11880.209913 2.273390 0.019136         
94633984  512  1  0.5     .4357936666 .0000000085 .0000921954 .0000532290 12670.387695 12672.572479 2.184784 0.017240         
94896128  512  1  0.5     .4369213334 .0000000322 .0001794435 .0001036017 12747.999023 12750.293387 2.294363 0.017995         
95158272  512  1  0.5     .4379010000 .0000000323 .0001797220 .0001037625 12256.313477 12258.772679 2.459202 0.020061         
95420416  512  1  0.5     .4390586667 .0000000184 .0001356465 .0000783155 12652.940430 12655.062134 2.121705 0.016766         
95682560  512  1  0.5     .4404090000 .0000000179 .0001337908 .0000772441 11651.505859 11653.886729 2.380870 0.020430         
95944704  512  1  0.5     .4415963333 .0000000124 .0001113552 .0000642909 11219.785156 11222.353000 2.567844 0.022882         
96206848  512  1  0.5     .4428133334 .0000001248 .0003532704 .0002039607 11702.851562 11705.641718 2.790156 0.023836         
96468992  512  1  0.5     .4438373333 .0000000019 .0000435889 .0000251660 11345.969727 11348.485699 2.515972 0.022170         
96731136  512  1  0.5     .4450540000 .0000000284 .0001685229 .0000972967 11749.704102 11751.906769 2.202668 0.018743         
96993280  512  1  0.5     .4460483334 .0000000244 .0001562049 .0000901849 11695.256836 11697.645302 2.388466 0.020418         
97255424  512  1  0.5     .4471763334 .0000000414 .0002034698 .0001174733 12344.754883 12346.962994 2.208111 0.017884         
97517568  512  1  0.5     .4487196667 .0000000880 .0002966479 .0001712697 12319.122070 12321.314154 2.192083 0.017791         
97779712  512  1  0.5     .4498773333 .0000000046 .0000678232 .0000391577 12608.241211 12609.936204 1.694994 0.013442         
98041856  512  1  0.5     .4511536667 .0000000124 .0001113552 .0000642909 12926.462891 12928.203089 1.740199 0.013460         
98304000  512  1  0.5     .4520290000 .0000000237 .0001539480 .0000888819 13526.029297 13528.021925 1.992628 0.014730         
98566144  512  1  0.5     .4531720000 .0000000125 .0001118033 .0000645496 13296.742188 13298.857704 2.115516 0.015908         
98828288  512  1  0.5     .4544333334 .0000001033 .0003214031 .0001855621 15093.668945 15095.374835 1.705889 0.011301         
99090432  512  1  0.5     .4555020000 0 0 0 15032.528320 15034.405944 1.877623 0.012489         
99352576  512  1  0.5     .4567930000 .0000000734 .0002709243 .0001564182 15162.923828 15165.027990 2.104162 0.013875         
99614720  512  1  0.5     .4578763333 .0000000721 .0002685144 .0001550268 15142.704102 15144.656958 1.952856 0.012895         
99876864  512  1  0.5     .4591823333 .0000000046 .0000678232 .0000391577 14814.511719 14816.553035 2.041316 0.013777         
100139008  512  1  0.5     .4603696666 .0000000600 .0002449489 .0001414213 14160.732422 14162.271849 1.539427 0.010870         
100401152  512  1  0.5     .4615273334 .0000000343 .0001852025 .0001069267 14399.972656 14401.569709 1.597053 0.011089         
100663296  512  1  0.5     .4627590000 .0000001029 .0003207802 .0001852025 14636.500977 14638.143795 1.642818 0.011223         
100925440  512  1  0.5     .4641686667 .0000001610 .0004012480 .0002316606 14616.887695 14618.081919 1.194223 0.008169         
101187584  512  1  0.5     .4650746667 .0000000375 .0001936491 .0001118033 14717.092773 14718.316693 1.223920 0.008316         
101449728  512  1  0.5     .4658456667 .0000000046 .0000678232 .0000391577 14368.327148 14369.685377 1.358228 0.009452         
101711872  512  1  0.5     .4671223333 .0000000137 .0001170469 .0000675770 14388.810547 14390.654016 1.843469 0.012810         
101974016  512  1  0.5     .4686656667 .0000005399 .0007347788 .0004242247 13765.796875 13767.322177 1.525302 0.011079         
102236160  512  1  0.5     .4698526667 .0000001773 .0004210700 .0002431048 13687.278320 13688.187280 0.908960 0.006640         
102498304  512  1  0.5     .4707433334 .0000000660 .0002569046 .0001483239 13533.399414 13534.902605 1.503191 0.011106         
102760448  512  1  0.5     .4716780000 .0000000480 .0002190890 .0001264910 13668.350586 13669.883203 1.532617 0.011212         
103022592  512  1  0.5     .4732810000 .0000000481 .0002193171 .0001266227 13748.888672 13750.243062 1.354390 0.009850         
103284736  512  1  0.5     .4743346667 .0000000178 .0001334166 .0000770281 14342.944336 14344.438588 1.494252 0.010417         
103546880  512  1  0.5     .4753436666 .0000000878 .0002963106 .0001710750 14857.966797 14859.967465 2.000668 0.013463         
103809024  512  1  0.5     .4763676667 .0000000878 .0002963106 .0001710750 14945.363281 14947.525123 2.161842 0.014463         
104071168  512  1  0.5     .4778220000 .0000000006 .0000244948 .0000141420 15223.841797 15225.861807 2.020010 0.013267         
104333312  512  1  0.5     .4790690000 .0000000681 .0002609597 .0001506651 15156.484375 15158.839167 2.354792 0.015534         
104595456  512  1  0.5     .4798546666 .0000000058 .0000761577 .0000439696 14668.912109 14670.960897 2.048788 0.013965         
104857600  512  1  0.5     .4811166667 .0000000006 .0000244948 .0000141420 14831.973633 14833.275169 1.301536 0.008774         
