262144  512  1  0.5     .0096220000 .0000002918 .0005401851 .0003118760 -944.534668 -944.171557 0.363111 0.038458         
524288  512  1  0.5     .0112233333 .0000000070 .0000836660 .0000483045 -972.826294 -972.777712 0.048582 0.004994         
786432  512  1  0.5     .0133090000 .0000000063 .0000793725 .0000458257 -328.492432 -327.918323 0.574108 0.175077         
1048576  512  1  0.5     .0154800000 .0000000454 .0002130727 .0001230175 15.487000 16.512779 1.025779 6.212034         
1310720  512  1  0.5     .0176406667 .0000000057 .0000754983 .0000435889 242.089050 242.332150 0.243100 0.100317         
1572864  512  1  0.5     .0199353334 .0000000991 .0003148015 .0001817507 428.789795 428.806930 0.017135 0.003996         
1835008  512  1  0.5     .0223510000 .0000006955 .0008339664 .0004814907 753.091003 753.843669 0.752666 0.099844         
2097152  512  1  0.5     .0237923334 .0000000005 .0000223606 .0000129098 1220.516846 1220.622352 0.105506 0.008644         
2359296  512  1  0.5     .0258443334 .0000000005 .0000223606 .0000129098 1124.725830 1125.179071 0.453241 0.040282         
2621440  512  1  0.5     .0280800000 .0000000038 .0000616441 .0000355902 1106.014282 1106.597654 0.583371 0.052718         
2883584  512  1  0.5     .0301220000 .0000000041 .0000640312 .0000369684 1321.105103 1322.568957 1.463855 0.110683         
3145728  512  1  0.5     .0324240000 .0000000209 .0001445683 .0000834665 1598.416504 1599.764756 1.348252 0.084278         
3407872  512  1  0.5     .0373063334 .0000000515 .0002269361 .0001310216 2066.253418 2067.175513 0.922096 0.044607         
3670016  512  1  0.5     .0397203334 .0000000041 .0000640312 .0000369684 2150.561035 2150.637510 0.076474 0.003556         
3932160  512  1  0.5     .0418680000 .0000000045 .0000670820 .0000387298 2825.290527 2825.436924 0.146396 0.005181         
4194304  512  1  0.5     .0440176667 .0000000041 .0000640312 .0000369684 2713.229004 2713.422775 0.193771 0.007141         
4456448  512  1  0.5     .0462816667 .0000000053 .0000728010 .0000420316 2396.057373 2396.560960 0.503587 0.021013         
4718592  512  1  0.5     .0484456667 .0000000085 .0000921954 .0000532290 1686.068848 1686.863261 0.794414 0.047094         
4980736  512  1  0.5     .0507856667 .0000000791 .0002812472 .0001623781 1876.636963 1877.801715 1.164752 0.062027         
5242880  512  1  0.5     .0529593334 .0000000105 .0001024695 .0000591607 1057.738037 1059.229657 1.491619 0.140821         
5505024  512  1  0.5     .0553723333 .0000000967 .0003109662 .0001795364 78.002930 78.815752 0.812822 1.031294         
5767168  512  1  0.5     .0573866666 .0000000204 .0001428285 .0000824620 538.409180 538.907103 0.497924 0.092395         
6029312  512  1  0.5     .0598173334 .0000000815 .0002854820 .0001648231 675.521973 676.133452 0.611479 0.090438         
6291456  512  1  0.5     .0618460000 .0000000017 .0000412310 .0000238047 707.563965 708.077335 0.513371 0.072502         
6553600  512  1  0.5     .0644120000 .0000001009 .0003176476 .0001833939 1330.271484 1331.119084 0.847600 0.063676         
6815744  512  1  0.5     .0664403334 .0000001186 .0003443835 .0001988299 1325.579590 1326.931428 1.351838 0.101877         
7077888  512  1  0.5     .0685976667 .0000000040 .0000632455 .0000365148 516.714844 518.582014 1.867170 0.360053         
7340032  512  1  0.5     .0707853334 .0000000053 .0000728010 .0000420316 1284.079346 1286.741372 2.662027 0.206881         
7602176  512  1  0.5     .0729786666 .0000000020 .0000447213 .0000258198 1659.097168 1661.391260 2.294092 0.138083         
7864320  512  1  0.5     .0751580000 .0000000001 .0000100000 .0000057735 1458.965088 1460.453419 1.488331 0.101909         
8126464  512  1  0.5     .0775110000 .0000000151 .0001228820 .0000709459 2024.820557 2026.492956 1.672399 0.082527         
8388608  512  1  0.5     .0796296667 .0000000123 .0001109053 .0000640312 2136.389404 2139.030525 2.641120 0.123473         
8650752  512  1  0.5     .0823396666 .0000005309 .0007286288 .0004206740 1617.659180 1620.544739 2.885560 0.178061         
8912896  512  1  0.5     .0842076666 .0000000028 .0000529150 .0000305504 1721.975586 1724.367041 2.391455 0.138686         
9175040  512  1  0.5     .0864163334 .0000000208 .0001442220 .0000832666 690.108643 692.285004 2.176361 0.314374         
9437184  512  1  0.5     .0885750000 .0000000014 .0000374165 .0000216024 456.218994 458.145199 1.926205 0.420436         
9699328  512  1  0.5     .0907733334 .0000000023 .0000479583 .0000276887 518.513428 520.140402 1.626974 0.312795         
9961472  512  1  0.5     .0930790000 .0000000596 .0002441311 .0001409491 971.389160 973.234013 1.844853 0.189559         
10223616  512  1  0.5     .0952216666 .0000000007 .0000264575 .0000152752 878.945801 880.612918 1.667117 0.189313         
10485760  512  1  0.5     .0976010000 .0000000907 .0003011644 .0001738773 683.416504 685.126199 1.709695 0.249544         
10747904  512  1  0.5     .0996940000 .0000000230 .0001516575 .0000875594 1366.120117 1368.146598 2.026481 0.148119         
11010048  512  1  0.5     .1019490000 .0000000083 .0000911043 .0000525990 1411.757812 1413.862728 2.104916 0.148877         
11272192  512  1  0.5     .1040840000 .0000000073 .0000854400 .0000493288 1265.988037 1267.930909 1.942872 0.153232         
11534336  512  1  0.5     .1066706667 .0000003837 .0006194352 .0003576310 993.089355 994.626349 1.536994 0.154530         
11796480  512  1  0.5     .1084360000 .0000000104 .0001019803 .0000588783 1261.854004 1262.475385 0.621381 0.049219         
12058624  512  1  0.5     .1119290000 .0000010383 .0010189700 .0005883026 1152.593750 1153.010815 0.417065 0.036172         
12320768  512  1  0.5     .1141946667 .0000013129 .0011458184 .0006615385 668.145996 668.549385 0.403389 0.060338         
12582912  512  1  0.5     .1152933333 .0000000901 .0003001666 .0001733012 932.361572 932.964447 0.602875 0.064619         
12845056  512  1  0.5     .1173073334 .0000000011 .0000331662 .0000191485 853.940186 854.093387 0.153201 0.017937         
13107200  512  1  0.5     .1196366667 .0000000171 .0001307669 .0000754983 1988.577148 1988.606004 0.028856 0.001451         
13369344  512  1  0.5     .1217963333 .0000000004 .0000200000 .0000115470 2664.580078 2665.218412 0.638333 0.023951         
13631488  512  1  0.5     .1240663333 .0000000328 .0001811077 .0001045625 3266.668457 3267.339271 0.670814 0.020531         
13893632  512  1  0.5     .1263806667 .0000000969 .0003112876 .0001797219 3094.200928 3094.411728 0.210800 0.006812         
14155776  512  1  0.5     .1284643334 .0000000422 .0002054263 .0001186029 2251.665039 2251.445917 0.219122 0.009733         
14417920  512  1  0.5     .1310623334 .0000002826 .0005316013 .0003069201 2678.819336 2677.686083 1.133253 0.042322         
14680064  512  1  0.5     .1327373333 .0000000062 .0000787400 .0000454605 2464.429932 2463.309319 1.120613 0.045492         
14942208  512  1  0.5     .1356850000 .0000013732 .0011718361 .0006765598 3260.793213 3259.733503 1.059709 0.032509         
15204352  512  1  0.5     .1373320000 .0000000199 .0001410673 .0000814452 3027.643555 3026.656530 0.987025 0.032611         
15466496  512  1  0.5     .1394906666 .0000000029 .0000538516 .0000310912 2825.675537 2825.110528 0.565009 0.020000         
15728640  512  1  0.5     .1416620000 .0000000033 .0000574456 .0000331662 3504.780518 3504.732574 0.047943 0.001368         
15990784  512  1  0.5     .1439226666 .0000000078 .0000883176 .0000509901 4283.871094 4284.057122 0.186028 0.004342         
16252928  512  1  0.5     .1461580000 .0000000022 .0000469041 .0000270800 3497.443848 3497.418606 0.025242 0.000722         
16515072  512  1  0.5     .1482833333 .0000000007 .0000264575 .0000152752 4068.249023 4068.333801 0.084777 0.002084         
16777216  512  1  0.5     .1505223333 .0000000002 .0000141421 .0000081649 3451.570801 3451.306462 0.264339 0.007659         
17039360  512  1  0.5     .1527910000 .0000000052 .0000721110 .0000416333 3415.671875 3415.560654 0.111221 0.003256         
17301504  512  1  0.5     .1549876666 .0000000019 .0000435889 .0000251660 3524.888672 3524.454361 0.434311 0.012323         
17563648  512  1  0.5     .1571503333 .0000000041 .0000640312 .0000369684 2820.263672 2819.750138 0.513534 0.018212         
17825792  512  1  0.5     .1595616667 .0000000750 .0002738612 .0001581138 3032.119873 3031.613117 0.506756 0.016716         
18087936  512  1  0.5     .1616080000 .0000000183 .0001352774 .0000781024 3436.794189 3436.832428 0.038238 0.001113         
18350080  512  1  0.5     .1638566667 .0000000068 .0000824621 .0000476095 3593.995361 3594.132306 0.136944 0.003810         
18612224  512  1  0.5     .1660800000 .0000000222 .0001489966 .0000860232 2660.984131 2661.163872 0.179741 0.006754         
18874368  512  1  0.5     .1682203334 .0000000030 .0000547722 .0000316227 2366.286133 2365.690688 0.595445 0.025170         
19136512  512  1  0.5     .1705210000 .0000000113 .0001063014 .0000613731 2827.479492 2826.867458 0.612034 0.021651         
19398656  512  1  0.5     .1726470000 .0000000028 .0000529150 .0000305504 2799.337891 2798.453602 0.884289 0.031599         
19660800  512  1  0.5     .1750156666 .0000000232 .0001523154 .0000879393 2123.718262 2122.144593 1.573668 0.074155         
19922944  512  1  0.5     .1772006666 .0000001006 .0003171750 .0001831210 2551.618652 2549.761262 1.857390 0.072846         
20185088  512  1  0.5     .1793226667 .0000000005 .0000223606 .0000129098 2258.022949 2256.291316 1.731634 0.076747         
20447232  512  1  0.5     .1815466666 .0000000122 .0001104536 .0000637704 2262.747559 2261.107109 1.640449 0.072551         
20709376  512  1  0.5     .1836480000 .0000000194 .0001392838 .0000804155 1980.469238 1978.228986 2.240252 0.113245         
20971520  512  1  0.5     .1858396666 .0000000006 .0000244948 .0000141420 1719.689453 1717.939750 1.749704 0.101849         
21233664  512  1  0.5     .1883423334 .0000002929 .0005412023 .0003124632 2353.992188 2351.802048 2.190140 0.093126         
21495808  512  1  0.5     .1903393334 .0000000017 .0000412310 .0000238047 3168.401855 3165.953088 2.448768 0.077347         
21757952  512  1  0.5     .1927100000 .0000000108 .0001039230 .0000599999 3433.054199 3430.018750 3.035449 0.088497         
22020096  512  1  0.5     .1949573333 .0000000631 .0002511971 .0001450287 4147.797363 4145.585061 2.212302 0.053365         
22282240  512  1  0.5     .1968773333 .0000000037 .0000608276 .0000351188 4676.121582 4673.653392 2.468190 0.052811         
22544384  512  1  0.5     .1991583333 .0000000715 .0002673948 .0001543804 3942.993652 3940.811686 2.181966 0.055368         
22806528  512  1  0.5     .2013190000 .0000000043 .0000655743 .0000378593 4485.834473 4483.558675 2.275798 0.050759         
23068672  512  1  0.5     .2034200000 .0000000042 .0000648074 .0000374165 4781.872559 4779.600764 2.271795 0.047531         
23330816  512  1  0.5     .2057703333 .0000000040 .0000632455 .0000365148 4603.206543 4601.271962 1.934581 0.042044         
23592960  512  1  0.5     .2080470000 .0000000419 .0002046948 .0001181805 4619.428711 4618.110744 1.317967 0.028539         
23855104  512  1  0.5     .2101733333 .0000000027 .0000519615 .0000299999 4311.333008 4310.008204 1.324804 0.030738         
24117248  512  1  0.5     .2124366666 .0000000021 .0000458257 .0000264574 4212.552734 4211.177373 1.375361 0.032660         
24379392  512  1  0.5     .2146213333 .0000000312 .0001766352 .0001019803 3850.988281 3849.394059 1.594222 0.041415         
24641536  512  1  0.5     .2169003333 .0000000068 .0000824621 .0000476095 3487.872559 3486.325589 1.546970 0.044372         
24903680  512  1  0.5     .2190426666 .0000000036 .0000600000 .0000346410 3679.190918 3676.919102 2.271816 0.061786         
25165824  512  1  0.5     .2211953333 .0000000001 .0000100000 .0000057735 2960.282715 2958.162034 2.120680 0.071689         
25427968  512  1  0.5     .2236036667 .0000000898 .0002996664 .0001730124 2907.702881 2906.062847 1.640034 0.056435         
25690112  512  1  0.5     .2257380000 .0000000209 .0001445683 .0000834665 3446.057373 3444.719396 1.337977 0.038841         
25952256  512  1  0.5     .2278983333 .0000000112 .0001058300 .0000611009 3574.417480 3573.414552 1.002929 0.028066         
26214400  512  1  0.5     .2299886666 .0000000029 .0000538516 .0000310912 2690.939453 2690.466946 0.472507 0.017562         
26476544  512  1  0.5     .2323260000 .0000000057 .0000754983 .0000435889 2639.119141 2639.222057 0.102917 0.003900         
26738688  512  1  0.5     .2345990000 .0000000016 .0000400000 .0000230940 2740.560547 2739.954510 0.606037 0.022119         
27000832  512  1  0.5     .2368050000 .0000000153 .0001236931 .0000714142 2453.958740 2453.420430 0.538311 0.021941         
27262976  512  1  0.5     .2390170000 .0000000262 .0001618641 .0000934522 3084.570068 3083.836779 0.733290 0.023778         
27525120  512  1  0.5     .2411223334 .0000000137 .0001170469 .0000675770 3315.252197 3315.084117 0.168080 0.005070         
27787264  512  1  0.5     .2433173333 .0000000075 .0000866025 .0000499999 3985.533936 3985.519209 0.014727 0.000370         
28049408  512  1  0.5     .2455460000 0 0 0 5188.933594 5188.597671 0.335922 0.006474         
28311552  512  1  0.5     .2477596667 .0000000187 .0001367479 .0000789514 4101.102051 4101.061114 0.040937 0.000998         
28573696  512  1  0.5     .2500603334 .0000000020 .0000447213 .0000258198 3855.897949 3856.220560 0.322611 0.008366         
28835840  512  1  0.5     .2522573333 .0000000653 .0002555386 .0001475352 4234.284180 4234.543648 0.259468 0.006127         
29097984  512  1  0.5     .2544030000 .0000000039 .0000624499 .0000360554 4599.129395 4598.945216 0.184178 0.004005         
29360128  512  1  0.5     .2566973333 .0000000333 .0001824828 .0001053564 4351.337402 4351.682566 0.345164 0.007932         
29622272  512  1  0.5     .2586666667 .0000000002 .0000141421 .0000081649 4481.750488 4482.134366 0.383878 0.008565         
29884416  512  1  0.5     .2609753334 .0000000033 .0000574456 .0000331662 4544.434082 4544.819753 0.385671 0.008486         
30146560  512  1  0.5     .2631953333 .0000000005 .0000223606 .0000129098 5226.133301 5226.548905 0.415604 0.007952         
30408704  512  1  0.5     .2654783334 .0000000396 .0001989974 .0001148912 5022.252930 5022.297535 0.044606 0.000888         
30670848  512  1  0.5     .2677156667 .0000000216 .0001469693 .0000848527 4454.094727 4454.197591 0.102864 0.002309         
30932992  512  1  0.5     .2699383334 .0000000220 .0001483239 .0000856348 4496.378906 4496.358906 0.020000 0.000445         
31195136  512  1  0.5     .2721703334 .0000001288 .0003588871 .0002072035 4924.560059 4923.881854 0.678204 0.013774         
31457280  512  1  0.5     .2741823334 .0000000013 .0000360555 .0000208166 4182.540039 4182.141111 0.398928 0.009539         
31719424  512  1  0.5     .2766373333 .0000001673 .0004090232 .0002361496 3537.566406 3537.342513 0.223893 0.006329         
31981568  512  1  0.5     .2787130000 .0000000358 .0001892088 .0001092397 2990.247070 2989.753422 0.493648 0.016511         
32243712  512  1  0.5     .2809186667 .0000000120 .0001095445 .0000632455 3588.830078 3588.057814 0.772264 0.021523         
32505856  512  1  0.5     .2829636666 .0000000143 .0001195826 .0000690410 3225.449219 3224.418230 1.030989 0.031974         
32768000  512  1  0.5     .2853340000 .0000000313 .0001769180 .0001021436 3645.827637 3644.444117 1.383520 0.037962         
33030144  512  1  0.5     .2875133334 .0000000125 .0001118033 .0000645496 4006.497070 4004.619983 1.877087 0.046873         
33292288  512  1  0.5     .2896613333 .0000000177 .0001330413 .0000768114 4227.833984 4225.336555 2.497430 0.059106         
33554432  512  1  0.5     .2917313334 .0000000042 .0000648074 .0000374165 4445.268066 4442.815521 2.452545 0.055203         
33816576  512  1  0.5     .2941083333 .0000000011 .0000331662 .0000191485 3250.151855 3247.754727 2.397129 0.073809         
34078720  512  1  0.5     .2962626667 .0000000111 .0001053565 .0000608276 3065.801270 3063.035690 2.765579 0.090289         
34340864  512  1  0.5     .2985246667 .0000000031 .0000556776 .0000321454 3006.033447 3004.004189 2.029258 0.067552         
34603008  512  1  0.5     .3006713333 .0000000013 .0000360555 .0000208166 3844.165283 3841.828212 2.337072 0.060832         
34865152  512  1  0.5     .3029176666 .0000000077 .0000877496 .0000506622 4803.539062 4801.355577 2.183486 0.045476         
35127296  512  1  0.5     .3050796667 .0000000048 .0000692820 .0000399999 4879.953613 4877.651389 2.302224 0.047199         
35389440  512  1  0.5     .3075743333 .0000001339 .0003659234 .0002112659 4709.733887 4707.203063 2.530824 0.053765         
35651584  512  1  0.5     .3095626666 .0000000138 .0001174734 .0000678232 4215.865234 4213.480229 2.385005 0.056604         
35913728  512  1  0.5     .3117730000 .0000000151 .0001228820 .0000709459 3953.412598 3950.214916 3.197682 0.080950         
36175872  512  1  0.5     .3139553334 .0000000117 .0001081665 .0000624499 3621.015137 3617.886794 3.128342 0.086469         
36438016  512  1  0.5     .3163103334 .0000000184 .0001356465 .0000783155 3485.149414 3482.168489 2.980925 0.085605         
36700160  512  1  0.5     .3182923334 .0000000042 .0000648074 .0000374165 4368.353027 4364.978985 3.374042 0.077298         
36962304  512  1  0.5     .3205253334 .0000000007 .0000264575 .0000152752 4694.320312 4691.434763 2.885549 0.061507         
37224448  512  1  0.5     .3228983334 .0000000285 .0001688194 .0000974679 4447.374023 4444.249919 3.124104 0.070295         
37486592  512  1  0.5     .3249720000 .0000000282 .0001679285 .0000969535 4461.614258 4458.881350 2.732908 0.061291         
37748736  512  1  0.5     .3271480000 .0000000224 .0001496662 .0000864098 4634.120117 4631.374575 2.745542 0.059281         
38010880  512  1  0.5     .3293033333 .0000000130 .0001140175 .0000658280 3678.478516 3675.744238 2.734277 0.074387         
38273024  512  1  0.5     .3315573333 .0000000014 .0000374165 .0000216024 3526.159668 3523.539352 2.620316 0.074366         
38535168  512  1  0.5     .3338086666 .0000000069 .0000830662 .0000479582 3965.719238 3962.355000 3.364238 0.084905         
38797312  512  1  0.5     .3360440000 0 0 0 4089.568359 4086.972573 2.595786 0.063514         
39059456  512  1  0.5     .3382573334 .0000000077 .0000877496 .0000506622 4654.047363 4652.017280 2.030083 0.043639         
39321600  512  1  0.5     .3403833334 .0000000094 .0000969535 .0000559761 4150.841309 4149.268058 1.573250 0.037916         
39583744  512  1  0.5     .3426090000 0 0 0 3445.030273 3444.099563 0.930710 0.027023         
39845888  512  1  0.5     .3447926667 .0000000084 .0000916515 .0000529150 3454.651855 3454.372030 0.279826 0.008101         
40108032  512  1  0.5     .3470640000 .0000000161 .0001268857 .0000732574 2961.833008 2961.647036 0.185972 0.006279         
40370176  512  1  0.5     .3491753333 .0000000112 .0001058300 .0000611009 3063.688965 3063.697800 0.008835 0.000288         
40632320  512  1  0.5     .3514566666 .0000000004 .0000200000 .0000115470 4001.517090 4000.833479 0.683610 0.017087         
40894464  512  1  0.5     .3536500000 .0000000442 .0002102379 .0001213809 4821.188965 4820.072447 1.116518 0.023164         
41156608  512  1  0.5     .3558433334 .0000000070 .0000836660 .0000483045 4484.649414 4483.395859 1.253555 0.027960         
41418752  512  1  0.5     .3584103333 .0000002882 .0005368426 .0003099462 5073.482422 5072.457117 1.025305 0.020213         
41680896  512  1  0.5     .3602360000 .0000000028 .0000529150 .0000305504 5365.842773 5365.106806 0.735967 0.013718         
41943040  512  1  0.5     .3625606667 .0000000173 .0001315294 .0000759385 5871.899902 5871.209972 0.689931 0.011751         
42205184  512  1  0.5     .3648076667 .0000000088 .0000938083 .0000541602 5401.173828 5400.320992 0.852837 0.015792         
42467328  512  1  0.5     .3669290000 .0000000122 .0001104536 .0000637704 5665.983398 5665.004071 0.979327 0.017287         
42729472  512  1  0.5     .3691813334 .0000000262 .0001618641 .0000934522 5790.645020 5790.106418 0.538602 0.009302         
42991616  512  1  0.5     .3712213333 .0000000037 .0000608276 .0000351188 6159.344727 6158.801279 0.543447 0.008824         
43253760  512  1  0.5     .3734783334 .0000000037 .0000608276 .0000351188 6518.983398 6518.669414 0.313984 0.004817         
43515904  512  1  0.5     .3758950000 .0000000029 .0000538516 .0000310912 6332.055176 6332.498091 0.442915 0.006994         
43778048  512  1  0.5     .3779436666 .0000000036 .0000600000 .0000346410 6199.390137 6199.980485 0.590349 0.009522         
44040192  512  1  0.5     .3800770000 .0000000017 .0000412310 .0000238047 6244.333496 6244.920492 0.586996 0.009400         
44302336  512  1  0.5     .3823686667 .0000000203 .0001424780 .0000822597 6044.299805 6045.354926 1.055122 0.017453         
44564480  512  1  0.5     .3845706667 .0000000201 .0001417744 .0000818534 6240.419434 6242.127574 1.708141 0.027365         
44826624  512  1  0.5     .3868193334 .0000000042 .0000648074 .0000374165 6072.053223 6073.868224 1.815001 0.029882         
45088768  512  1  0.5     .3890046667 .0000000057 .0000754983 .0000435889 6243.130371 6244.561571 1.431200 0.022919         
45350912  512  1  0.5     .3912893333 .0000000022 .0000469041 .0000270800 5987.191895 5988.786677 1.594782 0.026629         
45613056  512  1  0.5     .3933886666 .0000000047 .0000685565 .0000395811 5858.920410 5860.662463 1.742053 0.029725         
45875200  512  1  0.5     .3956396667 .0000000075 .0000866025 .0000499999 5673.276855 5674.622834 1.345978 0.023719         
46137344  512  1  0.5     .3979456666 .0000000934 .0003056141 .0001764463 5803.600098 5805.510044 1.909946 0.032899         
46399488  512  1  0.5     .4001580000 .0000000104 .0001019803 .0000588783 5711.782227 5712.980582 1.198355 0.020976         
46661632  512  1  0.5     .4022740000 .0000000024 .0000489897 .0000282842 5785.553711 5787.404585 1.850874 0.031981         
46923776  512  1  0.5     .4044396667 .0000000095 .0000974679 .0000562731 5883.297852 5885.630927 2.333076 0.039640         
47185920  512  1  0.5     .4067756667 .0000000285 .0001688194 .0000974679 6011.894531 6014.552431 2.657900 0.044191         
47448064  512  1  0.5     .4088976667 .0000000024 .0000489897 .0000282842 6034.936523 6037.231566 2.295042 0.038015         
47710208  512  1  0.5     .4110220000 .0000000052 .0000721110 .0000416333 5263.593750 5266.433231 2.839481 0.053917         
47972352  512  1  0.5     .4133153333 .0000000034 .0000583095 .0000336650 5683.091797 5686.101401 3.009604 0.052929         
48234496  512  1  0.5     .4155320000 .0000000293 .0001711724 .0000988264 6103.686523 6106.664261 2.977738 0.048762         
48496640  512  1  0.5     .4176440000 .0000000032 .0000565685 .0000326598 6526.307617 6529.344407 3.036789 0.046510         
48758784  512  1  0.5     .4198980000 .0000000108 .0001039230 .0000599999 6583.905762 6586.707123 2.801361 0.042531         
49020928  512  1  0.5     .4221916667 .0000000028 .0000529150 .0000305504 8003.501953 8006.063102 2.561149 0.031990         
49283072  512  1  0.5     .4242706667 .0000000013 .0000360555 .0000208166 8653.436523 8655.843938 2.407414 0.027813         
49545216  512  1  0.5     .4265493333 .0000000118 .0001086278 .0000627162 8933.730469 8936.139896 2.409428 0.026963         
49807360  512  1  0.5     .4288380000 .0000000069 .0000830662 .0000479582 9549.308594 9551.855928 2.547334 0.026668         
50069504  512  1  0.5     .4310643334 .0000001576 .0003969886 .0002292014 9334.963867 9337.165491 2.201624 0.023579         
50331648  512  1  0.5     .4331613334 .0000000169 .0001300000 .0000750555 9177.529297 9179.796807 2.267511 0.024701         
50593792  512  1  0.5     .4352353334 .0000000021 .0000458257 .0000264574 9395.333984 9397.664876 2.330891 0.024803         
50855936  512  1  0.5     .4375760000 .0000000051 .0000714142 .0000412310 9750.913086 9752.577745 1.664659 0.017069         
51118080  512  1  0.5     .4399410000 .0000000014 .0000374165 .0000216024 9336.760742 9338.395359 1.634617 0.017504         
51380224  512  1  0.5     .4419360000 .0000000034 .0000583095 .0000336650 8844.970703 8846.975093 2.004390 0.022656         
51642368  512  1  0.5     .4442800000 .0000000113 .0001063014 .0000613731 8326.990234 8329.006255 2.016020 0.024205         
51904512  512  1  0.5     .4463316666 .0000000028 .0000529150 .0000305504 7948.065430 7950.369392 2.303962 0.028979         
52166656  512  1  0.5     .4486623333 .0000000095 .0000974679 .0000562731 7715.070312 7716.665723 1.595411 0.020675         
52428800  512  1  0.5     .4508273333 .0000000240 .0001549193 .0000894426 7946.742676 7948.163820 1.421144 0.017880         
52690944  512  1  0.5     .4531680000 .0000000028 .0000529150 .0000305504 7635.525879 7636.738563 1.212684 0.015880         
52953088  512  1  0.5     .4552553334 .0000000087 .0000932737 .0000538515 8005.103027 8006.230020 1.126992 0.014076         
53215232  512  1  0.5     .4574370000 .0000000120 .0001095445 .0000632455 7566.884277 7568.843816 1.959539 0.025890         
53477376  512  1  0.5     .4597196666 .0000000530 .0002302172 .0001329159 8226.219727 8228.043951 1.824225 0.022171         
53739520  512  1  0.5     .4618780000 .0000000194 .0001392838 .0000804155 7407.345703 7409.012381 1.666678 0.022495         
54001664  512  1  0.5     .4640953333 .0000000093 .0000964365 .0000556776 7430.479492 7432.084398 1.604906 0.021594         
54263808  512  1  0.5     .4663716666 .0000000020 .0000447213 .0000258198 7782.386719 7784.413445 2.026726 0.026036         
54525952  512  1  0.5     .4684840000 .0000000017 .0000412310 .0000238047 7508.885254 7510.555429 1.670175 0.022238         
54788096  512  1  0.5     .4708543333 .0000000366 .0001913112 .0001104535 7913.075684 7914.168461 1.092778 0.013808         
55050240  512  1  0.5     .4728553333 .0000000099 .0000994987 .0000574456 7719.630859 7720.831486 1.200627 0.015550         
55312384  512  1  0.5     .4749923334 .0000000012 .0000346410 .0000199999 8611.979492 8612.979151 0.999659 0.011606         
55574528  512  1  0.5     .4773533334 .0000000040 .0000632455 .0000365148 7958.947754 7959.489988 0.542234 0.006812         
55836672  512  1  0.5     .4795770000 .0000000048 .0000692820 .0000399999 7414.003418 7414.307089 0.303671 0.004096         
56098816  512  1  0.5     .4818583334 .0000000675 .0002598076 .0001499999 7812.908203 7814.056022 1.147819 0.014689         
56360960  512  1  0.5     .4839566666 .0000000095 .0000974679 .0000562731 7336.764160 7338.338669 1.574509 0.021456         
56623104  512  1  0.5     .4860220000 .0000000123 .0001109053 .0000640312 8337.796875 8339.150497 1.353622 0.016232         
56885248  512  1  0.5     .4883506666 .0000000039 .0000624499 .0000360554 8757.449219 8759.020991 1.571772 0.017945         
57147392  512  1  0.5     .4906406667 .0000000046 .0000678232 .0000391577 7650.737305 7652.370341 1.633037 0.021340         
57409536  512  1  0.5     .4927403333 .0000000437 .0002090454 .0001206924 8594.564453 8596.835173 2.270719 0.026413         
57671680  512  1  0.5     .4948493333 .0000000076 .0000871779 .0000503321 9423.816406 9425.712477 1.896071 0.020116         
57933824  512  1  0.5     .4972160000 .0000000313 .0001769180 .0001021436 9877.004883 9879.678732 2.673849 0.027064         
58195968  512  1  0.5     .4993900000 .0000000047 .0000685565 .0000395811 9714.181641 9717.362285 3.180645 0.032732         
58458112  512  1  0.5     .5016440000 .0000000218 .0001476482 .0000852447 9517.687500 9520.822171 3.134671 0.032924         
58720256  512  1  0.5     .5037166666 .0000000062 .0000787400 .0000454605 8700.624023 8702.741489 2.117466 0.024331         
58982400  512  1  0.5     .5060780000 .0000000374 .0001933907 .0001116541 8340.969727 8343.209134 2.239407 0.026841         
59244544  512  1  0.5     .5082493333 .0000000088 .0000938083 .0000541602 8441.554688 8443.904591 2.349903 0.027830         
59506688  512  1  0.5     .5104180000 .0000000074 .0000860232 .0000496655 8442.158203 8444.512227 2.354024 0.027876         
59768832  512  1  0.5     .5125546667 .0000000070 .0000836660 .0000483045 7878.377441 7881.047780 2.670339 0.033883         
60030976  512  1  0.5     .5148033333 .0000000062 .0000787400 .0000454605 7933.685547 7936.134096 2.448549 0.030853         
60293120  512  1  0.5     .5170470000 .0000000386 .0001964688 .0001134313 8423.065430 8425.757296 2.691866 0.031948         
60555264  512  1  0.5     .5191460000 .0000000182 .0001349073 .0000778887 8108.051270 8111.110939 3.059670 0.037722         
60817408  512  1  0.5     .5213723334 .0000000011 .0000331662 .0000191485 8699.287109 8702.220320 2.933211 0.033706         
61079552  512  1  0.5     .5235753334 .0000000015 .0000387298 .0000223606 8500.890625 8503.284132 2.393507 0.028148         
61341696  512  1  0.5     .5259753333 .0000002606 .0005104899 .0002947314 8293.340820 8295.266173 1.925353 0.023210         
61603840  512  1  0.5     .5281186666 .0000000221 .0001486606 .0000858292 7958.136230 7959.775034 1.638803 0.020589         
61865984  512  1  0.5     .5301673334 .0000000072 .0000848528 .0000489897 8124.165039 8126.147018 1.981979 0.024390         
62128128  512  1  0.5     .5325010000 .0000000056 .0000748331 .0000432049 7993.367188 7996.129067 2.761879 0.034540         
62390272  512  1  0.5     .5347296667 .0000000015 .0000387298 .0000223606 7769.487793 7772.745005 3.257212 0.041906         
62652416  512  1  0.5     .5368820000 .0000000076 .0000871779 .0000503321 7847.876465 7850.816533 2.940068 0.037449         
62914560  512  1  0.5     .5391776666 .0000000309 .0001757839 .0001014888 8113.126465 8115.833360 2.706895 0.033353         
63176704  512  1  0.5     .5412406667 .0000000156 .0001248999 .0000721109 7741.144043 7743.687003 2.542960 0.032839         
63438848  512  1  0.5     .5433843334 .0000000020 .0000447213 .0000258198 8820.704102 8823.936756 3.232654 0.036635         
63700992  512  1  0.5     .5457443334 .0000000067 .0000818535 .0000472581 9159.729492 9162.532945 2.803453 0.030597         
63963136  512  1  0.5     .5480020000 .0000000438 .0002092844 .0001208304 8784.223633 8786.878555 2.654922 0.030215         
64225280  512  1  0.5     .5502070000 .0000000078 .0000883176 .0000509901 8768.727539 8771.152644 2.425105 0.027649         
64487424  512  1  0.5     .5524546667 .0000000183 .0001352774 .0000781024 8930.312500 8932.864521 2.552021 0.028569         
64749568  512  1  0.5     .5545340000 .0000000090 .0000948683 .0000547722 8937.198242 8939.898583 2.700341 0.030206         
65011712  512  1  0.5     .5566873334 .0000000296 .0001720465 .0000993310 8480.619141 8483.653698 3.034557 0.035769         
65273856  512  1  0.5     .5590843334 .0000000589 .0002426932 .0001401189 8581.501953 8584.046660 2.544707 0.029645         
65536000  512  1  0.5     .5612953334 .0000000402 .0002004993 .0001157583 8850.546875 8853.199621 2.652746 0.029964         
65798144  512  1  0.5     .5637096667 .0000001529 .0003910242 .0002257579 9321.083984 9323.867806 2.783821 0.029857         
66060288  512  1  0.5     .5655866666 .0000000044 .0000663324 .0000382970 8375.328125 8378.809647 3.481522 0.041552         
66322432  512  1  0.5     .5677833333 .0000000016 .0000400000 .0000230940 8398.828125 8402.307761 3.479636 0.041413         
66584576  512  1  0.5     .5699516666 .0000000045 .0000670820 .0000387298 8802.414062 8805.696863 3.282800 0.037280         
66846720  512  1  0.5     .5722510000 .0000000132 .0001148912 .0000663324 8129.410156 8132.373000 2.962843 0.036433         
67108864  512  1  0.5     .5745176667 .0000000020 .0000447213 .0000258198 8175.426758 8178.248495 2.821737 0.034503         
67371008  512  1  0.5     .5767096666 .0000000139 .0001178982 .0000680685 7950.511230 7952.903661 2.392431 0.030082         
67633152  512  1  0.5     .5787546667 .0000000012 .0000346410 .0000199999 7903.435547 7905.674263 2.238716 0.028318         
67895296  512  1  0.5     .5810673333 .0000000016 .0000400000 .0000230940 8583.047852 8585.833572 2.785721 0.032446         
68157440  512  1  0.5     .5831496667 .0000000002 .0000141421 .0000081649 8290.455078 8292.954585 2.499506 0.030140         
68419584  512  1  0.5     .5855083334 .0000000005 .0000223606 .0000129098 8626.418945 8629.107078 2.688133 0.031152         
68681728  512  1  0.5     .5876876667 .0000000210 .0001449137 .0000836659 8994.098633 8996.723688 2.625055 0.029178         
68943872  512  1  0.5     .5899420000 .0000000148 .0001216552 .0000702376 9175.993164 9178.688017 2.694853 0.029360         
69206016  512  1  0.5     .5920326667 .0000000062 .0000787400 .0000454605 9053.516602 9056.621844 3.105242 0.034287         
69468160  512  1  0.5     .5943076666 .0000000112 .0001058300 .0000611009 8730.962891 8733.779725 2.816834 0.032252         
69730304  512  1  0.5     .5965710000 .0000000250 .0001581138 .0000912870 8913.851562 8916.618449 2.766886 0.031031         
69992448  512  1  0.5     .5988650000 .0000000173 .0001315294 .0000759385 9032.334961 9034.954093 2.619132 0.028989         
70254592  512  1  0.5     .6008793334 .0000000015 .0000387298 .0000223606 9514.610352 9517.199586 2.589234 0.027206         
70516736  512  1  0.5     .6030880000 .0000000081 .0000900000 .0000519615 9873.786133 9876.242164 2.456032 0.024868         
70778880  512  1  0.5     .6053040000 .0000000162 .0001272792 .0000734846 10257.995117 10260.626798 2.631681 0.025648         
71041024  512  1  0.5     .6077486667 .0000000089 .0000943398 .0000544671 9341.588867 9344.375785 2.786918 0.029825         
71303168  512  1  0.5     .6098856666 .0000000341 .0001846618 .0001066145 9124.255859 9127.493778 3.237918 0.035474         
71565312  512  1  0.5     .6120723334 .0000000297 .0001723368 .0000994986 9701.825195 9704.574903 2.749707 0.028334         
71827456  512  1  0.5     .6143026667 .0000000061 .0000781024 .0000450924 10412.011719 10414.470369 2.458651 0.023608         
72089600  512  1  0.5     .6163343333 .0000000249 .0001577973 .0000911043 10281.684570 10284.364557 2.679986 0.026059         
72351744  512  1  0.5     .6184976667 0 0 0 10043.449219 10045.894837 2.445618 0.024344         
72613888  512  1  0.5     .6208526666 .0000000038 .0000616441 .0000355902 10972.958008 10975.780774 2.822766 0.025718         
72876032  512  1  0.5     .6229303333 .0000000004 .0000200000 .0000115470 10321.131836 10323.932429 2.800593 0.027127         
73138176  512  1  0.5     .6251166667 .0000000021 .0000458257 .0000264574 11415.183594 11418.160320 2.976727 0.026070         
73400320  512  1  0.5     .6273736667 .0000000129 .0001135781 .0000655743 12009.115234 12012.222341 3.107107 0.025866         
73662464  512  1  0.5     .6297973333 .0000000097 .0000984885 .0000568623 12079.871094 12082.942362 3.071268 0.025418         
73924608  512  1  0.5     .6317390000 .0000000064 .0000800000 .0000461880 12392.375977 12395.215961 2.839984 0.022912         
74186752  512  1  0.5     .6339603334 .0000000038 .0000616441 .0000355902 12297.900391 12300.855434 2.955043 0.024023         
74448896  512  1  0.5     .6362033334 .0000000028 .0000529150 .0000305504 12031.608398 12034.293822 2.685423 0.022315         
74711040  512  1  0.5     .6384533333 .0000000056 .0000748331 .0000432049 11459.266602 11462.015923 2.749322 0.023986         
74973184  512  1  0.5     .6406973333 .0000000027 .0000519615 .0000299999 11094.040039 11096.450905 2.410866 0.021726         
75235328  512  1  0.5     .6429753333 .0000000073 .0000854400 .0000493288 10638.272461 10640.359095 2.086634 0.019611         
75497472  512  1  0.5     .6450443334 .0000000135 .0001161895 .0000670820 10629.679688 10632.320991 2.641303 0.024842         
75759616  512  1  0.5     .6473740000 .0000000036 .0000600000 .0000346410 10084.500000 10087.424441 2.924441 0.028991         
76021760  512  1  0.5     .6495796667 .0000000031 .0000556776 .0000321454 10238.336914 10240.916765 2.579851 0.025192         
76283904  512  1  0.5     .6516353333 .0000000011 .0000331662 .0000191485 9854.740234 9857.514017 2.773782 0.028139         
76546048  512  1  0.5     .6539270000 .0000000001 .0000100000 .0000057735 9698.975586 9701.863160 2.887574 0.029763         
76808192  512  1  0.5     .6562360000 .0000000229 .0001513274 .0000873689 9166.557617 9169.492835 2.935218 0.032011         
77070336  512  1  0.5     .6582613334 .0000000123 .0001109053 .0000640312 9473.840820 9476.122321 2.281500 0.024076         
77332480  512  1  0.5     .6606060000 .0000000017 .0000412310 .0000238047 9526.876953 9529.181186 2.304233 0.024181         
77594624  512  1  0.5     .6629100000 .0000000041 .0000640312 .0000369684 9685.156250 9687.023099 1.866849 0.019272         
77856768  512  1  0.5     .6648973333 .0000000004 .0000200000 .0000115470 9173.200195 9174.287840 1.087645 0.011855         
78118912  512  1  0.5     .6674540000 .0000000328 .0001811077 .0001045625 9588.048828 9589.034039 0.985211 0.010274         
78381056  512  1  0.5     .6693346666 .0000000048 .0000692820 .0000399999 9415.722656 9416.594387 0.871731 0.009257         
78643200  512  1  0.5     .6716520000 .0000000048 .0000692820 .0000399999 9445.927734 9446.293043 0.365309 0.003867         
78905344  512  1  0.5     .6737626667 .0000000130 .0001140175 .0000658280 10154.960938 10155.729941 0.769004 0.007572         
79167488  512  1  0.5     .6761846666 .0000000948 .0003078960 .0001777638 10044.532227 10045.423582 0.891356 0.008873         
79429632  512  1  0.5     .6782813333 .0000000262 .0001618641 .0000934522 9151.222656 9152.110506 0.887850 0.009701         
79691776  512  1  0.5     .6803960000 .0000000102 .0001009950 .0000583094 8695.506836 8696.026991 0.520155 0.005982         
79953920  512  1  0.5     .6825480000 .0000000021 .0000458257 .0000264574 8845.534180 8845.525968 0.008211 0.000093         
80216064  512  1  0.5     .6848116667 .0000000021 .0000458257 .0000264574 9627.599609 9627.835117 0.235508 0.002446         
80478208  512  1  0.5     .6870056667 .0000000317 .0001780449 .0001027942 9374.478516 9374.436671 0.041845 0.000446         
80740352  512  1  0.5     .6892140000 .0000000045 .0000670820 .0000387298 8829.089844 8828.768502 0.321342 0.003640         
81002496  512  1  0.5     .6914970000 .0000000153 .0001236931 .0000714142 8726.139648 8726.692992 0.553344 0.006341         
81264640  512  1  0.5     .6936023334 .0000000056 .0000748331 .0000432049 8357.734375 8358.889419 1.155044 0.013818         
81526784  512  1  0.5     .6958600000 .0000000210 .0001449137 .0000836659 8794.161133 8795.171165 1.010032 0.011484         
81788928  512  1  0.5     .6980553334 .0000000014 .0000374165 .0000216024 8523.439453 8524.491448 1.051994 0.012341         
82051072  512  1  0.5     .7003356666 .0000000104 .0001019803 .0000588783 8315.345703 8316.267128 0.921425 0.011080         
82313216  512  1  0.5     .7025663334 .0000000118 .0001086278 .0000627162 7826.922852 7827.820150 0.897298 0.011463         
82575360  512  1  0.5     .7047473334 .0000000588 .0002424871 .0001399999 7854.818359 7856.252486 1.434126 0.018255         
82837504  512  1  0.5     .7070623333 .0000000134 .0001157583 .0000668330 8565.966797 8567.323094 1.356297 0.015831         
83099648  512  1  0.5     .7092910000 .0000000021 .0000458257 .0000264574 9303.833984 9305.641108 1.807123 0.019420         
83361792  512  1  0.5     .7114900000 .0000000476 .0002181742 .0001259629 9838.017578 9839.826587 1.809009 0.018385         
83623936  512  1  0.5     .7135153333 .0000000003 .0000173205 .0000099999 10194.650391 10196.379605 1.729214 0.016959         
83886080  512  1  0.5     .7158720000 .0000001064 .0003261901 .0001883259 9842.050781 9843.720612 1.669831 0.016963         
84148224  512  1  0.5     .7180780000 .0000000157 .0001252996 .0000723417 9952.652344 9954.276218 1.623874 0.016313         
84410368  512  1  0.5     .7200956666 .0000000069 .0000830662 .0000479582 10205.462891 10207.692503 2.229612 0.021842         
84672512  512  1  0.5     .7222916667 .0000000106 .0001029563 .0000594418 10450.820312 10452.758397 1.938085 0.018541         
84934656  512  1  0.5     .7245083333 .0000000069 .0000830662 .0000479582 10440.609375 10442.849535 2.240160 0.021452         
85196800  512  1  0.5     .7270573333 .0000000054 .0000734846 .0000424263 10605.022461 10607.037729 2.015268 0.018999         
85458944  512  1  0.5     .7289470000 .0000000228 .0001509966 .0000871779 11659.612305 11661.304452 1.692148 0.014511         
85721088  512  1  0.5     .7311526667 .0000000006 .0000244948 .0000141420 12200.196289 12202.330421 2.134131 0.017490         
85983232  512  1  0.5     .7333500000 .0000000048 .0000692820 .0000399999 12050.721680 12053.109348 2.387668 0.019810         
86245376  512  1  0.5     .7355643333 .0000000198 .0001407124 .0000812403 12257.003906 12258.909751 1.905844 0.015547         
86507520  512  1  0.5     .7377663334 .0000000052 .0000721110 .0000416333 12651.313477 12653.440954 2.127477 0.016813         
86769664  512  1  0.5     .7399010000 .0000000445 .0002109502 .0001217921 12499.386719 12500.863023 1.476304 0.011810         
87031808  512  1  0.5     .7421663333 .0000000036 .0000600000 .0000346410 12304.759766 12306.455726 1.695961 0.013781         
87293952  512  1  0.5     .7443946666 .0000000235 .0001532970 .0000885060 12324.652344 12326.713140 2.060797 0.016718         
87556096  512  1  0.5     .7466983334 .0000000093 .0000964365 .0000556776 12702.390625 12703.901221 1.510596 0.011891         
87818240  512  1  0.5     .7489290000 .0000000005 .0000223606 .0000129098 12238.249023 12239.438160 1.189137 0.009716         
88080384  512  1  0.5     .7511733333 .0000000425 .0002061552 .0001190237 12864.937500 12866.109133 1.171633 0.009106         
88342528  512  1  0.5     .7534786667 .0000000347 .0001862793 .0001075484 11705.597656 11706.575920 0.978264 0.008357         
88604672  512  1  0.5     .7553900000 .0000000022 .0000469041 .0000270800 12040.581055 12042.034085 1.453031 0.012066         
88866816  512  1  0.5     .7578816667 .0000000101 .0001004987 .0000580229 12344.056641 12345.771901 1.715260 0.013894         
89128960  512  1  0.5     .7598680000 .0000000065 .0000806225 .0000465474 12102.238281 12103.207110 0.968829 0.008005         
89391104  512  1  0.5     .7620390000 .0000000081 .0000900000 .0000519615 12641.527344 12642.556964 1.029621 0.008144         
89653248  512  1  0.5     .7642380000 .0000000113 .0001063014 .0000613731 12414.434570 12415.851786 1.417215 0.011415         
89915392  512  1  0.5     .7666210000 .0000000011 .0000331662 .0000191485 12124.041016 12126.099740 2.058724 0.016978         
90177536  512  1  0.5     .7688383334 .0000000030 .0000547722 .0000316227 12463.776367 12466.183509 2.407142 0.019309         
90439680  512  1  0.5     .7709240000 .0000000078 .0000883176 .0000509901 12238.799805 12241.071605 2.271800 0.018559         
90701824  512  1  0.5     .7732233334 .0000000144 .0001200000 .0000692820 12333.328125 12335.931643 2.603518 0.021105         
90963968  512  1  0.5     .7753886667 .0000000042 .0000648074 .0000374165 11839.733398 11842.355365 2.621967 0.022141         
91226112  512  1  0.5     .7776080000 .0000000008 .0000282842 .0000163298 12019.563477 12021.797484 2.234008 0.018583         
91488256  512  1  0.5     .7798180000 .0000000003 .0000173205 .0000099999 11857.430664 11860.166578 2.735914 0.023068         
91750400  512  1  0.5     .7820753334 .0000000421 .0002051828 .0001184623 12248.632812 12251.577531 2.944719 0.024035         
92012544  512  1  0.5     .7841746666 .0000000063 .0000793725 .0000458257 12177.606445 12180.449172 2.842727 0.023338         
92274688  512  1  0.5     .7864190000 .0000000045 .0000670820 .0000387298 11668.156250 11670.674720 2.518470 0.021579         
92536832  512  1  0.5     .7886810000 .0000000211 .0001452583 .0000838649 11668.764648 11671.024641 2.259993 0.019364         
92798976  512  1  0.5     .7908250000 .0000000192 .0001385640 .0000799999 12698.602539 12700.689780 2.087241 0.016434         
93061120  512  1  0.5     .7930606666 .0000000013 .0000360555 .0000208166 12130.219727 12133.016099 2.796372 0.023048         
93323264  512  1  0.5     .7952236666 .0000000151 .0001228820 .0000709459 12028.643555 12030.935991 2.292436 0.019055         
93585408  512  1  0.5     .7973450000 .0000000418 .0002044504 .0001180394 11687.798828 11689.638472 1.839644 0.015737         
93847552  512  1  0.5     .7996040000 .0000000262 .0001618641 .0000934522 11767.525391 11769.047649 1.522258 0.012934         
94109696  512  1  0.5     .8019370000 .0000000599 .0002447447 .0001413034 11994.350586 11995.879037 1.528451 0.012741         
94371840  512  1  0.5     .8040006666 .0000000052 .0000721110 .0000416333 11879.071289 11880.209913 1.138624 0.009584         
94633984  512  1  0.5     .8061526666 .0000000158 .0001256980 .0000725717 12671.610352 12672.572479 0.962127 0.007592         
94896128  512  1  0.5     .8083886666 .0000000111 .0001053565 .0000608276 12749.125977 12750.293387 1.167410 0.009156         
95158272  512  1  0.5     .8107076667 .0000000964 .0003104834 .0001792576 12257.326172 12258.772679 1.446507 0.011800         
95420416  512  1  0.5     .8128133333 .0000000060 .0000774596 .0000447213 12653.918945 12655.062134 1.143189 0.009033         
95682560  512  1  0.5     .8151733334 .0000000370 .0001923538 .0001110555 11652.435547 11653.886729 1.451182 0.012452         
95944704  512  1  0.5     .8175186667 .0000000560 .0002366431 .0001366259 11220.814453 11222.353000 1.538547 0.013710         
96206848  512  1  0.5     .8194190000 .0000000196 .0001400000 .0000808290 11704.041016 11705.641718 1.600703 0.013675         
96468992  512  1  0.5     .8216010000 .0000000077 .0000877496 .0000506622 11347.157227 11348.485699 1.328472 0.011706         
96731136  512  1  0.5     .8238900000 .0000000478 .0002186321 .0001262273 11751.078125 11751.906769 0.828644 0.007051         
96993280  512  1  0.5     .8261710000 .0000000390 .0001974841 .0001140174 11696.555664 11697.645302 1.089638 0.009315         
97255424  512  1  0.5     .8282673334 .0000000305 .0001746424 .0001008298 12346.129883 12346.962994 0.833111 0.006747         
97517568  512  1  0.5     .8304643334 .0000000144 .0001200000 .0000692820 12320.387695 12321.314154 0.926458 0.007519         
97779712  512  1  0.5     .8326976666 .0000000099 .0000994987 .0000574456 12609.569336 12609.936204 0.366869 0.002909         
98041856  512  1  0.5     .8349970000 .0000000023 .0000479583 .0000276887 12927.756836 12928.203089 0.446253 0.003452         
98304000  512  1  0.5     .8375100000 .0000002487 .0004986983 .0002879235 13527.458984 13528.021925 0.562940 0.004161         
98566144  512  1  0.5     .8394373334 .0000000141 .0001187434 .0000685565 13298.029297 13298.857704 0.828407 0.006229         
98828288  512  1  0.5     .8416733333 .0000000456 .0002135415 .0001232882 15095.202148 15095.374835 0.172686 0.001144         
99090432  512  1  0.5     .8436660000 .0000000104 .0001019803 .0000588783 15034.014648 15034.405944 0.391295 0.002603         
99352576  512  1  0.5     .8459783334 .0000000226 .0001503329 .0000867947 15164.207031 15165.027990 0.820959 0.005414         
99614720  512  1  0.5     .8482900000 .0000000501 .0002238302 .0001292284 15144.157227 15144.656958 0.499731 0.003300         
99876864  512  1  0.5     .8504880000 .0000000026 .0000509901 .0000294391 14816.261719 14816.553035 0.291316 0.001966         
100139008  512  1  0.5     .8525316667 .0000000086 .0000927361 .0000535412 14162.345703 14162.271849 0.073854 0.000521         
100401152  512  1  0.5     .8547383334 .0000000280 .0001673320 .0000966091 14401.769531 14401.569709 0.199822 0.001388         
100663296  512  1  0.5     .8570210000 .0000000011 .0000331662 .0000191485 14638.217773 14638.143795 0.073979 0.000505         
100925440  512  1  0.5     .8591000000 .0000000111 .0001053565 .0000608276 14618.580078 14618.081919 0.498159 0.003408         
101187584  512  1  0.5     .8613523334 .0000000176 .0001326649 .0000765941 14718.776367 14718.316693 0.459674 0.003123         
101449728  512  1  0.5     .8636196666 .0000000181 .0001345362 .0000776745 14369.902344 14369.685377 0.216967 0.001510         
101711872  512  1  0.5     .8658376667 .0000000079 .0000888819 .0000513159 14390.556641 14390.654016 0.097375 0.000677         
101974016  512  1  0.5     .8679113334 .0000000283 .0001682260 .0000971253 13767.496094 13767.322177 0.173917 0.001263         
102236160  512  1  0.5     .8703613333 .0000001838 .0004287190 .0002475210 13688.759766 13688.187280 0.572485 0.004182         
102498304  512  1  0.5     .8723663333 .0000000073 .0000854400 .0000493288 13534.976562 13534.902605 0.073957 0.000546         
102760448  512  1  0.5     .8745586667 .0000000088 .0000938083 .0000541602 13669.832031 13669.883203 0.051172 0.000374         
103022592  512  1  0.5     .8766870000 .0000000019 .0000435889 .0000251660 13750.087891 13750.243062 0.155171 0.001128         
103284736  512  1  0.5     .8791033333 .0000000038 .0000616441 .0000355902 14344.045898 14344.438588 0.392690 0.002738         
103546880  512  1  0.5     .8813546667 .0000000555 .0002355843 .0001360146 14859.219727 14859.967465 0.747739 0.005032         
103809024  512  1  0.5     .8835450000 .0000000044 .0000663324 .0000382970 14946.824219 14947.525123 0.700904 0.004689         
104071168  512  1  0.5     .8856093334 .0000000144 .0001200000 .0000692820 15225.371094 15225.861807 0.490713 0.003223         
104333312  512  1  0.5     .8877613334 .0000000201 .0001417744 .0000818534 15158.056641 15158.839167 0.782527 0.005162         
104595456  512  1  0.5     .8899973333 .0000000080 .0000894427 .0000516397 14670.839844 14670.960897 0.121053 0.000825         
104857600  512  1  0.5     .8922236666 .0000000092 .0000959166 .0000553774 14833.625977 14833.275169 0.350808 0.002365         
 
