262144    .0145610000 .0000000555 .0002355843 .0001360146 130920.093750 130920.087997 0.005753 0.000004         
 
262144    .0151043334 .0000001157 .0003401470 .0001963839 130920.093750 130920.087997 0.005753 0.000004         
524288    .0146260000 .0000000290 .0001702938 .0000983191 261961.312500 261961.306932 0.005568 0.000002         
786432    .0163266667 .0000064445 .0025386019 .0014656624 393098.812500 393098.816808 0.004308 0.000001         
1048576    .0164723334 .0000036532 .0019113346 .0011035095 524543.875000 524543.923007 0.048007 0.000009         
1310720    .0152246666 .0000000067 .0000818535 .0000472581 655656.125000 655656.175438 0.050438 0.000008         
1572864    .0164640000 .0000000560 .0002366431 .0001366259 786552.500000 786552.507046 0.007046 0.000001         
1835008    .0226380000 .0000000446 .0002111871 .0001219289 917722.125000 917722.119639 0.005361 0.000001         
2097152    .0242796666 .0000001154 .0003397057 .0001961291 1048649.750000 1048649.811834 0.061834 0.000006         
2359296    .0258890000 .0000000721 .0002685144 .0001550268 1179624.375000 1179624.413909 0.038909 0.000003         
2621440    .0279456666 .0000011156 .0010562196 .0006098086 1310629.625000 1310629.656470 0.031470 0.000002         
2883584    .0284843334 .0000000103 .0001014889 .0000585946 1441734.625000 1441734.721014 0.096014 0.000007         
3145728    .0306390000 .0000006655 .0008157818 .0004709918 1572779.750000 1572779.906754 0.156754 0.000010         
3407872    .0310003334 .0000000716 .0002675817 .0001544883 1704016.000000 1704016.020993 0.020993 0.000001         
3670016    .0322463333 .0000001582 .0003977436 .0002296373 1835158.750000 1835158.833498 0.083498 0.000005         
3932160    .0333783333 .0000000181 .0001345362 .0000776745 1966338.000000 1966338.051635 0.051635 0.000003         
4194304    .0347820000 .0000000449 .0002118962 .0001223383 2097085.250000 2097085.291164 0.041164 0.000002         
4456448    .0359153333 .0000001152 .0003394112 .0001959591 2228143.000000 2228142.955246 0.044754 0.000002         
4718592    .0380373333 .0000022988 .0015161794 .0008753665 2359106.750000 2359106.734329 0.015671 0.000001         
4980736    .0382326667 .0000000202 .0001421267 .0000820568 2489916.750000 2489916.765857 0.015857 0.000001         
5242880    .0396926667 .0000000346 .0001860107 .0001073933 2620929.000000 2620928.908971 0.091029 0.000003         
5505024    .0411723334 .0000000276 .0001661324 .0000959165 2751910.000000 2751910.058152 0.058152 0.000002         
5767168    .0422530000 .0000000093 .0000964365 .0000556776 2883009.000000 2883008.960729 0.039271 0.000001         
6029312    .0433803334 .0000001283 .0003581898 .0002068009 3014194.500000 3014194.597265 0.097265 0.000003         
6291456    .0448470000 .0000000305 .0001746424 .0001008298 3145449.750000 3145449.876459 0.126459 0.000004         
6553600    .0461910000 .0000000600 .0002449489 .0001414213 3276310.750000 3276310.778353 0.028353 0.000001         
6815744    .0477013333 .0000006108 .0007815369 .0004512205 3407368.750000 3407368.654004 0.095996 0.000003         
7077888    .0498313333 .0000001082 .0003289376 .0001899122 3538407.250000 3538407.236803 0.013197 0.000000         
7340032    .0509396666 .0000004930 .0007021395 .0004053804 3669433.500000 3669433.567549 0.067549 0.000002         
7602176    .0525920000 .0000004111 .0006411708 .0003701801 3800561.000000 3800560.918865 0.081135 0.000002         
7864320    .0527816666 .0000000226 .0001503329 .0000867947 3931389.000000 3931388.941512 0.058488 0.000001         
8126464    .0545720000 .0000000215 .0001466287 .0000846561 4062392.250000 4062392.110700 0.139300 0.000003         
8388608    .0555466666 .0000000214 .0001462873 .0000844590 4193549.000000 4193548.924047 0.075953 0.000002         
8650752    .0574210000 .0000006914 .0008315046 .0004800694 4324634.000000 4324634.277999 0.277999 0.000006         
8912896    .0579873334 .0000000144 .0001200000 .0000692820 4455699.500000 4455699.426611 0.073389 0.000002         
9175040    .0592670000 .0000000786 .0002803569 .0001618641 4586713.500000 4586713.332513 0.167487 0.000004         
9437184    .0597906666 .0000000726 .0002694438 .0001555634 4717705.500000 4717705.514785 0.014785 0.000000         
9699328    .0615000000 .0000001828 .0004275511 .0002468467 4848677.000000 4848677.102147 0.102147 0.000002         
9961472    .0630016667 .0000000603 .0002455605 .0001417744 4979792.500000 4979792.708412 0.208412 0.000004         
10223616    .0641846667 .0000002320 .0004816637 .0002780886 5110630.500000 5110630.687695 0.187695 0.000004         
10485760    .0649983333 .0000000184 .0001356465 .0000783155 5241575.500000 5241575.248494 0.251506 0.000005         
10747904    .0664066666 .0000003699 .0006081940 .0003511409 5372325.500000 5372325.138085 0.361915 0.000007         
11010048    .0688926666 .0000016091 .0012685030 .0007323705 5503183.500000 5503183.265958 0.234042 0.000004         
11272192    .0689803334 .0000000376 .0001939071 .0001119523 5634337.000000 5634337.104401 0.104401 0.000002         
11534336    .0698196666 .0000000346 .0001860107 .0001073933 5765435.000000 5765435.013274 0.013274 0.000000         
11796480    .0718070000 .0000014534 .0012055704 .0006960363 5896454.500000 5896454.363110 0.136890 0.000002         
12058624    .0726046667 .0000001528 .0003908964 .0002256841 6027285.000000 6027284.927949 0.072051 0.000001         
12320768    .0736380000 .0000001896 .0004354308 .0002513960 6158522.000000 6158521.916196 0.083804 0.000001         
12582912    .0753260000 .0000000800 .0002828427 .0001632993 6289395.000000 6289394.564088 0.435912 0.000007         
12845056    .0764940000 .0000000800 .0002828427 .0001632993 6420366.000000 6420366.061879 0.061879 0.000001         
13107200    .0778230000 .0000002200 .0004690415 .0002708012 6551475.000000 6551475.494093 0.494093 0.000008         
13369344    .0783830000 .0000000455 .0002133072 .0001231529 6683009.000000 6683009.359513 0.359513 0.000005         
13631488    .0798973333 .0000011841 .0010881635 .0006282514 6814155.000000 6814154.710840 0.289160 0.000004         
13893632    .0806590000 .0000002848 .0005336665 .0003081124 6945365.000000 6945364.955321 0.044679 0.000001         
14155776    .0816733334 .0000002652 .0005149757 .0002973213 7076646.000000 7076645.791860 0.208140 0.000003         
14417920    .0829003333 .0000000996 .0003155946 .0001822086 7207757.000000 7207756.488242 0.511758 0.000007         
14680064    .0842530000 .0000002103 .0004585847 .0002647640 7338738.000000 7338738.010729 0.010729 0.000000         
14942208    .0855730000 .0000001626 .0004032369 .0002328089 7469615.000000 7469615.407107 0.407107 0.000005         
15204352    .0865973333 .0000000801 .0002830194 .0001634013 7600876.000000 7600876.028254 0.028254 0.000000         
15466496    .0877410000 .0000000102 .0001009950 .0000583094 7732104.000000 7732104.220731 0.220731 0.000003         
15728640    .0888863333 .0000001572 .0003964845 .0002289104 7863335.000000 7863335.042332 0.042332 0.000001         
15990784    .0904553334 .0000011367 .0010661613 .0006155485 7994434.000000 7994434.442402 0.442402 0.000006         
16252928    .0911786667 .0000005037 .0007097182 .0004097559 8125683.500000 8125683.725099 0.225099 0.000003         
16515072    .0932650000 .0000019540 .0013978555 .0008070522 8256448.500000 8256448.404005 0.095995 0.000001         
16777216    .0937440000 .0000001509 .0003884584 .0002242765 8387384.500000 8387384.663043 0.163043 0.000002         
17039360    .0949173333 .0000001965 .0004432832 .0002559296 8518727.000000 8518727.741801 0.741801 0.000009         
17301504    .0961686666 .0000004183 .0006467611 .0003734076 8649856.000000 8649856.095508 0.095508 0.000001         
17563648    .0968766667 .0000001152 .0003394112 .0001959591 8780717.000000 8780716.816333 0.183667 0.000002         
17825792    .0987723333 .0000011935 .0010924742 .0006307402 8911863.000000 8911862.075711 0.924289 0.000010         
18087936    .0993586667 .0000000436 .0002088061 .0001205542 9043110.000000 9043109.809068 0.190932 0.000002         
18350080    .1011820000 .0000021265 .0014582523 .0008419223 9174273.000000 9174272.353319 0.646681 0.000007         
18612224    .1028716667 .0000003586 .0005988321 .0003457358 9305170.000000 9305169.392122 0.607878 0.000007         
18874368    .1027946666 .0000000138 .0001174734 .0000678232 9436302.000000 9436302.484162 0.484162 0.000005         
19136512    .1048183334 .0000006676 .0008170679 .0004717343 9567110.000000 9567110.748974 0.748974 0.000008         
19398656    .1053290000 .0000000884 .0002973213 .0001716585 9698142.000000 9698142.301064 0.301064 0.000003         
19660800    .1064286666 .0000001169 .0003419064 .0001973997 9829468.000000 9829468.289550 0.289550 0.000003         
19922944    .1074196667 .0000000795 .0002819574 .0001627881 9960706.000000 9960705.754345 0.245655 0.000002         
20185088    .1091136667 .0000003982 .0006310309 .0003643258 10091628.000000 10091629.159885 1.159885 0.000011         
20447232    .1096500000 .0000000190 .0001378404 .0000795821 10222974.000000 10222974.402514 0.402514 0.000004         
20709376    .1109726666 .0000000642 .0002533771 .0001462873 10353916.000000 10353916.685973 0.685973 0.000007         
20971520    .1120790000 .0000000618 .0002485960 .0001435269 10484978.000000 10484977.666289 0.333711 0.000003         
21233664    .1134313334 .0000000863 .0002937686 .0001696073 10616090.000000 10616090.386886 0.386886 0.000004         
21495808    .1145740000 .0000000254 .0001593737 .0000920144 10747350.000000 10747349.151926 0.848074 0.000008         
21757952    .1159126666 .0000000802 .0002831960 .0001635032 10878298.000000 10878298.339654 0.339654 0.000003         
22020096    .1174163334 .0000006623 .0008138181 .0004698580 11009366.000000 11009366.194728 0.194728 0.000002         
22282240    .1191006667 .0000007261 .0008521150 .0004919688 11140458.000000 11140458.601472 0.601472 0.000005         
22544384    .1197436666 .0000002152 .0004638965 .0002678307 11271271.000000 11271271.150676 0.150676 0.000001         
22806528    .1209450000 .0000000091 .0000953939 .0000550756 11402623.000000 11402622.989176 0.010824 0.000000         
23068672    .1220523334 .0000002172 .0004660472 .0002690724 11533573.000000 11533573.660489 0.660489 0.000006         
23330816    .1230230000 .0000000110 .0001048808 .0000605529 11664563.000000 11664563.149030 0.149030 0.000001         
23592960    .1241693333 .0000000471 .0002170253 .0001252996 11795859.000000 11795859.438191 0.438191 0.000004         
23855104    .1249256666 .0000002121 .0004605431 .0002658946 11926875.000000 11926875.669060 0.669060 0.000006         
24117248    .1264823333 .0000001606 .0004007492 .0002313726 12058081.000000 12058081.097052 0.097052 0.000001         
24379392    .1279646666 .0000006754 .0008218272 .0004744821 12189002.000000 12189002.862803 0.862803 0.000007         
24641536    .1291646667 .0000000342 .0001849324 .0001067707 12319898.000000 12319899.031840 1.031840 0.000008         
24903680    .1302143334 .0000001693 .0004114608 .0002375570 12451060.000000 12451060.798284 0.798284 0.000006         
25165824    .1311980000 .0000002780 .0005272570 .0003044119 12582166.000000 12582166.086256 0.086256 0.000001         
25427968    .1326823334 .0000000153 .0001236931 .0000714142 12712926.000000 12712926.033550 0.033550 0.000000         
25690112    .1338016667 .0000002120 .0004604345 .0002658319 12844149.000000 12844149.346477 0.346477 0.000003         
25952256    .1349196667 .0000000525 .0002291287 .0001322875 12975017.000000 12975015.969119 1.030881 0.000008         
26214400    .1360330000 .0000001019 .0003192177 .0001843004 13106333.000000 13106331.816402 1.183598 0.000009         
26476544    .1371836667 .0000000744 .0002727636 .0001574801 13237351.000000 13237350.327174 0.672826 0.000005         
26738688    .1383233333 .0000000841 .0002900000 .0001674315 13368457.000000 13368456.204784 0.795216 0.000006         
27000832    .1399753334 .0000003902 .0006246599 .0003606475 13499487.000000 13499488.295713 1.295713 0.000010         
27262976    .1409250000 .0000000600 .0002449489 .0001414213 13630458.000000 13630459.046046 1.046046 0.000008         
27525120    .1415606667 .0000000180 .0001341640 .0000774596 13761776.000000 13761777.011734 1.011734 0.000007         
27787264    .1426066666 .0000000380 .0001949358 .0001125462 13892914.000000 13892914.543946 0.543946 0.000004         
28049408    .1445233334 .0000001572 .0003964845 .0002289104 14023962.000000 14023962.320035 0.320035 0.000002         
28311552    .1455116667 .0000000218 .0001476482 .0000852447 14155124.000000 14155124.681112 0.681112 0.000005         
28573696    .1467170000 .0000000269 .0001640121 .0000946924 14285990.000000 14285989.918790 0.081210 0.000001         
28835840    .1476500000 .0000000349 .0001868154 .0001078579 14416884.000000 14416884.564575 0.564575 0.000004         
29097984    .1493633333 .0000000096 .0000979795 .0000565684 14547993.000000 14547993.336037 0.336037 0.000002         
29360128    .1502143333 .0000004129 .0006425729 .0003709896 14679056.000000 14679056.969534 0.969534 0.000007         
29622272    .1510983333 .0000000223 .0001493318 .0000862167 14810116.000000 14810116.396686 0.396686 0.000003         
29884416    .1527456667 .0000000838 .0002894822 .0001671326 14941102.000000 14941102.261807 0.261807 0.000002         
30146560    .1540723333 .0000000087 .0000932737 .0000538515 15072144.000000 15072144.439464 0.439464 0.000003         
30408704    .1551820000 .0000003117 .0005583009 .0003223351 15203373.000000 15203373.185795 0.185795 0.000001         
30670848    .1561076666 .0000000339 .0001841195 .0001063014 15334584.000000 15334583.646995 0.353005 0.000002         
30932992    .1570940000 .0000000317 .0001780449 .0001027942 15465604.000000 15465604.532968 0.532968 0.000003         
31195136    .1578206666 .0000001068 .0003268026 .0001886795 15596665.000000 15596665.100401 0.100401 0.000001         
31457280    .1591393334 .0000000231 .0001519868 .0000877496 15727660.000000 15727659.738619 0.261381 0.000002         
31719424    .1605953333 .0000000306 .0001749285 .0001009950 15858712.000000 15858712.642390 0.642390 0.000004         
31981568    .1622840000 .0000012016 .0010961751 .0006328769 15989808.000000 15989807.423185 0.576815 0.000004         
32243712    .1628403333 .0000000697 .0002640075 .0001524248 16121002.000000 16121002.891442 0.891442 0.000006         
32505856    .1640330000 .0000000862 .0002935983 .0001695090 16251821.000000 16251821.487858 0.487858 0.000003         
32768000    .1649153333 .0000000760 .0002756809 .0001591644 16382775.000000 16382774.156381 0.843619 0.000005         
33030144    .1668576666 .0000000801 .0002830194 .0001634013 16513861.000000 16513861.854217 0.854217 0.000005         
33292288    .1676330000 .0000000463 .0002151743 .0001242309 16644917.000000 16644917.972407 0.972407 0.000006         
33554432    .1693623334 .0000012482 .0011172287 .0006450322 16776150.000000 16776151.178435 1.178435 0.000007         
33816576    .1704233334 .0000001123 .0003351119 .0001934769 16907226.000000 16907226.736800 0.736800 0.000004         
34078720    .1713726667 .0000000258 .0001606237 .0000927361 17038352.000000 17038352.639178 0.639178 0.000004         
34340864    .1725890000 .0000002025 .0004500000 .0002598076 17169610.000000 17169610.446440 0.446440 0.000003         
34603008    .1733856667 .0000000516 .0002271563 .0001311487 17300624.000000 17300624.617809 0.617809 0.000004         
34865152    .1746763334 .0000000168 .0001296148 .0000748331 17431360.000000 17431359.811632 0.188368 0.000001         
35127296    .1756810000 .0000000474 .0002177154 .0001256980 17562384.000000 17562384.976310 0.976310 0.000006         
35389440    .1770233334 .0000000338 .0001838477 .0001061445 17693234.000000 17693233.685796 0.314204 0.000002         
35651584    .1784736667 .0000001835 .0004283689 .0002473188 17824150.000000 17824150.650868 0.650868 0.000004         
35913728    .1791336667 .0000000082 .0000905538 .0000522812 17955306.000000 17955305.762345 0.237655 0.000001         
36175872    .1804403334 .0000000494 .0002222611 .0001283225 18086168.000000 18086167.922175 0.077825 0.000000         
36438016    .1816616666 .0000000645 .0002539685 .0001466287 18217290.000000 18217288.999866 1.000134 0.000005         
36700160    .1829376666 .0000000344 .0001854723 .0001070824 18348402.000000 18348400.194083 1.805917 0.000010         
36962304    .1842356667 .0000000375 .0001936491 .0001118033 18479334.000000 18479333.458051 0.541949 0.000003         
37224448    .1852383334 .0000001682 .0004101219 .0002367839 18610042.000000 18610041.374910 0.625090 0.000003         
37486592    .1863690000 .0000000894 .0002989983 .0001726267 18741278.000000 18741276.392355 1.607645 0.000009         
37748736    .1876980000 .0000001732 .0004161730 .0002402775 18872312.000000 18872312.798081 0.798081 0.000004         
38010880    .1886980000 .0000000299 .0001729161 .0000998331 19003330.000000 19003330.620800 0.620800 0.000003         
38273024    .1900233334 .0000000184 .0001356465 .0000783155 19134450.000000 19134450.768493 0.768493 0.000004         
38535168    .1913780000 .0000001603 .0004003748 .0002311564 19265488.000000 19265490.371546 2.371546 0.000012         
38797312    .1926003334 .0000002422 .0004921381 .0002841360 19396256.000000 19396256.315801 0.315801 0.000002         
39059456    .1936190000 .0000002497 .0004996999 .0002885018 19527540.000000 19527540.181283 0.181283 0.000001         
39321600    .1944566667 .0000000061 .0000781024 .0000450924 19658634.000000 19658633.416346 0.583654 0.000003         
39583744    .1957100000 .0000000292 .0001708800 .0000986576 19789762.000000 19789762.982070 0.982070 0.000005         
39845888    .1968886666 .0000003205 .0005661271 .0003268536 19920868.000000 19920867.430362 0.569638 0.000003         
40108032    .1981390000 .0000000167 .0001292284 .0000746100 20052164.000000 20052164.297352 0.297352 0.000001         
40370176    .1994220000 .0000002299 .0004794788 .0002768272 20183256.000000 20183258.156022 2.156022 0.000011         
40632320    .2004233333 .0000001486 .0003854867 .0002225608 20314386.000000 20314385.846384 0.153616 0.000001         
40894464    .2017600000 .0000000482 .0002195449 .0001267543 20445244.000000 20445243.521553 0.478447 0.000002         
41156608    .2028223333 .0000000472 .0002172556 .0001254325 20575970.000000 20575970.815808 0.815808 0.000004         
41418752    .2038913333 .0000000570 .0002387467 .0001378404 20706994.000000 20706994.229847 0.229847 0.000001         
41680896    .2052723334 .0000000066 .0000812403 .0000469041 20837976.000000 20837976.669707 0.669707 0.000003         
41943040    .2071786666 .0000015241 .0012345444 .0007127645 20969144.000000 20969144.668323 0.668323 0.000003         
42205184    .2077750000 .0000000118 .0001086278 .0000627162 21100072.000000 21100071.805641 0.194359 0.000001         
42467328    .2089183333 .0000001097 .0003312099 .0001912241 21231072.000000 21231070.714984 1.285016 0.000006         
42729472    .2098860000 .0000001139 .0003374907 .0001948503 21362028.000000 21362029.301806 1.301806 0.000006         
42991616    .2107850000 .0000000142 .0001191637 .0000687991 21492872.000000 21492871.874998 0.125002 0.000001         
43253760    .2127626667 .0000013866 .0011775398 .0006798529 21623904.000000 21623904.102640 0.102640 0.000000         
43515904    .2136703334 .0000000076 .0000871779 .0000503321 21754946.000000 21754944.576980 1.423020 0.000007         
43778048    .2145376667 .0000000251 .0001584297 .0000914694 21885902.000000 21885901.010630 0.989370 0.000005         
44040192    .2158326667 .0000000011 .0000331662 .0000191485 22016906.000000 22016905.428653 0.571347 0.000003         
44302336    .2169110000 .0000000662 .0002572936 .0001485485 22148002.000000 22148003.491101 1.491101 0.000007         
44564480    .2186423334 .0000012124 .0011010903 .0006357147 22279050.000000 22279050.403724 0.403724 0.000002         
44826624    .2198090000 .0000005839 .0007641334 .0004411726 22410130.000000 22410127.615386 2.384614 0.000011         
45088768    .2209236666 .0000002137 .0004622769 .0002668956 22541118.000000 22541115.920409 2.079591 0.000009         
45350912    .2221076666 .0000001418 .0003765634 .0002174089 22671986.000000 22671985.338929 0.661071 0.000003         
45613056    .2229396667 .0000000616 .0002481934 .0001432945 22803114.000000 22803113.445863 0.554137 0.000002         
45875200    .2240873333 .0000000305 .0001746424 .0001008298 22934054.000000 22934053.796718 0.203282 0.000001         
46137344    .2252950000 .0000000134 .0001157583 .0000668330 23065170.000000 23065169.701036 0.298964 0.000001         
46399488    .2259553333 .0000000105 .0001024695 .0000591607 23196406.000000 23196407.197731 1.197731 0.000005         
46661632    .2277640000 .0000000032 .0000565685 .0000326598 23327506.000000 23327506.949618 0.949618 0.000004         
46923776    .2291636666 .0000000699 .0002643860 .0001526433 23458876.000000 23458876.685842 0.685842 0.000003         
47185920    .2301780000 .0000000554 .0002353720 .0001358920 23590018.000000 23590018.314721 0.314721 0.000001         
47448064    .2311700000 .0000000563 .0002372762 .0001369914 23721148.000000 23721147.123646 0.876354 0.000004         
47710208    .2323726667 .0000000451 .0002123676 .0001226104 23852314.000000 23852312.668295 1.331705 0.000006         
47972352    .2337600000 .0000000239 .0001545962 .0000892561 23983402.000000 23983401.870066 0.129934 0.000001         
48234496    .2343616666 .0000000388 .0001969771 .0001137247 24114098.000000 24114097.865980 0.134020 0.000001         
48496640    .2355223334 .0000003097 .0005565069 .0003212994 24245356.000000 24245357.047726 1.047726 0.000004         
48758784    .2366623333 .0000000106 .0001029563 .0000594418 24376550.000000 24376550.295679 0.295679 0.000001         
49020928    .2380553334 .0000001892 .0004349712 .0002511307 24507376.000000 24507376.500131 0.500131 0.000002         
49283072    .2394240000 .0000003899 .0006244197 .0003605088 24638336.000000 24638335.199443 0.800557 0.000003         
49545216    .2406143333 .0000000213 .0001459451 .0000842614 24769412.000000 24769411.046737 0.953263 0.000004         
49807360    .2417793334 .0000001564 .0003954743 .0002283271 24900382.000000 24900381.567563 0.432437 0.000002         
50069504    .2427306666 .0000001355 .0003681032 .0002125244 25031436.000000 25031435.242402 0.757598 0.000003         
50331648    .2436353333 .0000001283 .0003581898 .0002068009 25162616.000000 25162614.924530 1.075470 0.000004         
50593792    .2448916667 .0000000600 .0002449489 .0001414213 25293784.000000 25293784.436564 0.436564 0.000002         
50855936    .2462753334 .0000001443 .0003798683 .0002193170 25425048.000000 25425048.522554 0.522554 0.000002         
51118080    .2475466666 .0000000642 .0002533771 .0001462873 25556296.000000 25556295.480852 0.519148 0.000002         
51380224    .2483976666 .0000001322 .0003635931 .0002099205 25687378.000000 25687378.180462 0.180462 0.000001         
51642368    .2494080000 .0000000383 .0001957038 .0001129896 25818358.000000 25818358.261000 0.261000 0.000001         
51904512    .2507283334 .0000002162 .0004649731 .0002684523 25949464.000000 25949464.599580 0.599580 0.000002         
52166656    .2520916667 .0000004230 .0006503845 .0003754996 26080440.000000 26080439.594671 0.405329 0.000002         
52428800    .2533940000 .0000002095 .0004577116 .0002642599 26211684.000000 26211684.312879 0.312879 0.000001         
52690944    .2545620000 .0000000150 .0001224744 .0000707106 26342632.000000 26342632.946674 0.946674 0.000004         
52953088    .2555626667 .0000001459 .0003819685 .0002205296 26473928.000000 26473926.433088 1.566912 0.000006         
53215232    .2571000000 .0000007360 .0008579044 .0004953113 26605172.000000 26605169.007889 2.992111 0.000011         
53477376    .2592373334 .0000017345 .0013170041 .0007603726 26736368.000000 26736366.824658 1.175342 0.000004         
53739520    .2589730000 .0000002298 .0004793745 .0002767669 26867444.000000 26867443.441392 0.558608 0.000002         
54001664    .2602103333 .0000001946 .0004411349 .0002546893 26998624.000000 26998622.905840 1.094160 0.000004         
54263808    .2612180000 .0000001075 .0003278719 .0001892969 27129718.000000 27129718.353655 0.353655 0.000001         
54525952    .2624020000 .0000004268 .0006532993 .0003771825 27260750.000000 27260749.684497 0.315503 0.000001         
54788096    .2639103334 .0000000369 .0001920937 .0001109053 27391508.000000 27391508.961816 0.961816 0.000004         
55050240    .2657163334 .0000003006 .0005482700 .0003165438 27522584.000000 27522585.174398 1.174398 0.000004         
55312384    .2661300000 .0000002251 .0004744470 .0002739221 27653824.000000 27653824.979482 0.979482 0.000004         
55574528    .2672150000 .0000000212 .0001456021 .0000840634 27784980.000000 27784981.448774 1.448774 0.000005         
55836672    .2693770000 .0000003765 .0006135959 .0003542597 27916126.000000 27916125.863040 0.136960 0.000000         
56098816    .2697420000 .0000002883 .0005369357 .0003099999 28047140.000000 28047139.541035 0.458965 0.000002         
56360960    .2709176667 .0000000619 .0002487971 .0001436430 28178318.000000 28178317.454659 0.545341 0.000002         
56623104    .2719390000 .0000000508 .0002253885 .0001301281 28309580.000000 28309578.871566 1.128434 0.000004         
56885248    .2774006667 .0000426696 .0065321971 .0037713657 28440670.000000 28440668.162777 1.837223 0.000006         
57147392    .2743383334 .0000002960 .0005440588 .0003141124 28571854.000000 28571854.491483 0.491483 0.000002         
57409536    .2756920000 .0000000628 .0002505992 .0001446835 28702986.000000 28702986.178808 0.178808 0.000001         
57671680    .2769000000 .0000001188 .0003446737 .0001989974 28833914.000000 28833915.097917 1.097917 0.000004         
57933824    .2775626666 .0000000016 .0000400000 .0000230940 28965098.000000 28965099.076321 1.076321 0.000004         
58195968    .2786733334 .0000000953 .0003087069 .0001782320 29095700.000000 29095698.746364 1.253636 0.000004         
58458112    .2800120000 .0000000440 .0002097617 .0001211059 29226768.000000 29226768.338879 0.338879 0.000001         
58720256    .2809943333 .0000000917 .0003028200 .0001748332 29357594.000000 29357593.701601 0.298399 0.000001         
58982400    .2824523334 .0000001793 .0004234383 .0002444722 29488550.000000 29488549.194074 0.805926 0.000003         
59244544    .2837953334 .0000007817 .0008841379 .0005104572 29619662.000000 29619661.720100 0.279900 0.000001         
59506688    .2846230000 .0000001560 .0003949683 .0002280350 29750486.000000 29750486.484386 0.484386 0.000002         
59768832    .2853386667 .0000002923 .0005406477 .0003121430 29881468.000000 29881466.237094 1.762906 0.000006         
60030976    .2868426666 .0000003441 .0005866003 .0003386738 30012610.000000 30012609.533288 0.466712 0.000002         
60293120    .2875456667 .0000000119 .0001090871 .0000629814 30143770.000000 30143770.185861 0.185861 0.000001         
60555264    .2888136667 .0000000306 .0001749285 .0001009950 30274476.000000 30274476.058826 0.058826 0.000000         
60817408    .2897506666 .0000000404 .0002009975 .0001160459 30405552.000000 30405551.449700 0.550300 0.000002         
61079552    .2913036667 .0000004597 .0006780117 .0003914502 30536884.000000 30536884.167050 0.167050 0.000001         
61341696    .2919006666 .0000000300 .0001732050 .0000999999 30667700.000000 30667697.570712 2.429288 0.000008         
61603840    .2929120000 .0000003218 .0005672741 .0003275158 30798580.000000 30798579.471774 0.528226 0.000002         
61865984    .2942430000 .0000000089 .0000943398 .0000544671 30929598.000000 30929596.807187 1.192813 0.000004         
62128128    .2960086667 .0000003527 .0005938855 .0003428799 31060834.000000 31060834.779375 0.779375 0.000003         
62390272    .2963680000 .0000000658 .0002565151 .0001480990 31191698.000000 31191698.891575 0.891575 0.000003         
62652416    .2980086667 .0000000054 .0000734846 .0000424263 31322688.000000 31322686.950992 1.049008 0.000003         
62914560    .2989726666 .0000001237 .0003517101 .0002030599 31453712.000000 31453711.031527 0.968473 0.000003         
63176704    .3002496667 .0000001823 .0004269660 .0002465089 31584818.000000 31584817.936422 0.063578 0.000000         
63438848    .3016863334 .0000003460 .0005882176 .0003396075 31715770.000000 31715769.921316 0.078684 0.000000         
63700992    .3022816667 .0000000173 .0001315294 .0000759385 31846798.000000 31846797.961747 0.038253 0.000000         
63963136    .3034910000 .0000002725 .0005220153 .0003013856 31977856.000000 31977856.755708 0.755708 0.000002         
64225280    .3045046666 .0000002145 .0004631414 .0002673948 32108728.000000 32108726.846409 1.153591 0.000004         
64487424    .3068693333 .0000005959 .0007719455 .0004456829 32239588.000000 32239590.075005 2.075005 0.000006         
64749568    .3080863333 .0000001363 .0003691882 .0002131509 32370752.000000 32370750.909012 1.090988 0.000003         
65011712    .3084756667 .0000000213 .0001459451 .0000842614 32501918.000000 32501918.202632 0.202632 0.000001         
65273856    .3092850000 .0000001854 .0004305810 .0002485960 32633068.000000 32633068.453240 0.453240 0.000001         
65536000    .3105853334 .0000000096 .0000979795 .0000565684 32763988.000000 32763989.828434 1.828434 0.000006         
65798144    .3116896666 .0000000694 .0002634387 .0001520964 32895160.000000 32895161.887882 1.887882 0.000006         
66060288    .3130240000 .0000000844 .0002905167 .0001677298 33026462.000000 33026463.349171 1.349171 0.000004         
66322432    .3140383333 .0000002768 .0005261178 .0003037542 33157800.000000 33157800.099132 0.099132 0.000000         
66584576    .3155423334 .0000002625 .0005123475 .0002958039 33288748.000000 33288746.488552 1.511448 0.000005         
66846720    .3168663333 .0000000167 .0001292284 .0000746100 33419592.000000 33419588.794348 3.205652 0.000010         
67108864    .3177603333 .0000002353 .0004850773 .0002800595 33550608.000000 33550608.129042 0.129042 0.000000         
67371008    .3186023334 .0000000933 .0003054504 .0001763518 33681912.000000 33681913.018674 1.018674 0.000003         
67633152    .3204920000 .0000003321 .0005762811 .0003327160 33812948.000000 33812947.716253 0.283747 0.000001         
67895296    .3222003334 .0000000246 .0001568438 .0000905538 33944000.000000 33943999.947978 0.052022 0.000000         
68157440    .3223850000 .0000000092 .0000959166 .0000553774 34074968.000000 34074969.478311 1.478311 0.000004         
68419584    .3234046667 .0000000716 .0002675817 .0001544883 34206168.000000 34206168.563785 0.563785 0.000002         
68681728    .3243893334 .0000000825 .0002872281 .0001658312 34337368.000000 34337368.338350 0.338350 0.000001         
68943872    .3258080000 .0000004510 .0006715653 .0003877284 34468520.000000 34468518.078785 1.921215 0.000006         
69206016    .3267466667 .0000003387 .0005819793 .0003360059 34599536.000000 34599534.300307 1.699693 0.000005         
69468160    .3280450000 .0000001409 .0003753664 .0002167178 34730856.000000 34730855.987365 0.012635 0.000000         
69730304    .3295830000 .0000005269 .0007258787 .0004190862 34861720.000000 34861720.324527 0.324527 0.000001         
69992448    .3300520000 .0000000758 .0002753179 .0001589548 34992820.000000 34992820.344993 0.344993 0.000001         
70254592    .3316650000 .0000001960 .0004427188 .0002556038 35124012.000000 35124011.505857 0.494143 0.000001         
70516736    .3329740000 .0000005200 .0007211102 .0004163331 35255248.000000 35255250.664185 2.664185 0.000008         
70778880    .3338740000 .0000001127 .0003357082 .0001938212 35386368.000000 35386369.943048 1.943048 0.000005         
71041024    .3350943334 .0000001076 .0003280243 .0001893849 35517356.000000 35517356.667859 0.667859 0.000002         
71303168    .3363050000 .0000002135 .0004620606 .0002667708 35648380.000000 35648380.503858 0.503858 0.000001         
71565312    .3376403333 .0000002523 .0005022947 .0002899999 35779624.000000 35779622.869292 1.130708 0.000003         
71827456    .3390483333 .0000011727 .0010829127 .0006252199 35910704.000000 35910702.369157 1.630843 0.000005         
72089600    .3395860000 .0000000309 .0001757839 .0001014888 36041856.000000 36041854.355180 1.644820 0.000005         
72351744    .3408373334 .0000001189 .0003448187 .0001990811 36172780.000000 36172777.748230 2.251770 0.000006         
72613888    .3424146667 .0000000223 .0001493318 .0000862167 36303924.000000 36303920.470250 3.529750 0.000010         
72876032    .3437750000 .0000000401 .0002002498 .0001156142 36434944.000000 36434943.063108 0.936892 0.000003         
73138176    .3446313333 .0000001580 .0003974921 .0002294921 36565980.000000 36565979.902249 0.097751 0.000000         
73400320    .3459336666 .0000000233 .0001526433 .0000881286 36697212.000000 36697212.593737 0.593737 0.000002         
73662464    .3467293334 .0000000005 .0000223606 .0000129098 36828448.000000 36828447.783681 0.216319 0.000001         
73924608    .3481490000 .0000004646 .0006816157 .0003935310 36959724.000000 36959725.590015 1.590015 0.000004         
74186752    .3501666667 .0000005301 .0007280796 .0004203569 37090736.000000 37090739.784691 3.784691 0.000010         
74448896    .3502850000 .0000000792 .0002814249 .0001624807 37221520.000000 37221523.224875 3.224875 0.000009         
74711040    .3512320000 .0000000076 .0000871779 .0000503321 37352664.000000 37352666.891612 2.891612 0.000008         
74973184    .3522516666 .0000001397 .0003737646 .0002157930 37483660.000000 37483657.891048 2.108952 0.000006         
75235328    .3536756667 .0000000881 .0002968164 .0001713670 37614768.000000 37614767.795956 0.204044 0.000001         
75497472    .3551616667 .0000001625 .0004031128 .0002327372 37745960.000000 37745959.122195 0.877805 0.000002         
75759616    .3559850000 .0000000443 .0002104756 .0001215181 37876996.000000 37876991.861432 4.138568 0.000011         
76021760    .3580500000 .0000002514 .0005013980 .0002894822 38008216.000000 38008213.565259 2.434741 0.000006         
76283904    .3589470000 .0000000860 .0002932575 .0001693122 38139152.000000 38139150.042888 1.957112 0.000005         
76546048    .3597353334 .0000004895 .0006996427 .0004039389 38270096.000000 38270090.936043 5.063957 0.000013         
76808192    .3606453333 .0000000672 .0002592296 .0001496662 38401132.000000 38401129.863847 2.136153 0.000006         
77070336    .3625440000 .0000004574 .0006763135 .0003904697 38531992.000000 38531990.400164 1.599836 0.000004         
77332480    .3632703333 .0000000196 .0001400000 .0000808290 38663120.000000 38663122.661106 2.661106 0.000007         
77594624    .3645313334 .0000001835 .0004283689 .0002473188 38794320.000000 38794319.904171 0.095829 0.000000         
77856768    .3652420000 .0000000606 .0002461706 .0001421266 38925496.000000 38925494.225402 1.774598 0.000005         
78118912    .3667433334 .0000000708 .0002660826 .0001536228 39056756.000000 39056751.500831 4.499169 0.000012         
78381056    .3686250000 .0000005885 .0007671375 .0004429070 39187844.000000 39187841.733195 2.266805 0.000006         
78643200    .3686253333 .0000000307 .0001752141 .0001011599 39319052.000000 39319048.806568 3.193432 0.000008         
78905344    .3700383334 .0000000425 .0002061552 .0001190237 39450096.000000 39450094.522731 1.477269 0.000004         
79167488    .3714820000 .0000000514 .0002267156 .0001308943 39581108.000000 39581106.279596 1.720404 0.000004         
79429632    .3728276666 .0000003508 .0005922837 .0003419551 39711856.000000 39711855.068955 0.931045 0.000002         
79691776    .3738366666 .0000001914 .0004374928 .0002525865 39843072.000000 39843071.037141 0.962859 0.000002         
79953920    .3748146666 .0000001048 .0003237282 .0001869045 39974152.000000 39974150.320555 1.679445 0.000004         
80216064    .3763336667 .0000001932 .0004395452 .0002537715 40105144.000000 40105145.153507 1.153507 0.000003         
80478208    .3780030000 .0000009008 .0009491048 .0005479659 40236300.000000 40236303.450119 3.450119 0.000009         
80740352    .3785356667 .0000000195 .0001396424 .0000806225 40367364.000000 40367367.517008 3.517008 0.000009         
81002496    .3795296667 .0000001566 .0003957271 .0002284731 40498360.000000 40498360.375804 0.375804 0.000001         
81264640    .3808770000 .0000000395 .0001987460 .0001147460 40629460.000000 40629460.945880 0.945880 0.000002         
81526784    .3822943334 .0000000215 .0001466287 .0000846561 40760572.000000 40760573.707111 1.707111 0.000004         
81788928    .3836020000 .0000003243 .0005694734 .0003287856 40891680.000000 40891678.946309 1.053691 0.000003         
82051072    .3844630000 .0000001773 .0004210700 .0002431048 41022724.000000 41022721.556810 2.443190 0.000006         
82313216    .3855506667 .0000000401 .0002002498 .0001156142 41153804.000000 41153805.166816 1.166816 0.000003         
82575360    .3868470000 .0000000730 .0002701851 .0001559914 41284576.000000 41284575.437244 0.562756 0.000001         
82837504    .3880843334 .0000000485 .0002202271 .0001271481 41415576.000000 41415578.806378 2.806378 0.000007         
83099648    .3895123333 .0000007638 .0008739565 .0005045790 41546600.000000 41546600.953189 0.953189 0.000002         
83361792    .3903810000 .0000000691 .0002628687 .0001517673 41677652.000000 41677653.342808 1.342808 0.000003         
83623936    .3912320000 .0000000435 .0002085665 .0001204159 41808700.000000 41808702.330514 2.330514 0.000006         
83886080    .3931980000 .0000002080 .0004560701 .0002633121 41940160.000000 41940161.843689 1.843689 0.000004         
84148224    .3939170000 .0000000979 .0003128897 .0001806469 42071136.000000 42071137.722018 1.722018 0.000004         
84410368    .3949950000 .0000000401 .0002002498 .0001156142 42202224.000000 42202224.846545 0.846545 0.000002         
84672512    .3959926667 .0000003014 .0005489990 .0003169647 42333160.000000 42333161.176919 1.176919 0.000003         
84934656    .3971093334 .0000000045 .0000670820 .0000387298 42464148.000000 42464149.266994 1.266994 0.000003         
85196800    .3983340000 .0000001703 .0004126742 .0002382575 42595116.000000 42595116.909325 0.909325 0.000002         
85458944    .3999330000 .0000013327 .0011544262 .0006665082 42726016.000000 42726015.472132 0.527868 0.000001         
85721088    .4010806667 .0000000768 .0002771281 .0001599999 42857156.000000 42857155.110669 0.889331 0.000002         
85983232    .4018220000 .0000001797 .0004239103 .0002447447 42987936.000000 42987938.310378 2.310378 0.000005         
86245376    .4032650000 .0000000508 .0002253885 .0001301281 43119040.000000 43119041.582979 1.582979 0.000004         
86507520    .4039200000 .0000001376 .0003709447 .0002141650 43250056.000000 43250053.691454 2.308546 0.000005         
86769664    .4052586666 .0000001178 .0003432200 .0001981581 43381280.000000 43381278.736368 1.263632 0.000003         
87031808    .4062636667 .0000000717 .0002677685 .0001545962 43512500.000000 43512500.126201 0.126201 0.000000         
87293952    .4078593333 .0000000160 .0001264911 .0000730296 43643548.000000 43643548.301214 0.301214 0.000001         
87556096    .4089800000 .0000000172 .0001311487 .0000757187 43774436.000000 43774436.726708 0.726708 0.000002         
87818240    .4101716667 .0000000830 .0002880972 .0001663329 43905244.000000 43905245.138627 1.138627 0.000003         
88080384    .4119030000 .0000011707 .0010819889 .0006246865 44036308.000000 44036309.264188 1.264188 0.000003         
88342528    .4124466667 .0000001864 .0004317406 .0002492655 44167420.000000 44167421.895361 1.895361 0.000004         
88604672    .4138826667 .0000001611 .0004013726 .0002317325 44298584.000000 44298584.215544 0.215544 0.000000         
88866816    .4146900000 .0000001660 .0004074309 .0002352303 44429332.000000 44429332.960676 0.960676 0.000002         
89128960    .4160756667 .0000001547 .0003933192 .0002270829 44560536.000000 44560535.674477 0.325523 0.000001         
89391104    .4167510000 .0000001870 .0004324349 .0002496664 44691832.000000 44691835.101805 3.101805 0.000007         
89653248    .4185430000 .0000004423 .0006650563 .0003839704 44822896.000000 44822896.604456 0.604456 0.000001         
89915392    .4192736666 .0000001383 .0003718870 .0002147090 44953856.000000 44953858.592703 2.592703 0.000006         
90177536    .4212450000 .0000009247 .0009616132 .0005551876 45085060.000000 45085056.667371 3.332629 0.000007         
90439680    .4228736667 .0000016405 .0012808200 .0007394817 45216060.000000 45216060.101339 0.101339 0.000000         
90701824    .4228746666 .0000000557 .0002360084 .0001362595 45347380.000000 45347383.428765 3.428765 0.000008         
90963968    .4241930000 .0000000145 .0001204159 .0000695221 45478252.000000 45478248.593116 3.406884 0.000007         
91226112    .4251830000 .0000000734 .0002709243 .0001564182 45609392.000000 45609392.773378 0.773378 0.000002         
91488256    .4267603334 .0000000978 .0003127299 .0001805546 45740628.000000 45740627.314332 0.685668 0.000001         
91750400    .4274743333 .0000001937 .0004401136 .0002540997 45871604.000000 45871605.930111 1.930111 0.000004         
92012544    .4293570000 .0000007006 .0008370185 .0004832528 46002320.000000 46002322.607865 2.607865 0.000006         
92274688    .4298786666 .0000000007 .0000264575 .0000152752 46133692.000000 46133694.084090 2.084090 0.000005         
92536832    .4314060000 .0000007146 .0008453401 .0004880573 46264840.000000 46264841.404479 1.404479 0.000003         
92798976    .4321853333 .0000003680 .0006066300 .0003502379 46395992.000000 46395994.457785 2.457785 0.000005         
93061120    .4336340000 .0000002615 .0005113707 .0002952400 46527156.000000 46527156.223386 0.223386 0.000000         
93323264    .4350593334 .0000005518 .0007428324 .0004288744 46658300.000000 46658299.899636 0.100364 0.000000         
93585408    .4353900000 .0000000265 .0001627882 .0000939858 46789676.000000 46789678.701872 2.701872 0.000006         
93847552    .4366846667 .0000000982 .0003133687 .0001809235 46920720.000000 46920719.416261 0.583739 0.000001         
94109696    .4377770000 .0000000047 .0000685565 .0000395811 47051724.000000 47051723.726435 0.273565 0.000001         
94371840    .4402126667 .0000004977 .0007054785 .0004073082 47182928.000000 47182927.907687 0.092313 0.000000         
94633984    .4405076666 .0000001264 .0003555277 .0002052640 47313900.000000 47313901.033333 1.033333 0.000002         
94896128    .4416493333 .0000002305 .0004801041 .0002771882 47445004.000000 47445004.062357 0.062357 0.000000         
95158272    .4428726666 .0000002949 .0005430469 .0003135282 47576124.000000 47576122.774065 1.225935 0.000003         
95420416    .4437386667 .0000000552 .0002349468 .0001356465 47707196.000000 47707199.548812 3.548812 0.000007         
95682560    .4450730000 .0000001108 .0003328663 .0001921804 47838364.000000 47838366.486135 2.486135 0.000005         
95944704    .4466570000 .0000001566 .0003957271 .0002284731 47969508.000000 47969506.799172 1.200828 0.000003         
96206848    .4479296667 .0000002167 .0004655104 .0002687625 48100708.000000 48100703.299593 4.700407 0.000010         
96468992    .4486516666 .0000003428 .0005854912 .0003380335 48231604.000000 48231598.863172 5.136828 0.000011         
96731136    .4499380000 .0000000782 .0002796426 .0001614517 48362644.000000 48362642.994055 1.005945 0.000002         
96993280    .4517943334 .0000009557 .0009775990 .0005644170 48493940.000000 48493939.847233 0.152767 0.000000         
97255424    .4518326667 .0000000564 .0002374868 .0001371130 48625108.000000 48625103.257591 4.742409 0.000010         
97517568    .4540946666 .0000000775 .0002783882 .0001607275 48756060.000000 48756056.135470 3.864530 0.000008         
97779712    .4542750000 .0000000130 .0001140175 .0000658280 48887144.000000 48887141.035909 2.964091 0.000006         
98041856    .4557673333 .0000001753 .0004186884 .0002417298 49018136.000000 49018135.018170 0.981830 0.000002         
98304000    .4568120000 .0000000252 .0001587450 .0000916514 49149320.000000 49149315.656117 4.343883 0.000009         
98566144    .4579903334 .0000000537 .0002317326 .0001337908 49280272.000000 49280266.150641 5.849359 0.000012         
98828288    .4590123334 .0000002409 .0004908156 .0002833725 49411456.000000 49411451.602896 4.397104 0.000009         
99090432    .4604886666 .0000002889 .0005374941 .0003103223 49542356.000000 49542354.193575 1.806425 0.000004         
99352576    .4617110000 .0000000590 .0002428991 .0001402378 49673592.000000 49673591.139923 0.860077 0.000002         
99614720    .4630060000 .0000002236 .0004728636 .0002730079 49804572.000000 49804571.713021 0.286979 0.000001         
99876864    .4640990000 .0000003347 .0005785326 .0003340159 49935620.000000 49935621.510794 1.510794 0.000003         
100139008    .4656353334 .0000005303 .0007282170 .0004204362 50066600.000000 50066603.619855 3.619855 0.000007         
100401152    .4663893333 .0000002402 .0004901020 .0002829605 50197752.000000 50197753.302612 1.302612 0.000003         
100663296    .4670563333 .0000000680 .0002607680 .0001505544 50328936.000000 50328937.048432 1.048432 0.000002         
100925440    .4683553333 .0000000282 .0001679285 .0000969535 50459736.000000 50459736.236441 0.236441 0.000000         
101187584    .4694570000 .0000000356 .0001886796 .0001089342 50590836.000000 50590834.345086 1.654914 0.000003         
101449728    .4710113334 .0000000059 .0000768114 .0000443470 50721876.000000 50721875.657705 0.342295 0.000001         
101711872    .4722403334 .0000000109 .0001044030 .0000602771 50853096.000000 50853096.479415 0.479415 0.000001         
101974016    .4732616667 .0000000532 .0002306512 .0001331665 50984228.000000 50984227.066696 0.933304 0.000002         
102236160    .4744830000 .0000000895 .0002991655 .0001727232 51115116.000000 51115117.308548 1.308548 0.000003         
102498304    .4757843334 .0000000997 .0003157530 .0001823000 51246020.000000 51246024.337476 4.337476 0.000008         
102760448    .4779093334 .0000003418 .0005846366 .0003375400 51377148.000000 51377150.032168 2.032168 0.000004         
103022592    .4780436666 .0000000910 .0003016620 .0001741646 51508464.000000 51508467.408055 3.408055 0.000007         
103284736    .4793490000 .0000000441 .0002100000 .0001212435 51639604.000000 51639605.892217 1.892217 0.000004         
103546880    .4802633333 .0000002472 .0004971921 .0002870539 51770740.000000 51770744.130006 4.130006 0.000008         
103809024    .4812203334 .0000002581 .0005080354 .0002933143 51901924.000000 51901927.094627 3.094627 0.000006         
104071168    .4823263333 .0000000185 .0001360147 .0000785281 52032876.000000 52032878.682426 2.682426 0.000005         
104333312    .4840596667 .0000013415 .0011582314 .0006687052 52164060.000000 52164061.355264 1.355264 0.000003         
104595456    .4850666667 .0000004840 .0006957010 .0004016631 52295144.000000 52295142.193149 1.806851 0.000003         
104857600    .4861280000 .0000001318 .0003630426 .0002096027 52426252.000000 52426249.955344 2.044656 0.000004         
 
