262144    .0088983334 .0000000117 .0001081665 .0000624499 -135.973907 -135.973939 0.000032 0.000023         
524288    .0129843334 .0000037778 .0019436563 .0011221704 -1127.945679 -1127.945749 0.000070 0.000006         
786432    .0124020000 .0000000105 .0001024695 .0000591607 247.317993 247.317899 0.000094 0.000038         
1048576    .0152586667 .0000123627 .0035160631 .0020299999 1211.231567 1211.231582 0.000015 0.000001         
1310720    .0158250000 .0000111944 .0033458033 .0019317004 1976.572510 1976.572489 0.000021 0.000001         
1572864    .0163956666 .0000072479 .0026921924 .0015543380 1777.127197 1777.127315 0.000117 0.000007         
1835008    .0237653334 .0000014300 .0011958260 .0006904104 1268.639648 1268.639592 0.000057 0.000004         
2097152    .0250690000 .0000001218 .0003489985 .0002014943 1664.723999 1664.723923 0.000076 0.000005         
2359296    .0288673333 .0000103916 .0032236004 .0018611465 1649.345093 1649.344842 0.000251 0.000015         
2621440    .0317580000 .0000085792 .0029290271 .0016910745 1990.718872 1990.718587 0.000286 0.000014         
2883584    .0314860000 .0000010392 .0010194115 .0005885575 2107.054688 2107.054436 0.000251 0.000012         
3145728    .0340630000 .0000088986 .0029830521 .0017222659 2151.013672 2151.013588 0.000084 0.000004         
3407872    .0378216666 .0000118942 .0034487968 .0019911637 2468.508301 2468.508333 0.000032 0.000001         
3670016    .0363550000 .0000013911 .0011794490 .0006809551 2441.335693 2441.335671 0.000022 0.000001         
3932160    .0399500000 .0000141185 .0037574592 .0021693700 1605.791504 1605.791314 0.000190 0.000012         
4194304    .0395743334 .0000014749 .0012144546 .0007011656 1471.193115 1471.192946 0.000169 0.000011         
4456448    .0411380000 .0000000284 .0001685229 .0000972967 1522.446045 1522.446066 0.000021 0.000001         
4718592    .0429400000 .0000001474 .0003839270 .0002216603 1494.581299 1494.581292 0.000007 0.000000         
4980736    .0465663334 .0000147110 .0038354921 .0022144223 2184.926758 2184.926567 0.000190 0.000009         
5242880    .0482986666 .0000125976 .0035493097 .0020491949 1938.333374 1938.333409 0.000035 0.000002         
5505024    .0513983333 .0000083275 .0028857408 .0016660832 2391.475586 2391.475631 0.000045 0.000002         
5767168    .0556440000 .0000693050 .0083249624 .0048064192 2219.474609 2219.474457 0.000152 0.000007         
6029312    .0529003333 .0000010149 .0010074224 .0005816355 2054.803711 2054.803967 0.000256 0.000012         
6291456    .0534836667 .0000000898 .0002996664 .0001730124 1035.339844 1035.340293 0.000449 0.000043         
6553600    .0553910000 .0000004932 .0007022819 .0004054626 652.863220 652.863744 0.000524 0.000080         
6815744    .0580766667 .0000048134 .0021939462 .0012666754 1063.743896 1063.744301 0.000404 0.000038         
7077888    .0600383334 .0000054675 .0023382685 .0013499999 782.609558 782.609636 0.000078 0.000010         
7340032    .0623423334 .0000113390 .0033673431 .0019441364 -94.424866 -94.424774 0.000092 0.000097         
7602176    .0630123334 .0000009106 .0009542536 .0005509385 1.273743 1.273983 0.000240 0.018828         
7864320    .0643196667 .0000013847 .0011767327 .0006793869 108.235535 108.235799 0.000265 0.000245         
8126464    .0661026667 .0000003959 .0006292058 .0003632721 -124.496094 -124.495723 0.000371 0.000298         
8388608    .0698623334 .0000143974 .0037943905 .0021906923 -314.976807 -314.976766 0.000041 0.000013         
8650752    .0692333333 .0000011228 .0010596225 .0006117733 -1429.837891 -1429.837809 0.000082 0.000006         
8912896    .0707810000 .0000001231 .0003508560 .0002025668 -1434.034058 -1434.034161 0.000104 0.000007         
9175040    .0721330000 .0000000051 .0000714142 .0000412310 -2658.385498 -2658.385719 0.000221 0.000008         
9437184    .0742390000 .0000002460 .0004959838 .0002863563 -2778.556396 -2778.555746 0.000650 0.000023         
9699328    .0767200000 .0000022962 .0015153217 .0008748713 -2978.588867 -2978.588477 0.000391 0.000013         
9961472    .0777546666 .0000002125 .0004609772 .0002661453 -3416.986328 -3416.985416 0.000912 0.000027         
10223616    .0792530000 .0000000186 .0001363818 .0000787400 -3504.781982 -3504.781597 0.000386 0.000011         
10485760    .0810783333 .0000000169 .0001300000 .0000750555 -2558.981934 -2558.981990 0.000056 0.000002         
10747904    .0828310000 .0000004845 .0006960603 .0004018706 -2035.036865 -2035.036821 0.000044 0.000002         
11010048    .0849076666 .0000012325 .0011101801 .0006409627 -1768.792969 -1768.792766 0.000202 0.000011         
11272192    .0885076667 .0000030265 .0017396838 .0010044069 -759.095825 -759.095873 0.000048 0.000006         
11534336    .0879000000 .0000000920 .0003033150 .0001751189 -1362.844849 -1362.844707 0.000141 0.000010         
11796480    .0900810000 .0000015666 .0012516389 .0007226340 -1528.551880 -1528.551996 0.000116 0.000008         
12058624    .0916650000 .0000002888 .0005374011 .0003102686 -1101.907837 -1101.908522 0.000685 0.000062         
12320768    .0957216667 .0000064026 .0025303359 .0014608901 -1002.625122 -1002.625757 0.000635 0.000063         
12582912    .0962846667 .0000010368 .0010182337 .0005878775 -773.805542 -773.805816 0.000274 0.000035         
12845056    .0969376667 .0000015067 .0012274770 .0007086841 -312.193298 -312.193596 0.000298 0.000095         
13107200    .0981803333 .0000001992 .0004463182 .0002576819 -710.914978 -710.915081 0.000103 0.000014         
13369344    .1000510000 .0000000072 .0000848528 .0000489897 191.004456 191.004267 0.000188 0.000099         
13631488    .1024416666 .0000006200 .0007874007 .0004546060 789.156433 789.156115 0.000318 0.000040         
13893632    .1031306667 .0000001702 .0004125530 .0002381875 725.188660 725.187940 0.000719 0.000099         
14155776    .1048906666 .0000000205 .0001431782 .0000826639 1402.300049 1402.299472 0.000577 0.000041         
14417920    .1066023333 .0000000501 .0002238302 .0001292284 1268.305908 1268.305321 0.000587 0.000046         
14680064    .1095946667 .0000015521 .0012458330 .0007192820 1920.742920 1920.742349 0.000571 0.000030         
14942208    .1107166666 .0000000011 .0000331662 .0000191485 2080.349609 2080.349243 0.000367 0.000018         
15204352    .1124493333 .0000006103 .0007812169 .0004510357 1432.230469 1432.230262 0.000207 0.000014         
15466496    .1146290000 .0000004616 .0006794115 .0003922584 1658.644531 1658.644151 0.000380 0.000023         
15728640    .1153993333 .0000000786 .0002803569 .0001618641 1427.140747 1427.140417 0.000330 0.000023         
15990784    .1174326667 .0000013810 .0011751595 .0006784786 889.054626 889.054637 0.000011 0.000001         
16252928    .1189953334 .0000001005 .0003170173 .0001830300 1110.449707 1110.449351 0.000356 0.000032         
16515072    .1216010000 .0000017978 .0013408206 .0007741231 1124.437012 1124.436738 0.000274 0.000024         
16777216    .1226676667 .0000007457 .0008635392 .0004985645 1155.120605 1155.120385 0.000220 0.000019         
17039360    .1245300000 .0000009752 .0009875221 .0005701461 1676.579102 1676.578908 0.000194 0.000012         
17301504    .1258763333 .0000004626 .0006801470 .0003926830 1604.003906 1604.003533 0.000373 0.000023         
17563648    .1278720000 .0000008888 .0009427618 .0005443037 1486.241699 1486.240993 0.000706 0.000048         
17825792    .1305663333 .0000006674 .0008169455 .0004716637 1586.248047 1586.247348 0.000699 0.000044         
18087936    .1307583333 .0000000026 .0000509901 .0000294391 2001.005859 2001.005201 0.000658 0.000033         
18350080    .1327240000 .0000000382 .0001954482 .0001128420 2026.061279 2026.060443 0.000836 0.000041         
18612224    .1353863333 .0000027090 .0016459040 .0009502631 1722.774902 1722.773699 0.001203 0.000070         
18874368    .1364466667 .0000003596 .0005996665 .0003462176 1892.836426 1892.835138 0.001288 0.000068         
19136512    .1389650000 .0000016616 .0012890306 .0007442221 1185.782715 1185.781159 0.001556 0.000131         
19398656    .1400833334 .0000001968 .0004436214 .0002561249 1140.837646 1140.836477 0.001170 0.000103         
19660800    .1412776666 .0000003003 .0005479963 .0003163858 1655.679565 1655.678425 0.001140 0.000069         
19922944    .1427723333 .0000000580 .0002408318 .0001390443 1445.016113 1445.014821 0.001292 0.000089         
20185088    .1445630000 .0000000494 .0002222611 .0001283225 2304.916748 2304.915818 0.000930 0.000040         
20447232    .1467713334 .0000010415 .0010205390 .0005892084 1914.117188 1914.116213 0.000975 0.000051         
20709376    .1483830000 .0000003673 .0006060528 .0003499047 2005.511719 2005.511138 0.000581 0.000029         
20971520    .1494953333 .0000000083 .0000911043 .0000525990 2461.515137 2461.514376 0.000760 0.000031         
21233664    .1514280000 .0000001145 .0003383784 .0001953628 3003.303467 3003.302616 0.000851 0.000028         
21495808    .1536193333 .0000011675 .0010805091 .0006238322 2600.182861 2600.181911 0.000950 0.000037         
21757952    .1552553333 .0000000593 .0002435159 .0001405939 2761.544922 2761.544081 0.000841 0.000030         
22020096    .1565760000 .0000000084 .0000916515 .0000529150 3325.278564 3325.277893 0.000672 0.000020         
22282240    .1582966667 .0000000079 .0000888819 .0000513159 1757.695312 1757.694688 0.000625 0.000036         
22544384    .1605973334 .0000009970 .0009984988 .0005764835 342.914795 342.913639 0.001156 0.000337         
22806528    .1619016666 .0000000154 .0001240967 .0000716472 761.657104 761.655984 0.001121 0.000147         
23068672    .1634473333 .0000000109 .0001044030 .0000602771 147.141296 147.140847 0.000449 0.000305         
23330816    .1651850000 .0000000708 .0002660826 .0001536228 -271.556335 -271.556484 0.000149 0.000055         
23592960    .1669790000 .0000000046 .0000678232 .0000391577 -316.624695 -316.624424 0.000271 0.000085         
23855104    .1700436666 .0000012443 .0011154819 .0006440237 -725.175476 -725.175934 0.000458 0.000063         
24117248    .1706166666 .0000001700 .0004123105 .0002380475 -962.102234 -962.102959 0.000726 0.000075         
24379392    .1730303333 .0000007085 .0008417244 .0004859698 -986.082947 -986.084245 0.001298 0.000132         
24641536    .1741013333 .0000002721 .0005216320 .0003011643 -164.528076 -164.529596 0.001520 0.000924         
24903680    .1760403334 .0000000144 .0001200000 .0000692820 370.173096 370.171601 0.001495 0.000404         
25165824    .1783926667 .0000028511 .0016885200 .0009748674 -825.838379 -825.839818 0.001439 0.000174         
25427968    .1790186666 .0000000615 .0002479919 .0001431781 -836.966797 -836.967184 0.000387 0.000046         
25690112    .1808480000 .0000000104 .0001019803 .0000588783 -1213.055176 -1213.055362 0.000186 0.000015         
25952256    .1825960000 .0000000407 .0002017424 .0001164760 -1518.658691 -1518.659659 0.000967 0.000064         
26214400    .1874356666 .0000295500 .0054359911 .0031384709 -1402.981934 -1402.982779 0.000846 0.000060         
26476544    .1859840000 .0000000528 .0002297825 .0001326649 -1285.171875 -1285.173088 0.001213 0.000094         
26738688    .1875060000 .0000000121 .0001100000 .0000635085 -978.899170 -978.900536 0.001367 0.000140         
27000832    .1894280000 .0000000751 .0002740437 .0001582192 -649.971436 -649.972493 0.001058 0.000163         
27262976    .1916223333 .0000005189 .0007203471 .0004158925 -792.417725 -792.418623 0.000899 0.000113         
27525120    .1930516666 .0000007940 .0008910667 .0005144575 -1029.964600 -1029.965259 0.000659 0.000064         
27787264    .1943510000 .0000000320 .0001788854 .0001032795 -1623.287598 -1623.288427 0.000829 0.000051         
28049408    .1961373334 .0000000446 .0002111871 .0001219289 -1698.587402 -1698.587754 0.000352 0.000021         
28311552    .1979623333 .0000000223 .0001493318 .0000862167 -1827.109863 -1827.110459 0.000596 0.000033         
28573696    .2000320000 .0000000401 .0002002498 .0001156142 -2056.570801 -2056.571241 0.000441 0.000021         
28835840    .2018103334 .0000010065 .0010032447 .0005792235 -2796.786621 -2796.786947 0.000326 0.000012         
29097984    .2029130000 .0000000249 .0001577973 .0000911043 -2765.781250 -2765.781906 0.000656 0.000024         
29360128    .2053843334 .0000025784 .0016057397 .0009270742 -3197.606934 -3197.607393 0.000459 0.000014         
29622272    .2071306666 .0000001914 .0004374928 .0002525865 -3450.093750 -3450.094002 0.000252 0.000007         
29884416    .2082153333 .0000000414 .0002034698 .0001174733 -3545.545898 -3545.545349 0.000549 0.000015         
30146560    .2100553333 .0000001016 .0003187475 .0001840289 -3495.994629 -3495.994426 0.000203 0.000006         
30408704    .2116886667 .0000000238 .0001542724 .0000890692 -4736.417969 -4736.417160 0.000809 0.000017         
30670848    .2148266666 .0000061074 .0024713154 .0014268146 -4254.375977 -4254.375323 0.000653 0.000015         
30932992    .2148576667 .0000000041 .0000640312 .0000369684 -4363.338867 -4363.339455 0.000588 0.000013         
31195136    .2166816666 .0000000796 .0002821347 .0001628905 -3946.090820 -3946.090962 0.000142 0.000004         
31457280    .2183553334 .0000000112 .0001058300 .0000611009 -3607.421875 -3607.422052 0.000177 0.000005         
31719424    .2204343333 .0000004224 .0006499230 .0003752332 -4578.364258 -4578.364228 0.000030 0.000001         
31981568    .2219830000 .0000000044 .0000663324 .0000382970 -4054.772949 -4054.773118 0.000168 0.000004         
32243712    .2237716667 .0000011730 .0010830512 .0006252999 -4525.612793 -4525.612654 0.000139 0.000003         
32505856    .2253206666 .0000000111 .0001053565 .0000608276 -4809.828613 -4809.828636 0.000023 0.000000         
32768000    .2269450000 .0000000298 .0001726267 .0000996660 -5079.678711 -5079.679079 0.000368 0.000007         
33030144    .2291253334 .0000000224 .0001496662 .0000864098 -4811.204590 -4811.204638 0.000048 0.000001         
33292288    .2304286666 .0000000242 .0001555634 .0000898145 -4582.689941 -4582.690210 0.000268 0.000006         
33554432    .2325620000 .0000004754 .0006894925 .0003980786 -4654.284668 -4654.285128 0.000460 0.000010         
33816576    .2337710000 .0000000382 .0001954482 .0001128420 -4635.294434 -4635.294207 0.000227 0.000005         
34078720    .2356310000 .0000000469 .0002165640 .0001250332 -4571.789062 -4571.788779 0.000283 0.000006         
34340864    .2372500000 .0000000322 .0001794435 .0001036017 -4563.432617 -4563.432319 0.000298 0.000007         
34603008    .2394516667 .0000001149 .0003389690 .0001957038 -5013.280273 -5013.279709 0.000564 0.000011         
34865152    .2406283333 .0000000045 .0000670820 .0000387298 -4302.048828 -4302.048042 0.000786 0.000018         
35127296    .2426690000 .0000001287 .0003587478 .0002071231 -3843.842529 -3843.843101 0.000572 0.000015         
35389440    .2441696666 .0000000277 .0001664331 .0000960901 -4046.574463 -4046.574883 0.000420 0.000010         
35651584    .2460290000 .0000000135 .0001161895 .0000670820 -4786.170410 -4786.170171 0.000240 0.000005         
35913728    .2478090000 .0000005457 .0007387151 .0004264973 -5526.208984 -5526.209111 0.000127 0.000002         
36175872    .2494263334 .0000000036 .0000600000 .0000346410 -5235.522461 -5235.523240 0.000779 0.000015         
36438016    .2511403334 .0000001390 .0003728270 .0002152517 -5411.313965 -5411.315835 0.001870 0.000035         
36700160    .2527743334 .0000001883 .0004339354 .0002505327 -5514.078613 -5514.080447 0.001834 0.000033         
36962304    .2542463333 .0000000570 .0002387467 .0001378404 -4934.958984 -4934.960757 0.001772 0.000036         
37224448    .2563826667 .0000001788 .0004228474 .0002441310 -5034.343262 -5034.343984 0.000723 0.000014         
37486592    .2577033334 .0000001115 .0003339161 .0001927865 -5089.498535 -5089.498696 0.000161 0.000003         
37748736    .2594986666 .0000000988 .0003143246 .0001814753 -4814.598145 -4814.598048 0.000097 0.000002         
38010880    .2617313334 .0000000814 .0002853068 .0001647219 -5519.634277 -5519.635055 0.000778 0.000014         
38273024    .2628650000 .0000000727 .0002696293 .0001556705 -5253.642578 -5253.643643 0.001065 0.000020         
38535168    .2647946666 .0000000344 .0001854723 .0001070824 -5487.977051 -5487.978868 0.001817 0.000033         
38797312    .2664160000 .0000000773 .0002780287 .0001605199 -5206.176758 -5206.178577 0.001820 0.000035         
39059456    .2681610000 .0000000382 .0001954482 .0001128420 -4564.691895 -4564.693012 0.001118 0.000024         
39321600    .2698336666 .0000000633 .0002515949 .0001452583 -5929.141602 -5929.142105 0.000503 0.000008         
39583744    .2718636667 .0000001413 .0003758989 .0002170253 -6154.934082 -6154.934338 0.000256 0.000004         
39845888    .2732543334 .0000000325 .0001802775 .0001040832 -5632.092285 -5632.092332 0.000046 0.000001         
40108032    .2751820000 .0000000317 .0001780449 .0001027942 -6632.583496 -6632.584382 0.000886 0.000013         
40370176    .2770400000 .0000000828 .0002877498 .0001661324 -6574.173340 -6574.175145 0.001806 0.000027         
40632320    .2796866667 .0000036779 .0019177851 .0011072337 -6304.090332 -6304.092052 0.001720 0.000027         
40894464    .2800566667 .0000000200 .0001414213 .0000816496 -6877.037598 -6877.039890 0.002292 0.000033         
41156608    .2816200000 .0000000670 .0002588435 .0001494433 -6656.290527 -6656.291658 0.001131 0.000017         
41418752    .2844543333 .0000007500 .0008660254 .0004999999 -6744.707031 -6744.708185 0.001154 0.000017         
41680896    .2853183334 .0000000124 .0001113552 .0000642909 -6484.706055 -6484.707453 0.001398 0.000022         
41943040    .2870456667 .0000000236 .0001536229 .0000886942 -5934.917969 -5934.918622 0.000654 0.000011         
42205184    .2889570000 .0000000979 .0003128897 .0001806469 -5921.290527 -5921.291202 0.000674 0.000011         
42467328    .2902930000 .0000000049 .0000700000 .0000404145 -5964.759766 -5964.760023 0.000257 0.000004         
42729472    .2921463334 .0000000147 .0001212435 .0000699999 -6498.177734 -6498.178551 0.000817 0.000013         
42991616    .2938643333 .0000000987 .0003141655 .0001813835 -7349.505859 -7349.506302 0.000443 0.000006         
43253760    .2954463333 .0000000083 .0000911043 .0000525990 -7422.048828 -7422.050061 0.001233 0.000017         
43515904    .2974466667 .0000000062 .0000787400 .0000454605 -7338.073242 -7338.075348 0.002106 0.000029         
43778048    .2989130000 .0000000223 .0001493318 .0000862167 -7516.238281 -7516.239298 0.001016 0.000014         
44040192    .3006243334 .0000000169 .0001300000 .0000750555 -7013.628906 -7013.629463 0.000556 0.000008         
44302336    .3025540000 .0000000202 .0001421267 .0000820568 -6598.082031 -6598.082383 0.000351 0.000005         
44564480    .3042610000 .0000000402 .0002004993 .0001157583 -6198.151367 -6198.151094 0.000274 0.000004         
44826624    .3060823334 .0000000137 .0001170469 .0000675770 -6058.524414 -6058.525256 0.000842 0.000014         
45088768    .3075190000 .0000000022 .0000469041 .0000270800 -5799.147949 -5799.149274 0.001325 0.000023         
45350912    .3095330000 .0000000450 .0002121320 .0001224744 -6988.541016 -6988.542643 0.001628 0.000023         
45613056    .3107660000 .0000000034 .0000583095 .0000336650 -6848.719727 -6848.722572 0.002845 0.000042         
45875200    .3128766667 .0000000487 .0002206807 .0001274100 -7234.270508 -7234.272651 0.002143 0.000030         
46137344    .3144053334 .0000000877 .0002961418 .0001709775 -7992.326172 -7992.329204 0.003032 0.000038         
46399488    .3163350000 .0000000083 .0000911043 .0000525990 -8160.862305 -8160.864221 0.001917 0.000023         
46661632    .3183990000 .0000002532 .0005031898 .0002905167 -8926.883789 -8926.885458 0.001669 0.000019         
46923776    .3196460000 .0000000382 .0001954482 .0001128420 -9234.264648 -9234.265641 0.000993 0.000011         
47185920    .3214516667 .0000000319 .0001786057 .0001031180 -9064.663086 -9064.664472 0.001386 0.000015         
47448064    .3236660000 .0000010653 .0010321337 .0005959026 -8810.078125 -8810.079106 0.000981 0.000011         
47710208    .3250943333 .0000004136 .0006431174 .0003713040 -8897.426758 -8897.428085 0.001327 0.000015         
47972352    .3265416666 .0000000228 .0001509966 .0000871779 -8588.050781 -8588.052012 0.001231 0.000014         
48234496    .3283316667 .0000000628 .0002505992 .0001446835 -8550.651367 -8550.651767 0.000400 0.000005         
48496640    .3300810000 .0000002068 .0004547526 .0002625515 -9012.951172 -9012.951635 0.000463 0.000005         
48758784    .3316736667 .0000000118 .0001086278 .0000627162 -8702.305664 -8702.306133 0.000469 0.000005         
49020928    .3335220000 .0000000365 .0001910497 .0001103025 -8859.150391 -8859.151232 0.000841 0.000009         
49283072    .3352930000 .0000000320 .0001788854 .0001032795 -9651.316406 -9651.316610 0.000204 0.000002         
49545216    .3370390000 .0000001605 .0004006245 .0002313006 -10065.427734 -10065.428374 0.000640 0.000006         
49807360    .3385460000 .0000000814 .0002853068 .0001647219 -9905.429688 -9905.429279 0.000408 0.000004         
50069504    .3401683334 .0000000927 .0003044667 .0001757839 -10258.427734 -10258.429024 0.001290 0.000013         
50331648    .3418633333 .0000000916 .0003026549 .0001747378 -10158.026367 -10158.027845 0.001477 0.000015         
50593792    .3437706667 .0000000646 .0002541653 .0001467424 -10446.672852 -10446.673545 0.000693 0.000007         
50855936    .3454056667 .0000000025 .0000500000 .0000288675 -10953.725586 -10953.725786 0.000200 0.000002         
51118080    .3471103334 .0000000495 .0002224859 .0001284522 -10852.173828 -10852.174558 0.000730 0.000007         
51380224    .3489823333 .0000000842 .0002901723 .0001675310 -10340.444336 -10340.444761 0.000425 0.000004         
51642368    .3508983334 .0000001217 .0003488552 .0002014116 -10327.854492 -10327.855266 0.000774 0.000007         
51904512    .3521986666 .0000001164 .0003411744 .0001969771 -10251.761719 -10251.761680 0.000039 0.000000         
52166656    .3543956666 .0000001884 .0004340506 .0002505992 -10899.916992 -10899.917633 0.000641 0.000006         
52428800    .3556500000 .0000000106 .0001029563 .0000594418 -11527.906250 -11527.907226 0.000976 0.000008         
52690944    .3583723333 .0000029733 .0017243259 .0009955400 -12025.464844 -12025.466439 0.001595 0.000013         
52953088    .3590856666 .0000000381 .0001951922 .0001126942 -12316.689453 -12316.691465 0.002012 0.000016         
53215232    .3610476667 .0000001613 .0004016217 .0002318763 -11473.675781 -11473.677413 0.001632 0.000014         
53477376    .3625216667 .0000000102 .0001009950 .0000583094 -11613.455078 -11613.455895 0.000817 0.000007         
53739520    .3646860000 .0000000118 .0001086278 .0000627162 -12263.716797 -12263.717011 0.000214 0.000002         
54001664    .3662153334 .0000001075 .0003278719 .0001892969 -11968.715820 -11968.716240 0.000420 0.000004         
54263808    .3688863334 .0000029410 .0017149344 .0009901178 -11503.909180 -11503.909263 0.000083 0.000001         
54525952    .3695136667 .0000001007 .0003173326 .0001832120 -11651.429688 -11651.430902 0.001215 0.000010         
54788096    .3714283333 .0000000058 .0000761577 .0000439696 -12721.766602 -12721.767819 0.001217 0.000010         
55050240    .3730380000 .0000000305 .0001746424 .0001008298 -13277.939453 -13277.940611 0.001158 0.000009         
55312384    .3745183333 .0000000547 .0002338803 .0001350308 -11389.628906 -11389.629468 0.000561 0.000005         
55574528    .3765226666 .0000000936 .0003059411 .0001766351 -10948.580078 -10948.580938 0.000860 0.000008         
55836672    .3783370000 .0000000556 .0002357965 .0001361371 -11740.962891 -11740.964103 0.001213 0.000010         
56098816    .3794350000 .0000000092 .0000959166 .0000553774 -11776.809570 -11776.810824 0.001254 0.000011         
56360960    .3816013334 .0000001271 .0003565108 .0002058316 -11204.886719 -11204.887683 0.000964 0.000009         
56623104    .3833440000 .0000000007 .0000264575 .0000152752 -11492.404297 -11492.406043 0.001746 0.000015         
56885248    .3848620000 .0000001139 .0003374907 .0001948503 -11404.216797 -11404.217785 0.000988 0.000009         
57147392    .3869090000 .0000000359 .0001894729 .0001093922 -11903.895508 -11903.896669 0.001161 0.000010         
57409536    .3882410000 .0000002505 .0005004997 .0002889636 -11448.785156 -11448.787614 0.002458 0.000021         
57671680    .3901153333 .0000001725 .0004153311 .0002397915 -10774.958008 -10774.959769 0.001761 0.000016         
57933824    .3920663334 .0000000088 .0000938083 .0000541602 -10153.075195 -10153.077738 0.002543 0.000025         
58195968    .3935136666 .0000000530 .0002302172 .0001329159 -9630.928711 -9630.931769 0.003058 0.000032         
58458112    .3952596666 .0000000748 .0002734958 .0001579028 -10134.731445 -10134.733159 0.001714 0.000017         
58720256    .3971753333 .0000000101 .0001004987 .0000580229 -10192.847656 -10192.849402 0.001745 0.000017         
58982400    .3991116667 .0000000360 .0001897366 .0001095444 -10380.959961 -10380.960243 0.000282 0.000003         
59244544    .4006346666 .0000001359 .0003686461 .0002128379 -9983.073242 -9983.074377 0.001135 0.000011         
59506688    .4023146667 .0000002090 .0004571651 .0002639443 -9607.327148 -9607.327573 0.000424 0.000004         
59768832    .4043060000 .0000001289 .0003590264 .0002072839 -9499.683594 -9499.684551 0.000957 0.000010         
60030976    .4060523333 .0000005033 .0007094363 .0004095932 -8957.538086 -8957.538935 0.000849 0.000009         
60293120    .4073353333 .0000000482 .0002195449 .0001267543 -8775.662109 -8775.663131 0.001021 0.000012         
60555264    .4088663334 .0000000367 .0001915724 .0001106043 -10216.550781 -10216.551709 0.000928 0.000009         
60817408    .4110400000 .0000000211 .0001452583 .0000838649 -10385.757812 -10385.758298 0.000485 0.000005         
61079552    .4123860000 .0000000361 .0001900000 .0001096965 -9549.686523 -9549.686800 0.000277 0.000003         
61341696    .4140800000 .0000000368 .0001918332 .0001107549 -9026.027344 -9026.027163 0.000180 0.000002         
61603840    .4159423334 .0000000238 .0001542724 .0000890692 -9824.559570 -9824.557545 0.002026 0.000021         
61865984    .4177353334 .0000000020 .0000447213 .0000258198 -9179.109375 -9179.107386 0.001989 0.000022         
62128128    .4193386666 .0000004154 .0006445153 .0003721110 -8302.634766 -8302.633298 0.001467 0.000018         
62390272    .4210026666 .0000000300 .0001732050 .0000999999 -8413.841797 -8413.841153 0.000644 0.000008         
62652416    .4237853333 .0000045727 .0021383872 .0012345984 -8117.144531 -8117.144020 0.000512 0.000006         
62914560    .4244423333 .0000001878 .0004333589 .0002501998 -7799.871094 -7799.869411 0.001683 0.000022         
63176704    .4260800000 .0000000127 .0001126942 .0000650640 -7545.492188 -7545.489223 0.002965 0.000039         
63438848    .4280126667 .0000000002 .0000141421 .0000081649 -7838.623047 -7838.621730 0.001317 0.000017         
63700992    .4296393333 .0000000592 .0002433105 .0001404753 -7845.466797 -7845.465458 0.001339 0.000017         
63963136    .4312823334 .0000000632 .0002513961 .0001451436 -8370.267578 -8370.266912 0.000666 0.000008         
64225280    .4329086667 .0000002925 .0005408326 .0003122498 -8371.988281 -8371.987187 0.001094 0.000013         
64487424    .4349566667 .0000001938 .0004402272 .0002541652 -8904.257812 -8904.256911 0.000901 0.000010         
64749568    .4361886666 .0000000751 .0002740437 .0001582192 -8683.677734 -8683.676833 0.000901 0.000010         
65011712    .4384810000 .0000000006 .0000244948 .0000141420 -8489.943359 -8489.941372 0.001987 0.000023         
65273856    .4398713333 .0000000125 .0001118033 .0000645496 -9108.349609 -9108.348145 0.001464 0.000016         
65536000    .4418206667 .0000001005 .0003170173 .0001830300 -9325.478516 -9325.476579 0.001937 0.000021         
65798144    .4435656667 .0000000238 .0001542724 .0000890692 -8814.601562 -8814.599615 0.001947 0.000022         
66060288    .4450743334 .0000000759 .0002754995 .0001590597 -8503.558594 -8503.555979 0.002615 0.000031         
66322432    .4467966666 .0000000503 .0002242766 .0001294861 -8656.351562 -8656.349849 0.001713 0.000020         
66584576    .4483393334 .0000000263 .0001621727 .0000936304 -8176.868164 -8176.866155 0.002009 0.000025         
66846720    .4504340000 .0000004177 .0006462971 .0003731398 -8143.218750 -8143.216225 0.002525 0.000031         
67108864    .4519560000 .0000000494 .0002222611 .0001283225 -8162.979492 -8162.977896 0.001596 0.000020         
67371008    .4534836666 .0000001244 .0003527038 .0002036336 -7932.217773 -7932.215513 0.002260 0.000028         
67633152    .4557150000 .0000006080 .0007797435 .0004501851 -8115.112305 -8115.110473 0.001832 0.000023         
67895296    .4573790000 .0000001123 .0003351119 .0001934769 -8918.895508 -8918.894170 0.001337 0.000015         
68157440    .4586313333 .0000000810 .0002846049 .0001643167 -9564.167969 -9564.165407 0.002562 0.000027         
68419584    .4603273333 .0000001336 .0003655133 .0002110292 -9937.919922 -9937.919005 0.000917 0.000009         
68681728    .4623213333 .0000000343 .0001852025 .0001069267 -9760.955078 -9760.952842 0.002237 0.000023         
68943872    .4640446666 .0000000570 .0002387467 .0001378404 -10404.220703 -10404.220225 0.000478 0.000005         
69206016    .4659050000 .0000000633 .0002515949 .0001452583 -10374.671875 -10374.671504 0.000371 0.000004         
69468160    .4672533333 .0000002414 .0004913247 .0002836664 -10235.738281 -10235.736090 0.002192 0.000021         
69730304    .4691413334 .0000000889 .0002981610 .0001721433 -10587.216797 -10587.214752 0.002045 0.000019         
69992448    .4710026667 .0000000687 .0002621068 .0001513274 -10372.644531 -10372.641101 0.003430 0.000033         
70254592    .4721183334 .0000000264 .0001624807 .0000938082 -9800.578125 -9800.575770 0.002355 0.000024         
70516736    .4740040000 .0000000626 .0002501999 .0001444529 -9938.195312 -9938.191302 0.004010 0.000040         
70778880    .4759203334 .0000000744 .0002727636 .0001574801 -9324.037109 -9324.035906 0.001203 0.000013         
71041024    .4793460000 .0000030608 .0017495142 .0010100824 -9488.080078 -9488.080084 0.000006 0.000000         
71303168    .4795340000 .0000000599 .0002447447 .0001413034 -8576.875000 -8576.873334 0.001666 0.000019         
71565312    .4818893334 .0000000273 .0001652271 .0000953939 -8771.111328 -8771.110037 0.001291 0.000015         
71827456    .4827360000 .0000000101 .0001004987 .0000580229 -8363.631836 -8363.630513 0.001323 0.000016         
72089600    .4845833333 .0000000299 .0001729161 .0000998331 -8149.875977 -8149.873149 0.002828 0.000035         
72351744    .4866143333 .0000004289 .0006549045 .0003781092 -9034.842773 -9034.839295 0.003478 0.000038         
72613888    .4881270000 .0000000050 .0000707106 .0000408247 -8436.682617 -8436.679586 0.003031 0.000036         
72876032    .4896033334 .0000000113 .0001063014 .0000613731 -7665.394531 -7665.390766 0.003765 0.000049         
73138176    .4914626666 .0000002070 .0004549725 .0002626784 -7336.847656 -7336.843805 0.003851 0.000052         
73400320    .4930716666 .0000000265 .0001627882 .0000939858 -6837.986328 -6837.983478 0.002850 0.000042         
73662464    .4946230000 .0000000184 .0001356465 .0000783155 -6745.148438 -6745.145595 0.002843 0.000042         
73924608    .4966953333 .0000000195 .0001396424 .0000806225 -6950.127930 -6950.126218 0.001712 0.000025         
74186752    .4988083333 .0000013182 .0011481289 .0006628725 -5714.625000 -5714.624351 0.000649 0.000011         
74448896    .4998786667 .0000000065 .0000806225 .0000465474 -6171.037109 -6171.036009 0.001100 0.000018         
74711040    .5016850000 .0000000702 .0002649528 .0001529705 -6196.209961 -6196.208971 0.000990 0.000016         
74973184    .5033473334 .0000000051 .0000714142 .0000412310 -5413.349609 -5413.348974 0.000636 0.000012         
75235328    .5050336666 .0000000595 .0002439262 .0001408308 -5970.576172 -5970.575711 0.000461 0.000008         
75497472    .5068606667 .0000000012 .0000346410 .0000199999 -6527.640625 -6527.639918 0.000707 0.000011         
75759616    .5084150000 .0000001285 .0003584689 .0002069621 -6665.179688 -6665.177746 0.001941 0.000029         
76021760    .5106006667 .0000001386 .0003722902 .0002149418 -6182.691406 -6182.689492 0.001915 0.000031         
76283904    .5116510000 .0000002804 .0005295280 .0003057231 -5583.345703 -5583.345374 0.000329 0.000006         
76546048    .5136306667 .0000000810 .0002846049 .0001643167 -4696.015625 -4696.016239 0.000614 0.000013         
76808192    .5155913333 .0000000611 .0002471841 .0001427118 -5621.123047 -5621.123219 0.000172 0.000003         
77070336    .5175550000 .0000002861 .0005348831 .0003088149 -5677.501953 -5677.502063 0.000110 0.000002         
77332480    .5190880000 .0000000090 .0000948683 .0000547722 -6375.560547 -6375.562047 0.001500 0.000024         
77594624    .5207370000 .0000000032 .0000565685 .0000326598 -6542.041992 -6542.043959 0.001966 0.000030         
77856768    .5224416667 .0000000499 .0002233830 .0001289702 -6290.901855 -6290.902878 0.001022 0.000016         
78118912    .5241280000 .0000001577 .0003971145 .0002292741 -6345.624512 -6345.624643 0.000131 0.000002         
78381056    .5260290000 .0000002652 .0005149757 .0002973213 -6970.519043 -6970.520940 0.001897 0.000027         
78643200    .5274070000 .0000000543 .0002330236 .0001345362 -6896.873535 -6896.875534 0.001999 0.000029         
78905344    .5295456667 .0000000677 .0002601922 .0001502220 -6529.679199 -6529.680733 0.001534 0.000023         
79167488    .5312266666 .0000000375 .0001936491 .0001118033 -6051.898926 -6051.901750 0.002824 0.000047         
79429632    .5330646666 .0000001646 .0004057092 .0002342363 -4956.784668 -4956.786123 0.001455 0.000029         
79691776    .5342036666 .0000000608 .0002465765 .0001423610 -5877.576660 -5877.577291 0.000631 0.000011         
79953920    .5360766667 .0000001218 .0003489985 .0002014943 -5656.668457 -5656.668099 0.000358 0.000006         
80216064    .5379956666 .0000000394 .0001984943 .0001146007 -6127.450684 -6127.449754 0.000929 0.000015         
80478208    .5396813334 .0000000502 .0002240535 .0001293573 -6955.545410 -6955.543820 0.001590 0.000023         
80740352    .5412620000 .0000000221 .0001486606 .0000858292 -7666.087402 -7666.084895 0.002507 0.000033         
81002496    .5428210000 .0000000698 .0002641968 .0001525340 -7315.986328 -7315.983408 0.002920 0.000040         
81264640    .5443723333 .0000000352 .0001876166 .0001083204 -7256.492188 -7256.490978 0.001209 0.000017         
81526784    .5465236667 .0000000465 .0002156385 .0001244989 -6984.571289 -6984.568392 0.002897 0.000041         
81788928    .5479416666 .0000001608 .0004009987 .0002315167 -7998.599609 -7998.598089 0.001520 0.000019         
82051072    .5501203334 .0000003251 .0005701754 .0003291909 -6987.544434 -6987.544022 0.000411 0.000006         
82313216    .5513653334 .0000000149 .0001220655 .0000704745 -7044.747559 -7044.747155 0.000404 0.000006         
82575360    .5535370000 .0000000002 .0000141421 .0000081649 -6870.770996 -6870.770956 0.000040 0.000001         
82837504    .5548536666 .0000000529 .0002300000 .0001327905 -6546.874512 -6546.874494 0.000018 0.000000         
83099648    .5568340000 .0000000970 .0003114482 .0001798147 -6773.179199 -6773.177665 0.001534 0.000023         
83361792    .5587170000 .0000003089 .0005557877 .0003208841 -6217.769043 -6217.768258 0.000785 0.000013         
83623936    .5601100000 .0000000117 .0001081665 .0000624499 -6089.332520 -6089.331053 0.001467 0.000024         
83886080    .5615636667 .0000000527 .0002295648 .0001325392 -6034.308105 -6034.306197 0.001908 0.000032         
84148224    .5632876667 .0000000828 .0002877498 .0001661324 -5767.721191 -5767.720599 0.000592 0.000010         
84410368    .5655466667 .0000002720 .0005215361 .0003011090 -5573.675293 -5573.673351 0.001942 0.000035         
84672512    .5670473334 .0000000618 .0002485960 .0001435269 -5799.662109 -5799.661146 0.000963 0.000017         
84934656    .5686613334 .0000001172 .0003423448 .0001976528 -5964.134766 -5964.131750 0.003015 0.000051         
85196800    .5705346666 .0000000830 .0002880972 .0001663329 -6643.636719 -6643.633486 0.003233 0.000049         
85458944    .5720440000 .0000001346 .0003668787 .0002118175 -6668.093750 -6668.090100 0.003650 0.000055         
85721088    .5741110000 .0000001170 .0003420526 .0001974841 -5788.729004 -5788.725207 0.003797 0.000066         
85983232    .5756320000 .0000000537 .0002317326 .0001337908 -5758.754395 -5758.752029 0.002366 0.000041         
86245376    .5772460000 .0000001075 .0003278719 .0001892969 -4364.322754 -4364.319422 0.003332 0.000076         
86507520    .5794056667 .0000000103 .0001014889 .0000585946 -4405.080566 -4405.078470 0.002096 0.000048         
86769664    .5808426667 .0000000721 .0002685144 .0001550268 -4497.435547 -4497.434337 0.001210 0.000027         
87031808    .5822763333 .0000000890 .0002983286 .0001722400 -4026.201172 -4026.201031 0.000141 0.000004         
87293952    .5841010000 .0000000721 .0002685144 .0001550268 -3556.220703 -3556.219941 0.000763 0.000021         
87556096    .5858240000 .0000000334 .0001827566 .0001055145 -3787.916016 -3787.914753 0.001263 0.000033         
87818240    .5873760000 .0000000296 .0001720465 .0000993310 -4380.557129 -4380.555856 0.001273 0.000029         
88080384    .5892436667 .0000000218 .0001476482 .0000852447 -5540.201660 -5540.201616 0.000044 0.000001         
88342528    .5908466666 .0000000037 .0000608276 .0000351188 -6260.703613 -6260.701294 0.002319 0.000037         
88604672    .5927713333 .0000000439 .0002095232 .0001209682 -6251.561035 -6251.559253 0.001783 0.000029         
88866816    .5944226666 .0000000134 .0001157583 .0000668330 -6090.277832 -6090.275976 0.001856 0.000030         
89128960    .5964106666 .0000000349 .0001868154 .0001078579 -5867.852051 -5867.850490 0.001561 0.000027         
89391104    .5980246667 .0000001066 .0003264965 .0001885028 -6798.535645 -6798.533966 0.001679 0.000025         
89653248    .5996243333 .0000000695 .0002636285 .0001522059 -7960.931641 -7960.931231 0.000410 0.000005         
89915392    .6011573333 .0000000597 .0002443358 .0001410673 -7130.164062 -7130.162501 0.001561 0.000022         
90177536    .6031210000 .0000000311 .0001763519 .0001018168 -7029.359375 -7029.358158 0.001217 0.000017         
90439680    .6047860000 .0000000536 .0002315167 .0001336662 -7198.838867 -7198.838654 0.000213 0.000003         
90701824    .6071036666 .0000002458 .0004957822 .0002862399 -7012.004395 -7012.003699 0.000696 0.000010         
90963968    .6082613334 .0000000152 .0001232882 .0000711804 -6641.230957 -6641.229949 0.001008 0.000015         
91226112    .6100363333 .0000001157 .0003401470 .0001963839 -6499.084473 -6499.083328 0.001145 0.000018         
91488256    .6117406667 .0000000880 .0002966479 .0001712697 -5437.647949 -5437.647338 0.000611 0.000011         
91750400    .6131380000 .0000000867 .0002944486 .0001699999 -5952.703125 -5952.700696 0.002429 0.000041         
92012544    .6151230000 .0000000936 .0003059411 .0001766351 -5462.156250 -5462.155909 0.000341 0.000006         
92274688    .6166536667 .0000000763 .0002762245 .0001594782 -5923.542969 -5923.543299 0.000330 0.000006         
92536832    .6185886666 .0000000482 .0002195449 .0001267543 -6060.166016 -6060.167102 0.001087 0.000018         
92798976    .6200543334 .0000002601 .0005100000 .0002944486 -5602.478516 -5602.478058 0.000457 0.000008         
93061120    .6217420000 .0000000852 .0002918903 .0001685229 -6473.505859 -6473.505511 0.000349 0.000005         
93323264    .6237650000 .0000000687 .0002621068 .0001513274 -6277.283203 -6277.282146 0.001057 0.000017         
93585408    .6252960000 .0000001911 .0004371498 .0002523885 -6167.877930 -6167.876168 0.001762 0.000029         
93847552    .6269290000 .0000000355 .0001884144 .0001087811 -6782.527344 -6782.524375 0.002969 0.000044         
94109696    .6284520000 .0000000766 .0002767670 .0001597915 -6358.127930 -6358.126086 0.001844 0.000029         
94371840    .6303510000 .0000000196 .0001400000 .0000808290 -5822.765625 -5822.764064 0.001561 0.000027         
94633984    .6322526666 .0000000307 .0001752141 .0001011599 -6090.270508 -6090.267895 0.002613 0.000043         
94896128    .6339276667 .0000000624 .0002497999 .0001442220 -5711.040039 -5711.037408 0.002631 0.000046         
95158272    .6355446667 .0000000369 .0001920937 .0001109053 -5494.600586 -5494.598708 0.001877 0.000034         
95420416    .6374923333 .0000000149 .0001220655 .0000704745 -6621.820801 -6621.818781 0.002020 0.000031         
95682560    .6391026666 .0000001312 .0003622154 .0002091251 -7088.176270 -7088.175622 0.000647 0.000009         
95944704    .6410656667 .0000001177 .0003430743 .0001980740 -7027.863770 -7027.860998 0.002772 0.000039         
96206848    .6425343334 .0000002156 .0004643274 .0002680795 -6616.268066 -6616.264632 0.003434 0.000052         
96468992    .6442670000 .0000000793 .0002816025 .0001625832 -6750.935547 -6750.932439 0.003108 0.000046         
96731136    .6462923333 .0000000921 .0003034798 .0001752141 -6855.728516 -6855.723891 0.004625 0.000067         
96993280    .6480853334 .0000001301 .0003606937 .0002082466 -7641.652344 -7641.647686 0.004657 0.000061         
97255424    .6492126667 .0000000493 .0002220360 .0001281925 -7204.481445 -7204.477719 0.003726 0.000052         
97517568    .6510666666 .0000002240 .0004732863 .0002732519 -6276.344727 -6276.341553 0.003173 0.000051         
97779712    .6527166667 .0000000169 .0001300000 .0000750555 -6150.073242 -6150.070866 0.002376 0.000039         
98041856    .6547060000 .0000000450 .0002121320 .0001224744 -6487.157227 -6487.155402 0.001825 0.000028         
98304000    .6567936666 .0000005749 .0007582216 .0004377594 -6103.363281 -6103.362177 0.001104 0.000018         
98566144    .6577803334 .0000000972 .0003117691 .0001799999 -7127.924805 -7127.924295 0.000510 0.000007         
98828288    .6595793334 .0000000743 .0002725802 .0001573742 -6436.532227 -6436.530597 0.001630 0.000025         
99090432    .6613600000 .0000001068 .0003268026 .0001886795 -6460.814453 -6460.812877 0.001576 0.000024         
99352576    .6628833333 .0000000196 .0001400000 .0000808290 -6561.483398 -6561.481330 0.002069 0.000032         
99614720    .6646080000 .0000002134 .0004619523 .0002667082 -5848.809570 -5848.807375 0.002196 0.000038         
99876864    .6663766667 .0000000419 .0002046948 .0001181805 -5105.296875 -5105.294737 0.002138 0.000042         
100139008    .6682713333 .0000000436 .0002088061 .0001205542 -4946.915039 -4946.912842 0.002197 0.000044         
100401152    .6699666667 .0000000002 .0000141421 .0000081649 -4532.968750 -4532.965738 0.003012 0.000066         
100663296    .6714880000 .0000001090 .0003301514 .0001906129 -4789.810547 -4789.807591 0.002956 0.000062         
100925440    .6735703333 .0000000973 .0003119294 .0001800925 -5551.921875 -5551.918049 0.003826 0.000069         
101187584    .6751990000 .0000000566 .0002379075 .0001373559 -4612.252930 -4612.248997 0.003933 0.000085         
101449728    .6765813334 .0000000339 .0001841195 .0001063014 -4339.083984 -4339.081345 0.002640 0.000061         
101711872    .6787220000 .0000000941 .0003067572 .0001771063 -3066.525391 -3066.522958 0.002432 0.000079         
101974016    .6801236667 .0000000491 .0002215851 .0001279322 -2745.293945 -2745.292487 0.001458 0.000053         
102236160    .6816446666 .0000000286 .0001691153 .0000976387 -3057.761230 -3057.759701 0.001530 0.000050         
102498304    .6836766667 .0000000594 .0002437211 .0001407124 -3663.469971 -3663.467930 0.002041 0.000056         
102760448    .6856246666 .0000002248 .0004741307 .0002737394 -4127.780273 -4127.779121 0.001152 0.000028         
103022592    .6870326667 .0000000478 .0002186321 .0001262273 -4084.327393 -4084.326698 0.000695 0.000017         
103284736    .6889953334 .0000000615 .0002479919 .0001431781 -3848.952881 -3848.952573 0.000308 0.000008         
103546880    .6905493334 .0000000090 .0000948683 .0000547722 -4460.020508 -4460.020657 0.000150 0.000003         
103809024    .6926230000 .0000001012 .0003181194 .0001836663 -4518.339844 -4518.340357 0.000513 0.000011         
104071168    .6939176666 .0000002799 .0005290557 .0003054504 -3512.513916 -3512.515148 0.001232 0.000035         
104333312    .6957333333 .0000000766 .0002767670 .0001597915 -3636.149658 -3636.150194 0.000536 0.000015         
104595456    .6971606666 .0000000033 .0000574456 .0000331662 -3568.907715 -3568.907721 0.000006 0.000000         
104857600    .6989803333 .0000000032 .0000565685 .0000326598 -3998.286621 -3998.287105 0.000484 0.000012         
 
