262144  32  4  0     .0081046667 .0000000218 .0001476482 .0000852447 -943.983154 -944.171557 0.188402 0.019954         
524288  32  4  0     .0087406666 .0000000021 .0000458257 .0000264574 -972.779175 -972.777712 0.001463 0.000150         
786432  32  4  0     .0098123334 .0000000932 .0003052867 .0001762573 -327.950012 -327.918323 0.031689 0.009664         
1048576  32  4  0     .0105523334 .0000000003 .0000173205 .0000099999 16.796509 16.512779 0.283730 1.718244         
1310720  32  4  0     .0115640000 .0000001715 .0004141255 .0002390954 242.740692 242.332150 0.408542 0.168588         
1572864  32  4  0     .0120913333 .0000000040 .0000632455 .0000365148 429.168152 428.806930 0.361222 0.084239         
1835008  32  4  0     .0126616667 .0000000009 .0000300000 .0000173205 754.467651 753.843669 0.623982 0.082773         
2097152  32  4  0     .0132676667 .0000000056 .0000748331 .0000432049 1221.709595 1220.622352 1.087243 0.089073         
2359296  32  4  0     .0139196667 .0000000023 .0000479583 .0000276887 1126.280518 1125.179071 1.101447 0.097891         
2621440  32  4  0     .0147063334 .0000000953 .0003087069 .0001782320 1107.286865 1106.597654 0.689212 0.062282         
2883584  32  4  0     .0151570000 .0000000104 .0001019803 .0000588783 1323.410034 1322.568957 0.841077 0.063594         
3145728  32  4  0     .0160663333 .0000001219 .0003491418 .0002015771 1600.534424 1599.764756 0.769668 0.048111         
3407872  32  4  0     .0188623333 .0000000046 .0000678232 .0000391577 2067.832520 2067.175513 0.657006 0.031783         
3670016  32  4  0     .0202446666 .0000000336 .0001833030 .0001058300 2151.138184 2150.637510 0.500674 0.023280         
3932160  32  4  0     .0210440000 .0000000228 .0001509966 .0000871779 2826.198730 2825.436924 0.761807 0.026962         
4194304  32  4  0     .0218256667 .0000000005 .0000223606 .0000129098 2714.305664 2713.422775 0.882889 0.032538         
4456448  32  4  0     .0228020000 .0000000531 .0002304343 .0001330413 2397.607178 2396.560960 1.046218 0.043655         
4718592  32  4  0     .0236466667 .0000000162 .0001272792 .0000734846 1687.707397 1686.863261 0.844136 0.050042         
4980736  32  4  0     .0244313333 .0000000018 .0000424264 .0000244948 1878.137207 1877.801715 0.335492 0.017866         
5242880  32  4  0     .0254006667 .0000000088 .0000938083 .0000541602 1059.575317 1059.229657 0.345661 0.032633         
5505024  32  4  0     .0262143334 .0000000018 .0000424264 .0000244948 79.466766 78.815752 0.651014 0.825995         
5767168  32  4  0     .0270403333 .0000000024 .0000489897 .0000282842 539.647339 538.907103 0.740236 0.137359         
6029312  32  4  0     .0280603333 .0000000386 .0001964688 .0001134313 676.755798 676.133452 0.622346 0.092045         
6291456  32  4  0     .0287030000 .0000000011 .0000331662 .0000191485 708.673828 708.077335 0.596493 0.084241         
6553600  32  4  0     .0299163334 .0000000925 .0003041381 .0001755942 1331.409424 1331.119084 0.290340 0.021812         
6815744  32  4  0     .0309593334 .0000003250 .0005700877 .0003291402 1326.721924 1326.931428 0.209504 0.015789         
7077888  32  4  0     .0319416667 .0000006286 .0007928429 .0004577480 518.424805 518.582014 0.157209 0.030315         
7340032  32  4  0     .0322290000 .0000000028 .0000529150 .0000305504 1286.698486 1286.741372 0.042886 0.003333         
7602176  32  4  0     .0331310000 .0000000001 .0000100000 .0000057735 1661.436401 1661.391260 0.045142 0.002717         
7864320  32  4  0     .0341443333 .0000000163 .0001276714 .0000737111 1460.522461 1460.453419 0.069042 0.004727         
8126464  32  4  0     .0348633334 .0000000027 .0000519615 .0000299999 2026.681763 2026.492956 0.188807 0.009317         
8388608  32  4  0     .0356500000 .0000000023 .0000479583 .0000276887 2138.927979 2139.030525 0.102546 0.004794         
8650752  32  4  0     .0365760000 .0000000306 .0001749285 .0001009950 1620.356689 1620.544739 0.188050 0.011604         
8912896  32  4  0     .0375783333 .0000000061 .0000781024 .0000450924 1724.093018 1724.367041 0.274024 0.015891         
9175040  32  4  0     .0382310000 .0000000087 .0000932737 .0000538515 692.101624 692.285004 0.183380 0.026489         
9437184  32  4  0     .0391526666 .0000000169 .0001300000 .0000750555 458.084900 458.145199 0.060300 0.013162         
9699328  32  4  0     .0399623333 .0000000068 .0000824621 .0000476095 520.418152 520.140402 0.277750 0.053399         
9961472  32  4  0     .0408710000 .0000000078 .0000883176 .0000509901 973.522156 973.234013 0.288143 0.029607         
10223616  32  4  0     .0418520000 .0000001498 .0003870400 .0002234576 881.068420 880.612918 0.455503 0.051726         
10485760  32  4  0     .0425710000 0 0 0 685.644592 685.126199 0.518394 0.075664         
10747904  32  4  0     .0434916667 .0000000016 .0000400000 .0000230940 1368.725830 1368.146598 0.579232 0.042337         
11010048  32  4  0     .0442333334 .0000000037 .0000608276 .0000351188 1414.340210 1413.862728 0.477482 0.033771         
11272192  32  4  0     .0454246667 .0000000870 .0002949576 .0001702938 1268.905762 1267.930909 0.974852 0.076885         
11534336  32  4  0     .0459783333 .0000000041 .0000640312 .0000369684 995.813843 994.626349 1.187494 0.119391         
11796480  32  4  0     .0468643334 .0000000029 .0000538516 .0000310912 1263.899170 1262.475385 1.423785 0.112777         
12058624  32  4  0     .0477836666 .0000000013 .0000360555 .0000208166 1154.404785 1153.010815 1.393970 0.120898         
12320768  32  4  0     .0486783334 .0000000027 .0000519615 .0000299999 669.833313 668.549385 1.283928 0.192047         
12582912  32  4  0     .0493486667 .0000000041 .0000640312 .0000369684 934.101257 932.964447 1.136810 0.121849         
12845056  32  4  0     .0504196667 .0000000270 .0001643167 .0000948682 855.478271 854.093387 1.384885 0.162147         
13107200  32  4  0     .0511896666 .0000000201 .0001417744 .0000818534 1990.003174 1988.606004 1.397170 0.070259         
13369344  32  4  0     .0521050000 .0000000386 .0001964688 .0001134313 2666.449219 2665.218412 1.230807 0.046180         
13631488  32  4  0     .0528563334 .0000000011 .0000331662 .0000191485 3268.701172 3267.339271 1.361901 0.041682         
13893632  32  4  0     .0538856667 .0000001136 .0003370459 .0001945935 3095.878418 3094.411728 1.466690 0.047398         
14155776  32  4  0     .0546500000 .0000000001 .0000100000 .0000057735 2252.879395 2251.445917 1.433478 0.063669         
14417920  32  4  0     .0554200000 .0000000018 .0000424264 .0000244948 2679.049561 2677.686083 1.363478 0.050920         
14680064  32  4  0     .0566010000 .0000000772 .0002778488 .0001604160 2464.823730 2463.309319 1.514412 0.061479         
14942208  32  4  0     .0572093333 .0000000028 .0000529150 .0000305504 3261.081543 3259.733503 1.348040 0.041354         
15204352  32  4  0     .0581690000 .0000000381 .0001951922 .0001126942 3028.326172 3026.656530 1.669642 0.055165         
15466496  32  4  0     .0588893334 .0000000017 .0000412310 .0000238047 2826.908203 2825.110528 1.797675 0.063632         
15728640  32  4  0     .0598163334 .0000000154 .0001240967 .0000716472 3506.342041 3504.732574 1.609467 0.045923         
15990784  32  4  0     .0606653333 .0000000258 .0001606237 .0000927361 4286.167969 4284.057122 2.110847 0.049272         
16252928  32  4  0     .0616260000 .0000000005 .0000223606 .0000129098 3499.638184 3497.418606 2.219578 0.063463         
16515072  32  4  0     .0627443334 .0000000564 .0002374868 .0001371130 4070.434570 4068.333801 2.100770 0.051637         
16777216  32  4  0     .0631393334 .0000000006 .0000244948 .0000141420 3452.876953 3451.306462 1.570492 0.045504         
17039360  32  4  0     .0641510000 .0000000018 .0000424264 .0000244948 3417.244873 3415.560654 1.684219 0.049310         
17301504  32  4  0     .0649593333 .0000000010 .0000316227 .0000182573 3525.951416 3524.454361 1.497055 0.042476         
17563648  32  4  0     .0657886667 .0000000079 .0000888819 .0000513159 2821.455566 2819.750138 1.705428 0.060482         
17825792  32  4  0     .0665880000 .0000000008 .0000282842 .0000163298 3033.291992 3031.613117 1.678875 0.055379         
18087936  32  4  0     .0675900000 .0000000222 .0001489966 .0000860232 3438.603760 3436.832428 1.771332 0.051540         
18350080  32  4  0     .0683626667 .0000000357 .0001889444 .0001090871 3595.920654 3594.132306 1.788349 0.049757         
18612224  32  4  0     .0693370000 .0000000019 .0000435889 .0000251660 2663.203369 2661.163872 2.039497 0.076639         
18874368  32  4  0     .0701256666 .0000000440 .0002097617 .0001211059 2367.250488 2365.690688 1.559801 0.065934         
19136512  32  4  0     .0710246667 .0000000368 .0001918332 .0001107549 2828.885742 2826.867458 2.018284 0.071396         
19398656  32  4  0     .0718483333 .0000000284 .0001685229 .0000972967 2800.959961 2798.453602 2.506359 0.089562         
19660800  32  4  0     .0726460000 .0000000004 .0000200000 .0000115470 2124.422363 2122.144593 2.277770 0.107333         
19922944  32  4  0     .0734320000 .0000000019 .0000435889 .0000251660 2551.887207 2549.761262 2.125945 0.083378         
20185088  32  4  0     .0744106667 .0000000030 .0000547722 .0000316227 2258.019287 2256.291316 1.727972 0.076585         
20447232  32  4  0     .0753340000 .0000000223 .0001493318 .0000862167 2262.619873 2261.107109 1.512764 0.066904         
20709376  32  4  0     .0761950000 .0000000099 .0000994987 .0000574456 1979.409424 1978.228986 1.180438 0.059671         
20971520  32  4  0     .0770716666 .0000000185 .0001360147 .0000785281 1719.203125 1717.939750 1.263375 0.073540         
21233664  32  4  0     .0778160000 .0000000085 .0000921954 .0000532290 2353.114258 2351.802048 1.312210 0.055796         
21495808  32  4  0     .0787660000 .0000000123 .0001109053 .0000640312 3167.102051 3165.953088 1.148963 0.036291         
21757952  32  4  0     .0795053334 .0000000072 .0000848528 .0000489897 3431.208496 3430.018750 1.189746 0.034686         
22020096  32  4  0     .0803593334 .0000000133 .0001153256 .0000665832 4146.740234 4145.585061 1.155173 0.027865         
22282240  32  4  0     .0815356667 .0000001329 .0003645545 .0002104756 4674.660645 4673.653392 1.007253 0.021552         
22544384  32  4  0     .0820923334 .0000000285 .0001688194 .0000974679 3941.557861 3940.811686 0.746175 0.018935         
22806528  32  4  0     .0829380000 .0000000057 .0000754983 .0000435889 4484.305664 4483.558675 0.746989 0.016661         
23068672  32  4  0     .0837400000 .0000000012 .0000346410 .0000199999 4780.637207 4779.600764 1.036443 0.021685         
23330816  32  4  0     .0846153333 .0000000079 .0000888819 .0000513159 4602.303711 4601.271962 1.031749 0.022423         
23592960  32  4  0     .0854860000 .0000000008 .0000282842 .0000163298 4618.972656 4618.110744 0.861913 0.018664         
23855104  32  4  0     .0864523333 .0000000056 .0000748331 .0000432049 4310.426758 4310.008204 0.418554 0.009711         
24117248  32  4  0     .0872393334 .0000000012 .0000346410 .0000199999 4211.794922 4211.177373 0.617548 0.014665         
24379392  32  4  0     .0881733334 .0000000435 .0002085665 .0001204159 3850.042969 3849.394059 0.648910 0.016857         
24641536  32  4  0     .0889833334 .0000000097 .0000984885 .0000568623 3486.812744 3486.325589 0.487155 0.013973         
24903680  32  4  0     .0898710000 .0000000545 .0002334523 .0001347837 3677.311768 3676.919102 0.392666 0.010679         
25165824  32  4  0     .0905880000 .0000000080 .0000894427 .0000516397 2958.567139 2958.162034 0.405104 0.013694         
25427968  32  4  0     .0915220000 .0000000008 .0000282842 .0000163298 2905.789795 2906.062847 0.273052 0.009396         
25690112  32  4  0     .0926160000 .0000002825 .0005315072 .0003068658 3444.646484 3444.719396 0.072912 0.002117         
25952256  32  4  0     .0932883333 .0000000198 .0001407124 .0000812403 3573.537598 3573.414552 0.123046 0.003443         
26214400  32  4  0     .0941056666 .0000000121 .0001100000 .0000635085 2690.509033 2690.466946 0.042087 0.001564         
26476544  32  4  0     .0949946666 .0000000069 .0000830662 .0000479582 2639.357666 2639.222057 0.135609 0.005138         
26738688  32  4  0     .0958280000 .0000000002 .0000141421 .0000081649 2739.524170 2739.954510 0.430340 0.015706         
27000832  32  4  0     .0966473333 .0000000021 .0000458257 .0000264574 2452.985840 2453.420430 0.434590 0.017714         
27262976  32  4  0     .0974693334 .0000000102 .0001009950 .0000583094 3083.615967 3083.836779 0.220812 0.007160         
27525120  32  4  0     .0983233334 .0000000128 .0001131370 .0000653196 3314.487793 3315.084117 0.596324 0.017988         
27787264  32  4  0     .0992563333 .0000000015 .0000387298 .0000223606 3985.150391 3985.519209 0.368818 0.009254         
28049408  32  4  0     .1001543334 .0000000485 .0002202271 .0001271481 5188.185547 5188.597671 0.412124 0.007943         
28311552  32  4  0     .1010146667 .0000000211 .0001452583 .0000838649 4100.691406 4101.061114 0.369708 0.009015         
28573696  32  4  0     .1017916666 .0000000029 .0000538516 .0000310912 3855.770508 3856.220560 0.450053 0.011671         
28835840  32  4  0     .1028493333 .0000001470 .0003834057 .0002213593 4234.310547 4234.543648 0.233101 0.005505         
29097984  32  4  0     .1035893333 .0000000192 .0001385640 .0000799999 4598.722656 4598.945216 0.222560 0.004839         
29360128  32  4  0     .1044676667 .0000000900 .0003000000 .0001732050 4351.140625 4351.682566 0.541941 0.012454         
29622272  32  4  0     .1052420000 .0000000124 .0001113552 .0000642909 4480.966797 4482.134366 1.167570 0.026049         
29884416  32  4  0     .1061836666 .0000000029 .0000538516 .0000310912 4544.004883 4544.819753 0.814870 0.017930         
30146560  32  4  0     .1068880000 .0000000008 .0000282842 .0000163298 5225.681152 5226.548905 0.867753 0.016603         
30408704  32  4  0     .1077813334 .0000000081 .0000900000 .0000519615 5021.358398 5022.297535 0.939137 0.018699         
30670848  32  4  0     .1086313334 0 0 0 4453.128906 4454.197591 1.068684 0.023993         
30932992  32  4  0     .1096633334 .0000000156 .0001248999 .0000721109 4495.483398 4496.358906 0.875508 0.019471         
31195136  32  4  0     .1103700000 .0000000011 .0000331662 .0000191485 4923.141602 4923.881854 0.740253 0.015034         
31457280  32  4  0     .1113056666 .0000000151 .0001228820 .0000709459 4181.642578 4182.141111 0.498532 0.011921         
31719424  32  4  0     .1120516666 .0000000101 .0001004987 .0000580229 3536.673828 3537.342513 0.668685 0.018904         
31981568  32  4  0     .1129733333 .0000000034 .0000583095 .0000336650 2989.090332 2989.753422 0.663090 0.022179         
32243712  32  4  0     .1137796666 .0000000030 .0000547722 .0000316227 3587.224609 3588.057814 0.833205 0.023222         
32505856  32  4  0     .1145316666 .0000000009 .0000300000 .0000173205 3223.554199 3224.418230 0.864031 0.026796         
32768000  32  4  0     .1154013333 .0000000028 .0000529150 .0000305504 3643.794922 3644.444117 0.649195 0.017813         
33030144  32  4  0     .1164133334 .0000000383 .0001957038 .0001129896 4004.003662 4004.619983 0.616321 0.015390         
33292288  32  4  0     .1172370000 .0000000032 .0000565685 .0000326598 4224.790527 4225.336555 0.546027 0.012923         
33554432  32  4  0     .1180870000 .0000000216 .0001469693 .0000848527 4442.184570 4442.815521 0.630951 0.014202         
33816576  32  4  0     .1190270000 .0000000379 .0001946792 .0001123980 3246.871582 3247.754727 0.883145 0.027192         
34078720  32  4  0     .1203066667 .0000010540 .0010266450 .0005927337 3061.824463 3063.035690 1.211227 0.039543         
34340864  32  4  0     .1206536666 .0000000039 .0000624499 .0000360554 3002.725098 3004.004189 1.279092 0.042580         
34603008  32  4  0     .1214476666 .0000000066 .0000812403 .0000469041 3840.265869 3841.828212 1.562342 0.040667         
34865152  32  4  0     .1222983334 .0000000080 .0000894427 .0000516397 4799.617188 4801.355577 1.738389 0.036206         
35127296  32  4  0     .1231483334 .0000000092 .0000959166 .0000553774 4876.141113 4877.651389 1.510276 0.030963         
35389440  32  4  0     .1240663333 .0000000345 .0001857417 .0001072380 4705.664062 4707.203063 1.539000 0.032695         
35651584  32  4  0     .1248930000 .0000000084 .0000916515 .0000529150 4211.386230 4213.480229 2.093999 0.049698         
35913728  32  4  0     .1257860000 .0000000001 .0000100000 .0000057735 3948.317871 3950.214916 1.897045 0.048024         
36175872  32  4  0     .1266313333 .0000000004 .0000200000 .0000115470 3616.527832 3617.886794 1.358962 0.037562         
36438016  32  4  0     .1276313334 .0000000039 .0000624499 .0000360554 3481.530273 3482.168489 0.638215 0.018328         
36700160  32  4  0     .1283463334 .0000000023 .0000479583 .0000276887 4364.256836 4364.978985 0.722149 0.016544         
36962304  32  4  0     .1291446667 .0000000027 .0000519615 .0000299999 4690.407715 4691.434763 1.027048 0.021892         
37224448  32  4  0     .1300093333 .0000000049 .0000700000 .0000404145 4443.319824 4444.249919 0.930095 0.020928         
37486592  32  4  0     .1309226666 .0000000022 .0000469041 .0000270800 4457.861328 4458.881350 1.020021 0.022876         
37748736  32  4  0     .1317420000 .0000000096 .0000979795 .0000565684 4630.764160 4631.374575 0.610415 0.013180         
38010880  32  4  0     .1326860000 .0000000006 .0000244948 .0000141420 3674.997314 3675.744238 0.746924 0.020320         
38273024  32  4  0     .1335753333 .0000000190 .0001378404 .0000795821 3522.789795 3523.539352 0.749557 0.021273         
38535168  32  4  0     .1342720000 .0000000074 .0000860232 .0000496655 3962.000977 3962.355000 0.354024 0.008935         
38797312  32  4  0     .1352390000 .0000000446 .0002111871 .0001219289 4086.693848 4086.972573 0.278725 0.006820         
39059456  32  4  0     .1361866666 .0000000050 .0000707106 .0000408247 4651.891602 4652.017280 0.125679 0.002702         
39321600  32  4  0     .1369700000 .0000000219 .0001479864 .0000854399 4149.302734 4149.268058 0.034676 0.000836         
39583744  32  4  0     .1378403333 .0000000058 .0000761577 .0000439696 3444.203857 3444.099563 0.104294 0.003028         
39845888  32  4  0     .1387460000 .0000000213 .0001459451 .0000842614 3454.122559 3454.372030 0.249471 0.007222         
40108032  32  4  0     .1395313334 .0000000072 .0000848528 .0000489897 2961.302490 2961.647036 0.344545 0.011634         
40370176  32  4  0     .1402723334 .0000000030 .0000547722 .0000316227 3063.771973 3063.697800 0.074173 0.002421         
40632320  32  4  0     .1411746667 .0000000021 .0000458257 .0000264574 4000.843994 4000.833479 0.010515 0.000263         
40894464  32  4  0     .1420366667 .0000000173 .0001315294 .0000759385 4820.435547 4820.072447 0.363100 0.007533         
41156608  32  4  0     .1428963334 .0000000004 .0000200000 .0000115470 4484.044434 4483.395859 0.648574 0.014466         
41418752  32  4  0     .1438613334 .0000000139 .0001178982 .0000680685 5073.509277 5072.457117 1.052161 0.020743         
41680896  32  4  0     .1448033334 .0000000782 .0002796426 .0001614517 5366.293945 5365.106806 1.187139 0.022127         
41943040  32  4  0     .1455120000 .0000000483 .0002197726 .0001268857 5872.562500 5871.209972 1.352528 0.023037         
42205184  32  4  0     .1464016667 .0000000098 .0000989949 .0000571547 5401.528809 5400.320992 1.207817 0.022366         
42467328  32  4  0     .1471666667 .0000000053 .0000728010 .0000420316 5666.062500 5665.004071 1.058429 0.018684         
42729472  32  4  0     .1480476666 .0000000006 .0000244948 .0000141420 5790.714355 5790.106418 0.607938 0.010500         
42991616  32  4  0     .1489103334 .0000000007 .0000264575 .0000152752 6159.037109 6158.801279 0.235830 0.003829         
43253760  32  4  0     .1497873333 .0000000205 .0001431782 .0000826639 6519.019043 6518.669414 0.349629 0.005364         
43515904  32  4  0     .1506086667 .0000000104 .0001019803 .0000588783 6332.583008 6332.498091 0.084917 0.001341         
43778048  32  4  0     .1514740000 .0000000058 .0000761577 .0000439696 6199.648438 6199.980485 0.332048 0.005356         
44040192  32  4  0     .1524743334 .0000001957 .0004423799 .0002554081 6244.741699 6244.920492 0.178793 0.002863         
44302336  32  4  0     .1535080000 .0000001481 .0003848376 .0002221860 6045.153320 6045.354926 0.201606 0.003335         
44564480  32  4  0     .1544083333 .0000001730 .0004159326 .0002401387 6241.840332 6242.127574 0.287242 0.004602         
44826624  32  4  0     .1548503333 .0000000062 .0000787400 .0000454605 6073.843262 6073.868224 0.024962 0.000411         
45088768  32  4  0     .1557390000 .0000000084 .0000916515 .0000529150 6244.904785 6244.561571 0.343214 0.005496         
45350912  32  4  0     .1566920000 .0000000032 .0000565685 .0000326598 5989.182617 5988.786677 0.395940 0.006611         
45613056  32  4  0     .1574473333 .0000000006 .0000244948 .0000141420 5860.597168 5860.662463 0.065295 0.001114         
45875200  32  4  0     .1582976666 .0000000020 .0000447213 .0000258198 5674.467773 5674.622834 0.155060 0.002733         
46137344  32  4  0     .1591723334 .0000000014 .0000374165 .0000216024 5805.288086 5805.510044 0.221958 0.003823         
46399488  32  4  0     .1600186667 .0000000029 .0000538516 .0000310912 5713.011719 5712.980582 0.031137 0.000545         
46661632  32  4  0     .1608706667 .0000000083 .0000911043 .0000525990 5787.375488 5787.404585 0.029096 0.000503         
46923776  32  4  0     .1617700000 .0000000099 .0000994987 .0000574456 5885.635254 5885.630927 0.004327 0.000074         
47185920  32  4  0     .1625526666 .0000000029 .0000538516 .0000310912 6014.682617 6014.552431 0.130186 0.002165         
47448064  32  4  0     .1637216666 .0000000761 .0002758622 .0001592691 6037.604004 6037.231566 0.372438 0.006169         
47710208  32  4  0     .1643133333 .0000000062 .0000787400 .0000454605 5266.997070 5266.433231 0.563840 0.010706         
47972352  32  4  0     .1652456666 .0000000042 .0000648074 .0000374165 5686.660156 5686.101401 0.558756 0.009827         
48234496  32  4  0     .1666373334 .0000005577 .0007467931 .0004311611 6107.142090 6106.664261 0.477828 0.007825         
48496640  32  4  0     .1668810000 .0000000175 .0001322875 .0000763762 6530.019043 6529.344407 0.674636 0.010332         
48758784  32  4  0     .1677570000 .0000000031 .0000556776 .0000321454 6587.024414 6586.707123 0.317291 0.004817         
49020928  32  4  0     .1686136666 .0000000026 .0000509901 .0000294391 8006.587402 8006.063102 0.524301 0.006549         
49283072  32  4  0     .1694786667 .0000000173 .0001315294 .0000759385 8656.401367 8655.843938 0.557429 0.006440         
49545216  32  4  0     .1702783334 .0000000028 .0000529150 .0000305504 8936.767578 8936.139896 0.627682 0.007024         
49807360  32  4  0     .1710886667 .0000000026 .0000509901 .0000294391 9552.311523 9551.855928 0.455596 0.004770         
50069504  32  4  0     .1720843333 .0000000036 .0000600000 .0000346410 9337.397461 9337.165491 0.231970 0.002484         
50331648  32  4  0     .1727823334 .0000000011 .0000331662 .0000191485 9179.969727 9179.796807 0.172919 0.001884         
50593792  32  4  0     .1737153333 .0000000098 .0000989949 .0000571547 9397.626953 9397.664876 0.037923 0.000404         
50855936  32  4  0     .1747043333 .0000000378 .0001944222 .0001122497 9752.544922 9752.577745 0.032823 0.000337         
51118080  32  4  0     .1754816667 .0000000094 .0000969535 .0000559761 9338.411133 9338.395359 0.015774 0.000169         
51380224  32  4  0     .1763796667 .0000000013 .0000360555 .0000208166 8847.123047 8846.975093 0.147954 0.001672         
51642368  32  4  0     .1772100000 .0000000062 .0000787400 .0000454605 8329.046875 8329.006255 0.040620 0.000488         
51904512  32  4  0     .1782090000 .0000000833 .0002886173 .0001666332 7950.531738 7950.369392 0.162347 0.002042         
52166656  32  4  0     .1788700000 0 0 0 7716.944824 7716.665723 0.279101 0.003617         
52428800  32  4  0     .1796646667 .0000000099 .0000994987 .0000574456 7949.080566 7948.163820 0.916747 0.011534         
52690944  32  4  0     .1805883333 .0000000017 .0000412310 .0000238047 7637.907715 7636.738563 1.169152 0.015310         
52953088  32  4  0     .1816570000 .0000000958 .0003095157 .0001786989 8007.542480 8006.230020 1.312461 0.016393         
53215232  32  4  0     .1822503333 .0000000084 .0000916515 .0000529150 7569.956543 7568.843816 1.112727 0.014701         
53477376  32  4  0     .1832050000 .0000000020 .0000447213 .0000258198 8229.115234 8228.043951 1.071283 0.013020         
53739520  32  4  0     .1842436666 .0000000898 .0002996664 .0001730124 7410.324219 7409.012381 1.311838 0.017706         
54001664  32  4  0     .1849473333 .0000000069 .0000830662 .0000479582 7433.266113 7432.084398 1.181715 0.015900         
54263808  32  4  0     .1857063334 .0000000025 .0000500000 .0000288675 7785.642578 7784.413445 1.229133 0.015790         
54525952  32  4  0     .1865570000 .0000000144 .0001200000 .0000692820 7511.844727 7510.555429 1.289297 0.017166         
54788096  32  4  0     .1874680000 .0000000035 .0000591607 .0000341564 7915.246094 7914.168461 1.077632 0.013616         
55050240  32  4  0     .1882330000 .0000000263 .0001621727 .0000936304 7721.480469 7720.831486 0.648982 0.008406         
55312384  32  4  0     .1891553334 .0000000015 .0000387298 .0000223606 8613.851562 8612.979151 0.872411 0.010129         
55574528  32  4  0     .1900016666 .0000000040 .0000632455 .0000365148 7960.302734 7959.489988 0.812747 0.010211         
55836672  32  4  0     .1909050000 .0000000235 .0001532970 .0000885060 7415.281738 7414.307089 0.974650 0.013146         
56098816  32  4  0     .1916933333 .0000000011 .0000331662 .0000191485 7814.821777 7814.056022 0.765755 0.009800         
56360960  32  4  0     .1928553334 .0000002729 .0005223983 .0003016067 7339.034668 7338.338669 0.695999 0.009484         
56623104  32  4  0     .1934390000 .0000000010 .0000316227 .0000182573 8339.996094 8339.150497 0.845596 0.010140         
56885248  32  4  0     .1943026666 .0000000004 .0000200000 .0000115470 8759.936523 8759.020991 0.915533 0.010452         
57147392  32  4  0     .1951410000 .0000000138 .0001174734 .0000678232 7653.384766 7652.370341 1.014424 0.013256         
57409536  32  4  0     .1959823334 .0000000058 .0000761577 .0000439696 8597.951172 8596.835173 1.115999 0.012982         
57671680  32  4  0     .1968773334 .0000000141 .0001187434 .0000685565 9426.617188 9425.712477 0.904710 0.009598         
57933824  32  4  0     .1977680000 .0000000047 .0000685565 .0000395811 9880.945312 9879.678732 1.266580 0.012820         
58195968  32  4  0     .1985700000 0 0 0 9718.860352 9717.362285 1.498066 0.015416         
58458112  32  4  0     .1995553334 .0000000260 .0001612451 .0000930949 9522.618164 9520.822171 1.795993 0.018864         
58720256  32  4  0     .2001886667 .0000000002 .0000141421 .0000081649 8704.413086 8702.741489 1.671597 0.019208         
58982400  32  4  0     .2011700000 .0000000039 .0000624499 .0000360554 8344.755859 8343.209134 1.546726 0.018539         
59244544  32  4  0     .2020673334 .0000000133 .0001153256 .0000665832 8445.531250 8443.904591 1.626659 0.019264         
59506688  32  4  0     .2029010000 .0000000126 .0001122497 .0000648073 8446.070312 8444.512227 1.558086 0.018451         
59768832  32  4  0     .2036920000 .0000000122 .0001104536 .0000637704 7882.771973 7881.047780 1.724192 0.021878         
60030976  32  4  0     .2046323333 .0000000119 .0001090871 .0000629814 7937.706055 7936.134096 1.571959 0.019808         
60293120  32  4  0     .2054466667 .0000000032 .0000565685 .0000326598 8427.206055 8425.757296 1.448759 0.017194         
60555264  32  4  0     .2063673334 .0000000289 .0001700000 .0000981495 8112.511719 8111.110939 1.400780 0.017270         
60817408  32  4  0     .2071743333 .0000000133 .0001153256 .0000665832 8703.461914 8702.220320 1.241594 0.014268         
61079552  32  4  0     .2079206667 .0000000022 .0000469041 .0000270800 8504.310547 8503.284132 1.026415 0.012071         
61341696  32  4  0     .2089300000 .0000000174 .0001319090 .0000761576 8296.601562 8295.266173 1.335389 0.016098         
61603840  32  4  0     .2097870000 .0000000069 .0000830662 .0000479582 7961.282227 7959.775034 1.507193 0.018935         
61865984  32  4  0     .2105290000 .0000000026 .0000509901 .0000294391 8127.358398 8126.147018 1.211381 0.014907         
62128128  32  4  0     .2114463333 .0000000024 .0000489897 .0000282842 7997.185547 7996.129067 1.056480 0.013212         
62390272  32  4  0     .2122476667 .0000000158 .0001256980 .0000725717 7773.823242 7772.745005 1.078237 0.013872         
62652416  32  4  0     .2131616666 .0000000008 .0000282842 .0000163298 7852.001953 7850.816533 1.185421 0.015099         
62914560  32  4  0     .2139940000 .0000000012 .0000346410 .0000199999 8116.966797 8115.833360 1.133437 0.013966         
63176704  32  4  0     .2149000000 .0000000208 .0001442220 .0000832666 7744.870117 7743.687003 1.183114 0.015278         
63438848  32  4  0     .2158300000 .0000000413 .0002032240 .0001173314 8824.814453 8823.936756 0.877697 0.009947         
63700992  32  4  0     .2165816667 .0000000023 .0000479583 .0000276887 9163.389648 9162.532945 0.856703 0.009350         
63963136  32  4  0     .2173260000 .0000000030 .0000547722 .0000316227 8787.371094 8786.878555 0.492539 0.005605         
64225280  32  4  0     .2183343333 0 0 0 8771.419922 8771.152644 0.267278 0.003047         
64487424  32  4  0     .2192200000 .0000000527 .0002295648 .0001325392 8933.204102 8932.864521 0.339581 0.003801         
64749568  32  4  0     .2200033334 .0000000066 .0000812403 .0000469041 8940.219727 8939.898583 0.321143 0.003592         
65011712  32  4  0     .2208810000 .0000000063 .0000793725 .0000458257 8484.044922 8483.653698 0.391224 0.004612         
65273856  32  4  0     .2217073334 .0000000048 .0000692820 .0000399999 8584.412109 8584.046660 0.365449 0.004257         
65536000  32  4  0     .2225523333 .0000000033 .0000574456 .0000331662 8853.714844 8853.199621 0.515223 0.005820         
65798144  32  4  0     .2234926666 .0000000069 .0000830662 .0000479582 9324.508789 9323.867806 0.640983 0.006875         
66060288  32  4  0     .2241980000 .0000000050 .0000707106 .0000408247 8379.118164 8378.809647 0.308517 0.003682         
66322432  32  4  0     .2252383333 .0000000141 .0001187434 .0000685565 8402.736328 8402.307761 0.428567 0.005101         
66584576  32  4  0     .2260573334 .0000000355 .0001884144 .0001087811 8805.854492 8805.696863 0.157629 0.001790         
66846720  32  4  0     .2268563334 .0000000100 .0001000000 .0000577350 8132.648926 8132.373000 0.275926 0.003393         
67108864  32  4  0     .2277510000 .0000000136 .0001166190 .0000673300 8178.821289 8178.248495 0.572794 0.007004         
67371008  32  4  0     .2286100000 .0000000143 .0001195826 .0000690410 7952.904297 7952.903661 0.000636 0.000008         
67633152  32  4  0     .2294333333 .0000000103 .0001014889 .0000585946 7905.944824 7905.674263 0.270562 0.003422         
67895296  32  4  0     .2303960000 .0000000194 .0001392838 .0000804155 8586.321289 8585.833572 0.487717 0.005680         
68157440  32  4  0     .2311550000 .0000000033 .0000574456 .0000331662 8293.273438 8292.954585 0.318853 0.003845         
68419584  32  4  0     .2320050000 .0000000115 .0001072380 .0000619138 8630.072266 8629.107078 0.965187 0.011185         
68681728  32  4  0     .2335190000 .0000010319 .0010158247 .0005864866 8997.742188 8996.723688 1.018499 0.011321         
68943872  32  4  0     .2336530000 .0000000002 .0000141421 .0000081649 9179.458984 9178.688017 0.770967 0.008400         
69206016  32  4  0     .2344733334 .0000000008 .0000282842 .0000163298 9057.325195 9056.621844 0.703351 0.007766         
69468160  32  4  0     .2356390000 .0000001129 .0003360059 .0001939930 8734.697266 8733.779725 0.917541 0.010506         
69730304  32  4  0     .2362906666 .0000000029 .0000538516 .0000310912 8917.397461 8916.618449 0.779012 0.008737         
69992448  32  4  0     .2374890000 .0000002117 .0004601086 .0002656438 9035.316406 9034.954093 0.362313 0.004010         
70254592  32  4  0     .2380430000 .0000000037 .0000608276 .0000351188 9517.287109 9517.199586 0.087524 0.000920         
70516736  32  4  0     .2388693333 .0000000028 .0000529150 .0000305504 9876.121094 9876.242164 0.121071 0.001226         
70778880  32  4  0     .2397303334 .0000000020 .0000447213 .0000258198 10260.564453 10260.626798 0.062345 0.000608         
71041024  32  4  0     .2405783333 .0000000044 .0000663324 .0000382970 9344.479492 9344.375785 0.103707 0.001110         
71303168  32  4  0     .2414246666 .0000000253 .0001590597 .0000918331 9127.741211 9127.493778 0.247433 0.002711         
71565312  32  4  0     .2423426666 .0000000039 .0000624499 .0000360554 9704.978516 9704.574903 0.403613 0.004159         
71827456  32  4  0     .2431060000 .0000000049 .0000700000 .0000404145 10415.000977 10414.470369 0.530607 0.005095         
72089600  32  4  0     .2442243334 .0000001292 .0003594440 .0002075250 10284.785156 10284.364557 0.420600 0.004090         
72351744  32  4  0     .2449883334 .0000000886 .0002976575 .0001718526 10046.178711 10045.894837 0.283874 0.002826         
72613888  32  4  0     .2458636666 .0000000482 .0002195449 .0001267543 10975.803711 10975.780774 0.022937 0.000209         
72876032  32  4  0     .2465616666 .0000000079 .0000888819 .0000513159 10323.923828 10323.932429 0.008601 0.000083         
73138176  32  4  0     .2473136666 .0000000026 .0000509901 .0000294391 11418.353516 11418.160320 0.193195 0.001692         
73400320  32  4  0     .2482970000 .0000000044 .0000663324 .0000382970 12012.475586 12012.222341 0.253245 0.002108         
73662464  32  4  0     .2491370000 .0000000054 .0000734846 .0000424263 12083.161133 12082.942362 0.218771 0.001811         
73924608  32  4  0     .2500486667 .0000000029 .0000538516 .0000310912 12395.350586 12395.215961 0.134625 0.001086         
74186752  32  4  0     .2508433333 .0000000038 .0000616441 .0000355902 12301.013672 12300.855434 0.158238 0.001286         
74448896  32  4  0     .2516646667 .0000000086 .0000927361 .0000535412 12034.287109 12034.293822 0.006712 0.000056         
74711040  32  4  0     .2525883333 .0000000054 .0000734846 .0000424263 11462.133789 11462.015923 0.117866 0.001028         
74973184  32  4  0     .2534020000 .0000000072 .0000848528 .0000489897 11096.623047 11096.450905 0.172142 0.001551         
75235328  32  4  0     .2542480000 .0000000027 .0000519615 .0000299999 10640.041016 10640.359095 0.318079 0.002989         
75497472  32  4  0     .2550756666 .0000000014 .0000374165 .0000216024 10632.145508 10632.320991 0.175483 0.001650         
75759616  32  4  0     .2560066667 .0000000013 .0000360555 .0000208166 10087.372070 10087.424441 0.052370 0.000519         
76021760  32  4  0     .2568623334 .0000000144 .0001200000 .0000692820 10240.938477 10240.916765 0.021712 0.000212         
76283904  32  4  0     .2576626666 .0000000076 .0000871779 .0000503321 9857.190430 9857.514017 0.323587 0.003283         
76546048  32  4  0     .2585003334 .0000000060 .0000774596 .0000447213 9701.480469 9701.863160 0.382691 0.003945         
76808192  32  4  0     .2594573333 .0000000194 .0001392838 .0000804155 9169.123047 9169.492835 0.369788 0.004033         
77070336  32  4  0     .2602076667 .0000000033 .0000574456 .0000331662 9476.042969 9476.122321 0.079352 0.000837         
77332480  32  4  0     .2611620000 .0000000081 .0000900000 .0000519615 9529.164062 9529.181186 0.017124 0.000180         
77594624  32  4  0     .2619923333 .0000000197 .0001403566 .0000810349 9686.541016 9687.023099 0.482083 0.004977         
77856768  32  4  0     .2628093333 .0000000126 .0001122497 .0000648073 9173.628906 9174.287840 0.658934 0.007182         
78118912  32  4  0     .2636303334 .0000000084 .0000916515 .0000529150 9587.982422 9589.034039 1.051617 0.010967         
78381056  32  4  0     .2646016666 .0000000094 .0000969535 .0000559761 9415.438477 9416.594387 1.155910 0.012275         
78643200  32  4  0     .2654326667 .0000000153 .0001236931 .0000714142 9445.113281 9446.293043 1.179762 0.012489         
78905344  32  4  0     .2662496666 .0000000186 .0001363818 .0000787400 10154.425781 10155.729941 1.304160 0.012842         
79167488  32  4  0     .2670960000 .0000000014 .0000374165 .0000216024 10044.240234 10045.423582 1.183348 0.011780         
79429632  32  4  0     .2679836667 .0000000019 .0000435889 .0000251660 9150.647461 9152.110506 1.463045 0.015986         
79691776  32  4  0     .2687746666 .0000000019 .0000435889 .0000251660 8695.070312 8696.026991 0.956678 0.011001         
79953920  32  4  0     .2697183333 0 0 0 8844.628906 8845.525968 0.897062 0.010141         
80216064  32  4  0     .2705126666 .0000000001 .0000100000 .0000057735 9626.964844 9627.835117 0.870274 0.009039         
80478208  32  4  0     .2714366667 .0000000024 .0000489897 .0000282842 9373.488281 9374.436671 0.948389 0.010117         
80740352  32  4  0     .2722440000 .0000000013 .0000360555 .0000208166 8827.749023 8828.768502 1.019479 0.011547         
81002496  32  4  0     .2732290000 .0000000040 .0000632455 .0000365148 8725.666016 8726.692992 1.026977 0.011768         
81264640  32  4  0     .2742276667 .0000001816 .0004261455 .0002460352 8358.144531 8358.889419 0.744888 0.008911         
81526784  32  4  0     .2747993334 .0000000068 .0000824621 .0000476095 8794.347656 8795.171165 0.823509 0.009363         
81788928  32  4  0     .2756670000 .0000000082 .0000905538 .0000522812 8523.541992 8524.491448 0.949455 0.011138         
82051072  32  4  0     .2766793333 .0000000166 .0001288409 .0000743863 8315.259766 8316.267128 1.007362 0.012113         
82313216  32  4  0     .2773333334 .0000000006 .0000244948 .0000141420 7826.450684 7827.820150 1.369466 0.017495         
82575360  32  4  0     .2782556667 0 0 0 7855.034180 7856.252486 1.218306 0.015507         
82837504  32  4  0     .2791193333 .0000000016 .0000400000 .0000230940 8566.538086 8567.323094 0.785008 0.009163         
83099648  32  4  0     .2799710000 .0000000032 .0000565685 .0000326598 9304.964844 9305.641108 0.676264 0.007267         
83361792  32  4  0     .2807906666 .0000000012 .0000346410 .0000199999 9839.322266 9839.826587 0.504321 0.005125         
83623936  32  4  0     .2817560000 .0000001476 .0003841874 .0002218106 10196.523438 10196.379605 0.143833 0.001411         
83886080  32  4  0     .2825016667 .0000000050 .0000707106 .0000408247 9843.940430 9843.720612 0.219817 0.002233         
84148224  32  4  0     .2833700000 .0000000025 .0000500000 .0000288675 9954.788086 9954.276218 0.511868 0.005142         
84410368  32  4  0     .2847526667 .0000004799 .0006927481 .0003999583 10208.242188 10207.692503 0.549685 0.005385         
84672512  32  4  0     .2851286666 .0000000004 .0000200000 .0000115470 10453.115234 10452.758397 0.356837 0.003414         
84934656  32  4  0     .2861106667 .0000000042 .0000648074 .0000374165 10443.172852 10442.849535 0.323317 0.003096         
85196800  32  4  0     .2868040000 .0000000062 .0000787400 .0000454605 10607.259766 10607.037729 0.222037 0.002093         
85458944  32  4  0     .2875683334 .0000000017 .0000412310 .0000238047 11662.069336 11661.304452 0.764884 0.006559         
85721088  32  4  0     .2884846667 .0000000110 .0001048808 .0000605529 12203.066406 12202.330421 0.735986 0.006032         
85983232  32  4  0     .2893963333 .0000000529 .0002300000 .0001327905 12053.765625 12053.109348 0.656277 0.005445         
86245376  32  4  0     .2902300000 .0000000032 .0000565685 .0000326598 12259.501953 12258.909751 0.592202 0.004831         
86507520  32  4  0     .2912070000 .0000000198 .0001407124 .0000812403 12654.199219 12653.440954 0.758265 0.005993         
86769664  32  4  0     .2920946667 .0000000134 .0001157583 .0000668330 12500.833008 12500.863023 0.030015 0.000240         
87031808  32  4  0     .2928913334 .0000000189 .0001374772 .0000793724 12306.631836 12306.455726 0.176110 0.001431         
87293952  32  4  0     .2937580000 .0000000078 .0000883176 .0000509901 12326.743164 12326.713140 0.030024 0.000244         
87556096  32  4  0     .2944746667 .0000000042 .0000648074 .0000374165 12704.113281 12703.901221 0.212061 0.001669         
87818240  32  4  0     .2955000000 .0000000021 .0000458257 .0000264574 12239.695312 12239.438160 0.257152 0.002101         
88080384  32  4  0     .2962483334 .0000000007 .0000264575 .0000152752 12866.692383 12866.109133 0.583249 0.004533         
88342528  32  4  0     .2970420000 .0000000021 .0000458257 .0000264574 11706.961914 11706.575920 0.385994 0.003297         
88604672  32  4  0     .2979970000 .0000000019 .0000435889 .0000251660 12042.470703 12042.034085 0.436618 0.003626         
88866816  32  4  0     .2990226667 .0000000311 .0001763519 .0001018168 12346.236328 12345.771901 0.464427 0.003762         
89128960  32  4  0     .2996806667 .0000000393 .0001982422 .0001144551 12103.222656 12103.207110 0.015546 0.000128         
89391104  32  4  0     .3006016667 .0000000135 .0001161895 .0000670820 12642.687500 12642.556964 0.130536 0.001033         
89653248  32  4  0     .3014133334 .0000000076 .0000871779 .0000503321 12416.103516 12415.851786 0.251730 0.002027         
89915392  32  4  0     .3021943333 .0000000004 .0000200000 .0000115470 12126.010742 12126.099740 0.088997 0.000734         
90177536  32  4  0     .3030876667 .0000000052 .0000721110 .0000416333 12465.985352 12466.183509 0.198157 0.001590         
90439680  32  4  0     .3039676667 .0000000086 .0000927361 .0000535412 12240.951172 12241.071605 0.120433 0.000984         
90701824  32  4  0     .3047890000 .0000000035 .0000591607 .0000341564 12335.830078 12335.931643 0.101565 0.000823         
90963968  32  4  0     .3057396667 .0000000010 .0000316227 .0000182573 11842.378906 11842.355365 0.023541 0.000199         
91226112  32  4  0     .3065056667 .0000000003 .0000173205 .0000099999 12022.000000 12021.797484 0.202516 0.001685         
91488256  32  4  0     .3074563333 .0000000372 .0001928730 .0001113552 11860.274414 11860.166578 0.107836 0.000909         
91750400  32  4  0     .3081730000 .0000000005 .0000223606 .0000129098 12251.460938 12251.577531 0.116594 0.000952         
92012544  32  4  0     .3091393333 .0000000048 .0000692820 .0000399999 12180.539062 12180.449172 0.089890 0.000738         
92274688  32  4  0     .3099426666 .0000000006 .0000244948 .0000141420 11670.615234 11670.674720 0.059486 0.000510         
92536832  32  4  0     .3110273333 .0000000251 .0001584297 .0000914694 11671.010742 11671.024641 0.013899 0.000119         
92798976  32  4  0     .3119210000 .0000001024 .0003200000 .0001847520 12700.544922 12700.689780 0.144858 0.001141         
93061120  32  4  0     .3125760000 .0000000165 .0001284523 .0000741619 12132.649414 12133.016099 0.366685 0.003022         
93323264  32  4  0     .3133523333 .0000000010 .0000316227 .0000182573 12030.552734 12030.935991 0.383257 0.003186         
93585408  32  4  0     .3143206667 .0000000075 .0000866025 .0000499999 11688.660156 11689.638472 0.978316 0.008369         
93847552  32  4  0     .3150723334 .0000000021 .0000458257 .0000264574 11767.906250 11769.047649 1.141399 0.009698         
94109696  32  4  0     .3160416666 .0000000254 .0001593737 .0000920144 11994.661133 11995.879037 1.217904 0.010153         
94371840  32  4  0     .3167930000 .0000000063 .0000793725 .0000458257 11878.741211 11880.209913 1.468702 0.012363         
94633984  32  4  0     .3175946666 .0000000022 .0000469041 .0000270800 12670.769531 12672.572479 1.802948 0.014227         
94896128  32  4  0     .3187296667 .0000000385 .0001962141 .0001132842 12748.134766 12750.293387 2.158621 0.016930         
95158272  32  4  0     .3193760000 .0000000122 .0001104536 .0000637704 12256.997070 12258.772679 1.775608 0.014484         
95420416  32  4  0     .3203263334 .0000000143 .0001195826 .0000690410 12653.315430 12655.062134 1.746705 0.013802         
95682560  32  4  0     .3210690000 .0000000032 .0000565685 .0000326598 11652.011719 11653.886729 1.875010 0.016089         
95944704  32  4  0     .3220400000 .0000000307 .0001752141 .0001011599 11220.396484 11222.353000 1.956516 0.017434         
96206848  32  4  0     .3229943334 .0000000855 .0002924038 .0001688194 11703.421875 11705.641718 2.219843 0.018964         
96468992  32  4  0     .3236263333 .0000000026 .0000509901 .0000294391 11346.117188 11348.485699 2.368511 0.020871         
96731136  32  4  0     .3245033333 .0000000026 .0000509901 .0000294391 11749.724609 11751.906769 2.182160 0.018569         
96993280  32  4  0     .3254803333 .0000000063 .0000793725 .0000458257 11695.103516 11697.645302 2.541787 0.021729         
97255424  32  4  0     .3262636666 .0000000055 .0000741619 .0000428173 12344.483398 12346.962994 2.479596 0.020083         
97517568  32  4  0     .3270210000 .0000000061 .0000781024 .0000450924 12318.794922 12321.314154 2.519232 0.020446         
97779712  32  4  0     .3280666666 .0000000528 .0002297825 .0001326649 12607.141602 12609.936204 2.794603 0.022162         
98041856  32  4  0     .3289540000 .0000000508 .0002253885 .0001301281 12925.345703 12928.203089 2.857386 0.022102         
98304000  32  4  0     .3296413334 .0000000078 .0000883176 .0000509901 13525.177734 13528.021925 2.844190 0.021024         
98566144  32  4  0     .3306893334 .0000000437 .0002090454 .0001206924 13296.003906 13298.857704 2.853797 0.021459         
98828288  32  4  0     .3313943333 .0000000149 .0001220655 .0000704745 15092.589844 15095.374835 2.784991 0.018449         
99090432  32  4  0     .3322600000 .0000000022 .0000469041 .0000270800 15031.528320 15034.405944 2.877623 0.019140         
99352576  32  4  0     .3330926667 .0000000098 .0000989949 .0000571547 15162.263672 15165.027990 2.764318 0.018228         
99614720  32  4  0     .3339666666 .0000000181 .0001345362 .0000776745 15141.627930 15144.656958 3.029028 0.020001         
99876864  32  4  0     .3347553334 .0000000022 .0000469041 .0000270800 14813.555664 14816.553035 2.997371 0.020230         
100139008  32  4  0     .3356930000 .0000000077 .0000877496 .0000506622 14159.443359 14162.271849 2.828489 0.019972         
100401152  32  4  0     .3365243334 .0000000015 .0000387298 .0000223606 14399.059570 14401.569709 2.510139 0.017430         
100663296  32  4  0     .3373610000 .0000000030 .0000547722 .0000316227 14635.505859 14638.143795 2.637935 0.018021         
100925440  32  4  0     .3382356667 .0000000177 .0001330413 .0000768114 14615.447266 14618.081919 2.634653 0.018023         
101187584  32  4  0     .3390876667 .0000000107 .0001034408 .0000597215 14715.741211 14718.316693 2.575483 0.017498         
101449728  32  4  0     .3399560000 .0000000003 .0000173205 .0000099999 14367.115234 14369.685377 2.570142 0.017886         
101711872  32  4  0     .3408186666 .0000000125 .0001118033 .0000645496 14387.865234 14390.654016 2.788781 0.019379         
101974016  32  4  0     .3416886666 .0000000019 .0000435889 .0000251660 13764.759766 13767.322177 2.562411 0.018612         
102236160  32  4  0     .3424906666 .0000000007 .0000264575 .0000152752 13685.549805 13688.187280 2.637476 0.019268         
102498304  32  4  0     .3433233333 .0000000009 .0000300000 .0000173205 13532.256836 13534.902605 2.645769 0.019548         
102760448  32  4  0     .3442900000 .0000000114 .0001067707 .0000616440 13666.722656 13669.883203 3.160547 0.023121         
103022592  32  4  0     .3451590000 .0000000110 .0001048808 .0000605529 13747.112305 13750.243062 3.130757 0.022769         
103284736  32  4  0     .3459876667 .0000000096 .0000979795 .0000565684 14341.242188 14344.438588 3.196401 0.022283         
103546880  32  4  0     .3467996666 .0000000009 .0000300000 .0000173205 14856.763672 14859.967465 3.203793 0.021560         
103809024  32  4  0     .3477426666 .0000000048 .0000692820 .0000399999 14944.656250 14947.525123 2.868873 0.019193         
104071168  32  4  0     .3485043334 .0000000056 .0000748331 .0000432049 15222.508789 15225.861807 3.353018 0.022022         
104333312  32  4  0     .3493640000 .0000000023 .0000479583 .0000276887 15155.291016 15158.839167 3.548152 0.023406         
104595456  32  4  0     .3502386667 .0000000117 .0001081665 .0000624499 14667.558594 14670.960897 3.402303 0.023191         
104857600  32  4  0     .3511226667 .0000000743 .0002725802 .0001573742 14829.674805 14833.275169 3.600364 0.024272         
