262144  1024  1  0 .0127036666 .0000002027 .0004502221 .0002599358 130952.250000 130949.661879 2.588121 0.001976         
524288  1024  1  0 .0142170000 .0000000164 .0001280624 .0000739368 261987.250000 261985.181763 2.068237 0.000789         
786432  1024  1  0 .0160576666 .0000000738 .0002716615 .0001568438 393056.500000 393053.868283 2.631717 0.000670         
1048576  1024  1  0 .0173633333 .0000000257 .0001603121 .0000925562 524358.000000 524353.016601 4.983399 0.000950         
1310720  1024  1  0 .0193520000 .0000001710 .0004135214 .0002387466 655365.500000 655361.754369 3.745631 0.000572         
1572864  1024  1  0 .0209696667 .0000001840 .0004289522 .0002476556 786588.000000 786585.295905 2.704095 0.000344         
1835008  1024  1  0 .0221716667 .0000000137 .0001170469 .0000675770 917825.250000 917821.942080 3.307920 0.000360         
2097152  1024  1  0 .0242346667 .0000000601 .0002451530 .0001415391 1049032.000000 1049028.925218 3.074782 0.000293         
2359296  1024  1  0 .0255850000 .0000000284 .0001685229 .0000972967 1180202.000000 1180200.076877 1.923123 0.000163         
2621440  1024  1  0 .0271580000 .0000000079 .0000888819 .0000513159 1311486.000000 1311482.766523 3.233477 0.000247         
2883584  1024  1  0 .0287016666 .0000000919 .0003031501 .0001750237 1442381.000000 1442374.452690 6.547310 0.000454         
3145728  1024  1  0 .0307200000 .0000000377 .0001941648 .0001121010 1573668.500000 1573664.041637 4.458363 0.000283         
3407872  1024  1  0 .0356616667 .0000001566 .0003957271 .0002284731 1704882.500000 1704877.400196 5.099804 0.000299         
3670016  1024  1  0 .0373833333 .0000000282 .0001679285 .0000969535 1835930.250000 1835924.850941 5.399059 0.000294         
3932160  1024  1  0 .0392683334 .0000000414 .0002034698 .0001174733 1967178.500000 1967169.486917 9.013083 0.000458         
4194304  1024  1  0 .0412270000 .0000000237 .0001539480 .0000888819 2098281.000000 2098273.198124 7.801876 0.000372         
4456448  1024  1  0 .0433343334 .0000009797 .0009897979 .0005714600 2229482.500000 2229476.852412 5.647588 0.000253         
4718592  1024  1  0 .0448183333 .0000000204 .0001428285 .0000824620 2360599.750000 2360592.170990 7.579010 0.000321         
4980736  1024  1  0 .0467476666 .0000000772 .0002778488 .0001604160 2492022.750000 2492018.561457 4.188543 0.000168         
5242880  1024  1  0 .0484696666 .0000000105 .0001024695 .0000591607 2623032.000000 2623029.793644 2.206356 0.000084         
5505024  1024  1  0 .0506213334 .0000002039 .0004515528 .0002607041 2754018.750000 2754017.737060 1.012940 0.000037         
5767168  1024  1  0 .0522093334 .0000000601 .0002451530 .0001415391 2885199.000000 2885198.148105 0.851895 0.000030         
6029312  1024  1  0 .0543163334 .0000001509 .0003884584 .0002242765 3016120.250000 3016119.898909 0.351091 0.000012         
6291456  1024  1  0 .0559340000 .0000000045 .0000670820 .0000387298 3147151.750000 3147151.453207 0.296793 0.000009         
6553600  1024  1  0 .0579226667 .0000000178 .0001334166 .0000770281 3278146.500000 3278146.183568 0.316432 0.000010         
6815744  1024  1  0 .0598966667 .0000000124 .0001113552 .0000642909 3408755.500000 3408750.937978 4.562022 0.000134         
7077888  1024  1  0 .0614843333 .0000000139 .0001178982 .0000680685 3539904.500000 3539900.881960 3.618040 0.000102         
7340032  1024  1  0 .0633690000 .0000000085 .0000921954 .0000532290 3671255.750000 3671249.901608 5.848392 0.000159         
7602176  1024  1  0 .0651796667 .0000000256 .0001600000 .0000923760 3802453.250000 3802446.549421 6.700579 0.000176         
7864320  1024  1  0 .0674800000 .0000002407 .0004906118 .0002832548 3933493.000000 3933483.450687 9.549313 0.000243         
8126464  1024  1  0 .0688603333 .0000000006 .0000244948 .0000141420 4064656.500000 4064646.468686 10.031314 0.000247         
8388608  1024  1  0 .0708046667 .0000000124 .0001113552 .0000642909 4195751.500000 4195743.789535 7.710465 0.000184         
8650752  1024  1  0 .0726150000 0 0 0 4326750.500000 4326738.237005 12.262995 0.000283         
8912896  1024  1  0 .0744850000 .0000000078 .0000883176 .0000509901 4457518.500000 4457508.652220 9.847780 0.000221         
9175040  1024  1  0 .0764880000 .0000000078 .0000883176 .0000509901 4588647.000000 4588640.763444 6.236556 0.000136         
9437184  1024  1  0 .0783730000 .0000000441 .0002100000 .0001212435 4720047.500000 4720039.348282 8.151718 0.000173         
9699328  1024  1  0 .0803320000 .0000001431 .0003782856 .0002184032 4851271.500000 4851260.338035 11.161965 0.000230         
9961472  1024  1  0 .0819793334 .0000000026 .0000509901 .0000294391 4982434.000000 4982423.298871 10.701129 0.000215         
10223616  1024  1  0 .0837750000 .0000000085 .0000921954 .0000532290 5113406.000000 5113393.128779 12.871221 0.000252         
10485760  1024  1  0 .0857636667 .0000000204 .0001428285 .0000824620 5244315.000000 5244305.323534 9.676466 0.000185         
10747904  1024  1  0 .0876333334 .0000000105 .0001024695 .0000591607 5375461.000000 5375440.059271 20.940729 0.000390         
11010048  1024  1  0 .0897410000 .0000001391 .0003729611 .0002153291 5506576.500000 5506556.178900 20.321100 0.000369         
11272192  1024  1  0 .0912843334 .0000000105 .0001024695 .0000591607 5637751.000000 5637731.887683 19.112317 0.000339         
11534336  1024  1  0 .0932286666 .0000000177 .0001330413 .0000768114 5768919.500000 5768894.409111 25.090889 0.000435         
11796480  1024  1  0 .0949350000 .0000000006 .0000244948 .0000141420 5900026.000000 5900000.753778 25.246222 0.000428         
12058624  1024  1  0 .0966863334 .0000000124 .0001113552 .0000642909 6030895.000000 6030856.486713 38.513287 0.000639         
12320768  1024  1  0 .0987046666 .0000000137 .0001170469 .0000675770 6161959.000000 6161928.232284 30.767716 0.000499         
12582912  1024  1  0 .1004706667 .0000000818 .0002860069 .0001651261 6293133.000000 6293110.185050 22.814950 0.000363         
12845056  1024  1  0 .1026816666 .0000000879 .0002964793 .0001711724 6424072.000000 6424060.449634 11.550366 0.000180         
13107200  1024  1  0 .1042993333 .0000000244 .0001562049 .0000901849 6555346.500000 6555304.660545 41.839455 0.000638         
13369344  1024  1  0 .1063623334 .0000000258 .0001606237 .0000927361 6686594.000000 6686563.121229 30.878771 0.000462         
13631488  1024  1  0 .1079950000 .0000000085 .0000921954 .0000532290 6817805.000000 6817780.716869 24.283131 0.000356         
13893632  1024  1  0 .1100280000 .0000001711 .0004136423 .0002388164 6948972.500000 6948936.248826 36.251174 0.000522         
14155776  1024  1  0 .1116903334 .0000000345 .0001857417 .0001072380 7080210.500000 7080195.271903 15.228097 0.000215         
14417920  1024  1  0 .1137083334 .0000000239 .0001545962 .0000892561 7211334.500000 7211313.112875 21.387125 0.000297         
14680064  1024  1  0 .1154593333 .0000000184 .0001356465 .0000783155 7342495.000000 7342459.773022 35.226978 0.000480         
14942208  1024  1  0 .1173150000 .0000000554 .0002353720 .0001358920 7473728.000000 7473707.560567 20.439433 0.000273         
15204352  1024  1  0 .1189176666 .0000000019 .0000435889 .0000251660 7604330.500000 7604323.149253 7.350747 0.000097         
15466496  1024  1  0 .1210546667 .0000000059 .0000768114 .0000443470 7735582.000000 7735553.113890 28.886110 0.000373         
15728640  1024  1  0 .1229690000 .0000001805 .0004248529 .0002452889 7866593.500000 7866590.333937 3.166063 0.000040         
15990784  1024  1  0 .1246163333 .0000000058 .0000761577 .0000439696 7997580.000000 7997572.372222 7.627778 0.000095         
16252928  1024  1  0 .1265750000 0 0 0 8128801.500000 8128759.419376 42.080624 0.000518         
16515072  1024  1  0 .1284006667 .0000002632 .0005130302 .0002961981 8259883.500000 8259851.690899 31.809101 0.000385         
16777216  1024  1  0 .1305526666 .0000001910 .0004370354 .0002523225 8391010.000000 8391002.788552 7.211448 0.000086         
17039360  1024  1  0 .1320810000 .0000000719 .0002681417 .0001548116 8522258.000000 8522235.125122 22.874878 0.000268         
17301504  1024  1  0 .1342776667 .0000000494 .0002222611 .0001283225 8653420.000000 8653389.402089 30.597911 0.000354         
17563648  1024  1  0 .1360140000 .0000000712 .0002668332 .0001540562 8784456.000000 8784412.136968 43.863032 0.000499         
17825792  1024  1  0 .1381210000 .0000003217 .0005671860 .0003274649 8915404.000000 8915389.710793 14.289207 0.000160         
18087936  1024  1  0 .1395610000 .0000000045 .0000670820 .0000387298 9046364.000000 9046332.925472 31.074528 0.000344         
18350080  1024  1  0 .1414606667 .0000000322 .0001794435 .0001036017 9177486.000000 9177467.800913 18.199087 0.000198         
18612224  1024  1  0 .1431670000 .0000000045 .0000670820 .0000387298 9308349.000000 9308328.917768 20.082232 0.000216         
18874368  1024  1  0 .1450813333 .0000001116 .0003340658 .0001928729 9439656.000000 9439620.557659 35.442341 0.000375         
19136512  1024  1  0 .1467290000 .0000000324 .0001800000 .0001039230 9570863.000000 9570827.865685 35.134315 0.000367         
19398656  1024  1  0 .1489846666 .0000000482 .0002195449 .0001267543 9701999.000000 9701971.495802 27.504198 0.000283         
19660800  1024  1  0 .1507803333 .0000000204 .0001428285 .0000824620 9833110.000000 9833100.092560 9.907440 0.000101         
19922944  1024  1  0 .1526503333 .0000000345 .0001857417 .0001072380 9964301.000000 9964247.453568 53.546432 0.000537         
20185088  1024  1  0 .1543123333 .0000000019 .0000435889 .0000251660 10095402.000000 10095356.775558 45.224442 0.000448         
20447232  1024  1  0 .1562420000 .0000002464 .0004963869 .0002865891 10226790.000000 10226773.916986 16.083014 0.000157         
20709376  1024  1  0 .1584676666 .0000000718 .0002679552 .0001547040 10357874.000000 10357844.330021 29.669979 0.000286         
20971520  1024  1  0 .1601003334 .0000000416 .0002039607 .0001177567 10489181.000000 10489149.634951 31.365049 0.000299         
21233664  1024  1  0 .1621186667 .0000000521 .0002282542 .0001317826 10620147.000000 10620114.902902 32.097098 0.000302         
21495808  1024  1  0 .1635726667 .0000000375 .0001936491 .0001118033 10750942.000000 10750912.127341 29.872659 0.000278         
21757952  1024  1  0 .1655020000 .0000001113 .0003336165 .0001926135 10881838.000000 10881797.013319 40.986681 0.000377         
22020096  1024  1  0 .1677133334 .0000004298 .0006555913 .0003785058 11012872.000000 11012883.343030 11.343030 0.000103         
22282240  1024  1  0 .1694346667 .0000000342 .0001849324 .0001067707 11144020.000000 11143965.924556 54.075444 0.000485         
22544384  1024  1  0 .1712900000 .0000001431 .0003782856 .0002184032 11274956.000000 11274968.962637 12.962637 0.000115         
22806528  1024  1  0 .1730263334 .0000000660 .0002569046 .0001483239 11406114.000000 11406155.346762 41.346762 0.000362         
23068672  1024  1  0 .1749410000 .0000001297 .0003601388 .0002079262 11537245.000000 11537202.307074 42.692926 0.000370         
23330816  1024  1  0 .1766473333 .0000000085 .0000921954 .0000532290 11668179.000000 11668201.176011 22.176011 0.000190         
23592960  1024  1  0 .1785770000 .0000000554 .0002353720 .0001358920 11799362.000000 11799293.484149 68.515851 0.000581         
23855104  1024  1  0 .1805950000 .0000000480 .0002190890 .0001264910 11930235.000000 11930258.610061 23.610061 0.000198         
24117248  1024  1  0 .1823310000 .0000001711 .0004136423 .0002388164 12061101.000000 12061102.456608 1.456608 0.000012         
24379392  1024  1  0 .1840826667 .0000001078 .0003283291 .0001895608 12192313.000000 12192318.150323 5.150323 0.000042         
24641536  1024  1  0 .1861156666 .0000000323 .0001797220 .0001037625 12323411.000000 12323427.341025 16.341025 0.000133         
24903680  1024  1  0 .1878963334 .0000000105 .0001024695 .0000591607 12454212.000000 12454218.895285 6.895285 0.000055         
25165824  1024  1  0 .1895140000 .0000000125 .0001118033 .0000645496 12585420.000000 12585441.352596 21.352596 0.000170         
25427968  1024  1  0 .1914730000 .0000002187 .0004676537 .0002699999 12716416.000000 12716422.250519 6.250519 0.000049         
25690112  1024  1  0 .1934766667 .0000000501 .0002238302 .0001292284 12847688.000000 12847682.118135 5.881865 0.000046         
25952256  1024  1  0 .1953020000 .0000001156 .0003400000 .0001962990 12978782.000000 12978740.353532 41.646468 0.000321         
26214400  1024  1  0 .1969493334 .0000000244 .0001562049 .0000901849 13109960.000000 13109956.862881 3.137119 0.000024         
26476544  1024  1  0 .1989676667 .0000000178 .0001334166 .0000770281 13240974.000000 13240924.144425 49.855575 0.000377         
26738688  1024  1  0 .2007930000 .0000000019 .0000435889 .0000251660 13372206.000000 13372191.432306 14.567694 0.000109         
27000832  1024  1  0 .2024700000 .0000000164 .0001280624 .0000739368 13503364.000000 13503348.167770 15.832230 0.000117         
27262976  1024  1  0 .2045476667 .0000000482 .0002195449 .0001267543 13634723.000000 13634727.027385 4.027385 0.000030         
27525120  1024  1  0 .2065806667 .0000000019 .0000435889 .0000251660 13765902.000000 13765934.237632 32.237632 0.000234         
27787264  1024  1  0 .2084210000 .0000001391 .0003729611 .0002153291 13897065.000000 13897127.694457 62.694457 0.000451         
28049408  1024  1  0 .2102613333 .0000000443 .0002104756 .0001215181 14028316.000000 14028317.598272 1.598272 0.000011         
28311552  1024  1  0 .2118193333 .0000000006 .0000244948 .0000141420 14159656.000000 14159688.049817 32.049817 0.000226         
28573696  1024  1  0 .2137336667 .0000000184 .0001356465 .0000783155 14290501.000000 14290516.644096 15.644096 0.000109         
28835840  1024  1  0 .2157076666 .0000000019 .0000435889 .0000251660 14421560.000000 14421544.059451 15.940549 0.000111         
29097984  1024  1  0 .2175630000 .0000000284 .0001685229 .0000972967 14552448.000000 14552485.364726 37.364726 0.000257         
29360128  1024  1  0 .2196853334 .0000004884 .0006988562 .0004034848 14683536.000000 14683603.649292 67.649292 0.000461         
29622272  1024  1  0 .2213323333 .0000000026 .0000509901 .0000294391 14814804.000000 14814781.358994 22.641006 0.000153         
29884416  1024  1  0 .2231873334 .0000000178 .0001334166 .0000770281 14945770.000000 14945818.262407 48.262407 0.000323         
30146560  1024  1  0 .2248793334 .0000000138 .0001174734 .0000678232 15077012.000000 15077023.241595 11.241595 0.000075         
30408704  1024  1  0 .2268680000 .0000000085 .0000921954 .0000532290 15208173.000000 15208201.057636 28.057636 0.000184         
30670848  1024  1  0 .2285153334 .0000000046 .0000678232 .0000391577 15339313.000000 15339305.875277 7.124723 0.000046         
30932992  1024  1  0 .2304590000 .0000000324 .0001800000 .0001039230 15470262.000000 15470315.078975 53.078975 0.000343         
31195136  1024  1  0 .2321953334 .0000000184 .0001356465 .0000783155 15601198.000000 15601182.180127 15.819873 0.000101         
31457280  1024  1  0 .2340210000 .0000000085 .0000921954 .0000532290 15732193.000000 15732203.670905 10.670905 0.000068         
31719424  1024  1  0 .2361730000 .0000000045 .0000670820 .0000387298 15863330.000000 15863266.128067 63.871933 0.000403         
31981568  1024  1  0 .2379093333 .0000000878 .0002963106 .0001710750 15994290.000000 15994292.257334 2.257334 0.000014         
32243712  1024  1  0 .2397940000 .0000000970 .0003114482 .0001798147 16125332.000000 16125302.374273 29.625727 0.000184         
32505856  1024  1  0 .2418126667 .0000000879 .0002964793 .0001711724 16256249.000000 16256213.292175 35.707825 0.000220         
32768000  1024  1  0 .2434150000 .0000000085 .0000921954 .0000532290 16387412.000000 16387388.878030 23.121970 0.000141         
33030144  1024  1  0 .2455966667 .0000002780 .0005272570 .0003044119 16518437.000000 16518492.709807 55.709807 0.000337         
33292288  1024  1  0 .2470960000 .0000000237 .0001539480 .0000888819 16649456.000000 16649456.307644 0.307644 0.000002         
33554432  1024  1  0 .2490546667 .0000000375 .0001936491 .0001118033 16780380.000000 16780420.730242 40.730242 0.000243         
33816576  1024  1  0 .2510583333 .0000000178 .0001334166 .0000770281 16911502.000000 16911483.082978 18.917022 0.000112         
34078720  1024  1  0 .2527646666 .0000000282 .0001679285 .0000969535 17042708.000000 17042686.184338 21.815662 0.000128         
34340864  1024  1  0 .2546493334 .0000000443 .0002104756 .0001215181 17173782.000000 17173817.211734 35.211734 0.000205         
34603008  1024  1  0 .2564900000 0 0 0 17304744.000000 17304751.466334 7.466334 0.000043         
34865152  1024  1  0 .2584786666 .0000000026 .0000509901 .0000294391 17435836.000000 17435735.666941 100.333059 0.000575         
35127296  1024  1  0 .2602150000 .0000000640 .0002529822 .0001460593 17566876.000000 17566823.369062 52.630938 0.000300         
35389440  1024  1  0 .2621736667 .0000001078 .0003283291 .0001895608 17698084.000000 17698043.158802 40.841198 0.000231         
35651584  1024  1  0 .2636430000 .0000000284 .0001685229 .0000972967 17829060.000000 17829058.024139 1.975861 0.000011         
35913728  1024  1  0 .2658540000 .0000000284 .0001685229 .0000972967 17960378.000000 17960333.681411 44.318589 0.000247         
36175872  1024  1  0 .2675610000 .0000000204 .0001428285 .0000824620 18091204.000000 18091254.777764 50.777764 0.000281         
36438016  1024  1  0 .2693716666 .0000000046 .0000678232 .0000391577 18222440.000000 18222328.514318 111.485682 0.000612         
36700160  1024  1  0 .2713896667 .0000001594 .0003992492 .0002305066 18353406.000000 18353415.273999 9.273999 0.000051         
36962304  1024  1  0 .2734973333 .0000000058 .0000761577 .0000439696 18484394.000000 18484443.368167 49.368167 0.000267         
37224448  1024  1  0 .2750996666 .0000001126 .0003355592 .0001937351 18615486.000000 18615444.260279 41.739721 0.000224         
37486592  1024  1  0 .2768660000 .0000000125 .0001118033 .0000645496 18746602.000000 18746572.554609 29.445391 0.000157         
37748736  1024  1  0 .2787210000 .0000000681 .0002609597 .0001506651 18877820.000000 18877751.514373 68.485627 0.000363         
38010880  1024  1  0 .2804423333 .0000000715 .0002673948 .0001543804 19008882.000000 19008872.118618 9.881382 0.000052         
38273024  1024  1  0 .2827130000 .0000002638 .0005136146 .0002965355 19140020.000000 19140052.095440 32.095440 0.000168         
38535168  1024  1  0 .2844196667 .0000002145 .0004631414 .0002673948 19271118.000000 19271100.661077 17.338923 0.000090         
38797312  1024  1  0 .2858000000 .0000000403 .0002007485 .0001159022 19402210.000000 19402142.357907 67.642093 0.000349         
39059456  1024  1  0 .2878926667 .0000000006 .0000244948 .0000141420 19533218.000000 19533167.999185 50.000815 0.000256         
39321600  1024  1  0 .2897620000 .0000000125 .0001118033 .0000645496 19664206.000000 19664133.796539 72.203461 0.000367         
39583744  1024  1  0 .2916026666 .0000001135 .0003368976 .0001945079 19795310.000000 19795290.016308 19.983692 0.000101         
39845888  1024  1  0 .2934280000 .0000000204 .0001428285 .0000824620 19926224.000000 19926283.319879 59.319879 0.000298         
40108032  1024  1  0 .2954610000 .0000000125 .0001118033 .0000645496 20057180.000000 20057253.431849 73.431849 0.000366         
40370176  1024  1  0 .2973610000 .0000000950 .0003082207 .0001779513 20188404.000000 20188375.738796 28.261204 0.000140         
40632320  1024  1  0 .2992310000 .0000000554 .0002353720 .0001358920 20319608.000000 20319555.985162 52.014838 0.000256         
40894464  1024  1  0 .3008926667 .0000000046 .0000678232 .0000391577 20450528.000000 20450480.093693 47.906307 0.000234         
41156608  1024  1  0 .3028813334 .0000000414 .0002034698 .0001174733 20581600.000000 20581649.798376 49.798376 0.000242         
41418752  1024  1  0 .3045286666 .0000000019 .0000435889 .0000251660 20712564.000000 20712630.509960 66.509960 0.000321         
41680896  1024  1  0 .3065766666 .0000000178 .0001334166 .0000770281 20843566.000000 20843586.638639 20.638639 0.000099         
41943040  1024  1  0 .3084316667 .0000000422 .0002054263 .0001186029 20974380.000000 20974435.550480 55.550480 0.000265         
42205184  1024  1  0 .3101530000 .0000000125 .0001118033 .0000645496 21105532.000000 21105512.841431 19.158569 0.000091         
42467328  1024  1  0 .3122756667 .0000000059 .0000768114 .0000443470 21236672.000000 21236686.704331 14.704331 0.000069         
42729472  1024  1  0 .3139080000 .0000000204 .0001428285 .0000824620 21367780.000000 21367810.599773 30.599773 0.000143         
42991616  1024  1  0 .3157036667 .0000000612 .0002473863 .0001428285 21498682.000000 21498755.712957 73.712957 0.000343         
43253760  1024  1  0 .3176330000 .0000000520 .0002280350 .0001316560 21629736.000000 21629634.448317 101.551683 0.000470         
43515904  1024  1  0 .3193390000 .0000000321 .0001791647 .0001034407 21760710.000000 21760727.852537 17.852537 0.000082         
43778048  1024  1  0 .3214470000 .0000000734 .0002709243 .0001564182 21891712.000000 21891744.429110 32.429110 0.000148         
44040192  1024  1  0 .3229756666 .0000000165 .0001284523 .0000741619 22022964.000000 22022940.838761 23.161239 0.000105         
44302336  1024  1  0 .3250830000 .0000000125 .0001118033 .0000645496 22153982.000000 22154051.289805 69.289805 0.000313         
44564480  1024  1  0 .3269976667 .0000000422 .0002054263 .0001186029 22285150.000000 22285173.935062 23.935062 0.000107         
44826624  1024  1  0 .3286596667 .0000000059 .0000768114 .0000443470 22416264.000000 22416255.140924 8.859076 0.000040         
45088768  1024  1  0 .3307373333 .0000000046 .0000678232 .0000391577 22547348.000000 22547407.273871 59.273871 0.000263         
45350912  1024  1  0 .3324880000 .0000000078 .0000883176 .0000509901 22678516.000000 22678480.465642 35.534358 0.000157         
45613056  1024  1  0 .3343730000 .0000000006 .0000244948 .0000141420 22809436.000000 22809514.752163 78.752163 0.000345         
45875200  1024  1  0 .3363763333 .0000000501 .0002238302 .0001292284 22940492.000000 22940610.802193 118.802193 0.000518         
46137344  1024  1  0 .3380536667 .0000000059 .0000768114 .0000443470 23071486.000000 23071543.101511 57.101511 0.000247         
46399488  1024  1  0 .3401460000 .0000000712 .0002668332 .0001540562 23202556.000000 23202568.373131 12.373131 0.000053         
46661632  1024  1  0 .3415706667 .0000000257 .0001603121 .0000925562 23333434.000000 23333538.595203 104.595203 0.000448         
46923776  1024  1  0 .3436633333 .0000000256 .0001600000 .0000923760 23464484.000000 23464517.837944 33.837944 0.000144         
47185920  1024  1  0 .3455183334 .0000000283 .0001682260 .0000971253 23595696.000000 23595807.651290 111.651290 0.000473         
47448064  1024  1  0 .3475216666 .0000000343 .0001852025 .0001069267 23726892.000000 23726942.102109 50.102109 0.000211         
47710208  1024  1  0 .3491840000 .0000000020 .0000447213 .0000258198 23857916.000000 23857953.240622 37.240622 0.000156         
47972352  1024  1  0 .3513063334 .0000000979 .0003128897 .0001806469 23988674.000000 23988868.874940 194.874940 0.000812         
48234496  1024  1  0 .3527903333 .0000000614 .0002477902 .0001430617 24119612.000000 24119729.349311 117.349311 0.000487         
48496640  1024  1  0 .3546603334 .0000000258 .0001606237 .0000927361 24250604.000000 24250658.609181 54.609181 0.000225         
48758784  1024  1  0 .3565153334 .0000000185 .0001360147 .0000785281 24381784.000000 24381815.511388 31.511388 0.000129         
49020928  1024  1  0 .3585040000 .0000000503 .0002242766 .0001294861 24512870.000000 24512923.019068 53.019068 0.000216         
49283072  1024  1  0 .3602256667 .0000001130 .0003361547 .0001940790 24644328.000000 24644551.115473 223.115473 0.000905         
49545216  1024  1  0 .3620656667 .0000000204 .0001428285 .0000824620 24775494.000000 24775683.803748 189.803748 0.000766         
49807360  1024  1  0 .3640690000 .0000000085 .0000921954 .0000532290 24906600.000000 24906738.880855 138.880855 0.000558         
50069504  1024  1  0 .3658943334 .0000001134 .0003367491 .0001944221 25037902.000000 25038033.233241 131.233241 0.000524         
50331648  1024  1  0 .3677943334 .0000000019 .0000435889 .0000251660 25169032.000000 25169079.440325 47.440325 0.000188         
50593792  1024  1  0 .3695006667 .0000000521 .0002282542 .0001317826 25300056.000000 25300207.841714 151.841714 0.000600         
50855936  1024  1  0 .3713706667 .0000000204 .0001428285 .0000824620 25431124.000000 25431238.370753 114.370753 0.000450         
51118080  1024  1  0 .3731366667 .0000000731 .0002703701 .0001560982 25562428.000000 25562406.197889 21.802111 0.000085         
51380224  1024  1  0 .3752440000 .0000000204 .0001428285 .0000824620 25693096.000000 25693301.457813 205.457813 0.000800         
51642368  1024  1  0 .3769953334 .0000000600 .0002449489 .0001414213 25824434.000000 25824566.934917 132.934917 0.000515         
51904512  1024  1  0 .3790730000 .0000000424 .0002059126 .0001188836 25955498.000000 25955613.973743 115.973743 0.000447         
52166656  1024  1  0 .3806310000 .0000000085 .0000921954 .0000532290 26086536.000000 26086656.732928 120.732928 0.000463         
52428800  1024  1  0 .3825013334 .0000000184 .0001356465 .0000783155 26217506.000000 26217593.712841 87.712841 0.000335         
52690944  1024  1  0 .3843560000 .0000000316 .0001777638 .0001026319 26348352.000000 26348514.246981 162.246981 0.000616         
52953088  1024  1  0 .3864340000 .0000000323 .0001797220 .0001037625 26479578.000000 26479657.122608 79.122608 0.000299         
53215232  1024  1  0 .3882890000 .0000001117 .0003342154 .0001929593 26610392.000000 26610498.606217 106.606217 0.000401         
53477376  1024  1  0 .3900550000 .0000000139 .0001178982 .0000680685 26741566.000000 26741693.758919 127.758919 0.000478         
53739520  1024  1  0 .3919396666 .0000000165 .0001284523 .0000741619 26872552.000000 26872691.783758 139.783758 0.000520         
54001664  1024  1  0 .3937206667 .0000000124 .0001113552 .0000642909 27003502.000000 27003651.615816 149.615816 0.000554         
54263808  1024  1  0 .3956943334 .0000000006 .0000244948 .0000141420 27134714.000000 27134833.316581 119.316581 0.000440         
54525952  1024  1  0 .3973563333 .0000000376 .0001939071 .0001119523 27265804.000000 27265860.680417 56.680417 0.000208         
54788096  1024  1  0 .3993750000 .0000000323 .0001797220 .0001037625 27396724.000000 27396915.815049 191.815049 0.000700         
55050240  1024  1  0 .4011853333 .0000000614 .0002477902 .0001430617 27528008.000000 27528144.704314 136.704314 0.000497         
55312384  1024  1  0 .4030553334 .0000000416 .0002039607 .0001177567 27659504.000000 27659643.168569 139.168569 0.000503         
55574528  1024  1  0 .4049103333 .0000000996 .0003155946 .0001822086 27790748.000000 27790750.489135 2.489135 0.000009         
55836672  1024  1  0 .4067360000 .0000000006 .0000244948 .0000141420 27921400.000000 27921404.091874 4.091874 0.000015         
56098816  1024  1  0 .4082790000 .0000000323 .0001797220 .0001037625 28052334.000000 28052546.508964 212.508964 0.000758         
56360960  1024  1  0 .4105350000 .0000001504 .0003878143 .0002239046 28183630.000000 28183786.548146 156.548146 0.000555         
56623104  1024  1  0 .4123156667 .0000000612 .0002473863 .0001428285 28314680.000000 28314810.473419 130.473419 0.000461         
56885248  1024  1  0 .4146013333 .0000005755 .0007586171 .0004379877 28445654.000000 28445720.030255 66.030255 0.000232         
57147392  1024  1  0 .4159666667 .0000000137 .0001170469 .0000675770 28576628.000000 28576804.832187 176.832187 0.000619         
57409536  1024  1  0 .4177916667 .0000000059 .0000768114 .0000443470 28707640.000000 28707809.192004 169.192004 0.000589         
57671680  1024  1  0 .4195136666 .0000000501 .0002238302 .0001292284 28838856.000000 28838924.890984 68.890984 0.000239         
57933824  1024  1  0 .4214873334 .0000000376 .0001939071 .0001119523 28970044.000000 28970040.619681 3.380319 0.000012         
58195968  1024  1  0 .4233423334 .0000000244 .0001562049 .0000901849 29101108.000000 29101234.780832 126.780832 0.000436         
58458112  1024  1  0 .4251826667 .0000000257 .0001603121 .0000925562 29232012.000000 29232172.961216 160.961216 0.000551         
58720256  1024  1  0 .4269783333 .0000000325 .0001802775 .0001040832 29363166.000000 29363414.035267 248.035267 0.000845         
58982400  1024  1  0 .4287886667 .0000000059 .0000768114 .0000443470 29494092.000000 29494120.869898 28.869898 0.000098         
59244544  1024  1  0 .4310596666 .0000000239 .0001545962 .0000892561 29625204.000000 29625343.516325 139.516325 0.000471         
59506688  1024  1  0 .4325733334 .0000000416 .0002039607 .0001177567 29756152.000000 29756304.111315 152.111315 0.000511         
59768832  1024  1  0 .4346953333 .0000001628 .0004034848 .0002329520 29887216.000000 29887298.165213 82.165213 0.000275         
60030976  1024  1  0 .4362686666 .0000000177 .0001330413 .0000768114 30018242.000000 30018338.489634 96.489634 0.000321         
60293120  1024  1  0 .4380940000 .0000000417 .0002042057 .0001178982 30149336.000000 30149421.051260 85.051260 0.000282         
60555264  1024  1  0 .4399936666 .0000000026 .0000509901 .0000294391 30280450.000000 30280533.820704 83.820704 0.000277         
60817408  1024  1  0 .4419080000 .0000000681 .0002609597 .0001506651 30411394.000000 30411621.645035 227.645035 0.000749         
61079552  1024  1  0 .4436296667 .0000000204 .0001428285 .0000824620 30542680.000000 30542904.599176 224.599176 0.000735         
61341696  1024  1  0 .4455140000 .0000000640 .0002529822 .0001460593 30674056.000000 30674130.771360 74.771360 0.000244         
61603840  1024  1  0 .4476070000 .0000000681 .0002609597 .0001506651 30805262.000000 30805350.088706 88.088706 0.000286         
61865984  1024  1  0 .4493280000 .0000000204 .0001428285 .0000824620 30936464.000000 30936473.825099 9.825099 0.000032         
62128128  1024  1  0 .4511980000 .0000000916 .0003026549 .0001747378 31067410.000000 31067522.706566 112.706566 0.000363         
62390272  1024  1  0 .4529793334 .0000000342 .0001849324 .0001067707 31198792.000000 31198875.494004 83.494004 0.000268         
62652416  1024  1  0 .4551160000 .0000000520 .0002280350 .0001316560 31329716.000000 31329969.810243 253.810243 0.000810         
62914560  1024  1  0 .4567040000 .0000001267 .0003559494 .0002055074 31460836.000000 31461100.786540 264.786540 0.000842         
63176704  1024  1  0 .4588853333 .0000004338 .0006586349 .0003802630 31592176.000000 31592392.698684 216.698684 0.000686         
63438848  1024  1  0 .4606220000 .0000000950 .0003082207 .0001779513 31723614.000000 31723719.501487 105.501487 0.000333         
63700992  1024  1  0 .4623286667 .0000000204 .0001428285 .0000824620 31854452.000000 31854701.767878 249.767878 0.000784         
63963136  1024  1  0 .4641840000 .0000000078 .0000883176 .0000509901 31985544.000000 31985628.370524 84.370524 0.000264         
64225280  1024  1  0 .4662170000 .0000000045 .0000670820 .0000387298 32116600.000000 32116818.084213 218.084213 0.000679         
64487424  1024  1  0 .4679830000 .0000000125 .0001118033 .0000645496 32247810.000000 32248052.585656 242.585656 0.000752         
64749568  1024  1  0 .4697490000 .0000000237 .0001539480 .0000888819 32378848.000000 32378988.751801 140.751801 0.000435         
65011712  1024  1  0 .4714853333 .0000000019 .0000435889 .0000251660 32509844.000000 32510023.201321 179.201321 0.000551         
65273856  1024  1  0 .4733553334 .0000000019 .0000435889 .0000251660 32640908.000000 32641062.551352 154.551352 0.000473         
65536000  1024  1  0 .4754330000 .0000000125 .0001118033 .0000645496 32771694.000000 32771912.814247 218.814247 0.000668         
65798144  1024  1  0 .4774513334 .0000000733 .0002707397 .0001563116 32902800.000000 32902836.611068 36.611068 0.000111         
66060288  1024  1  0 .4791873334 .0000000239 .0001545962 .0000892561 33033680.000000 33033834.242634 154.242634 0.000467         
66322432  1024  1  0 .4808496667 .0000000204 .0001428285 .0000824620 33164684.000000 33164849.572813 165.572813 0.000499         
66584576  1024  1  0 .4826750000 .0000000085 .0000921954 .0000532290 33295552.000000 33295702.802860 150.802860 0.000453         
66846720  1024  1  0 .4847526667 .0000000178 .0001334166 .0000770281 33426556.000000 33426839.580154 283.580154 0.000848         
67108864  1024  1  0 .4864890000 .0000000377 .0001941648 .0001121010 33557712.000000 33557831.136790 119.136790 0.000355         
67371008  1024  1  0 .4884033334 .0000000080 .0000894427 .0000516397 33688892.000000 33688824.466880 67.533120 0.000200         
67633152  1024  1  0 .4902436666 .0000000283 .0001682260 .0000971253 33819480.000000 33819727.695805 247.695805 0.000732         
67895296  1024  1  0 .4919950000 .0000000045 .0000670820 .0000387298 33950440.000000 33950584.265917 144.265917 0.000425         
68157440  1024  1  0 .4937610000 .0000000204 .0001428285 .0000824620 34081664.000000 34081500.694456 163.305544 0.000479         
68419584  1024  1  0 .4958240000 .0000000006 .0000244948 .0000141420 34212460.000000 34212569.639244 109.639244 0.000320         
68681728  1024  1  0 .4977236666 .0000000879 .0002964793 .0001711724 34343780.000000 34343841.012854 61.012854 0.000178         
68943872  1024  1  0 .4997413334 .0000002226 .0004718050 .0002723967 34474936.000000 34474979.110094 43.110094 0.000125         
69206016  1024  1  0 .5013146666 .0000000256 .0001600000 .0000923760 34605868.000000 34606046.969590 178.969590 0.000517         
69468160  1024  1  0 .5033476667 .0000000026 .0000509901 .0000294391 34737088.000000 34737098.427752 10.427752 0.000030         
69730304  1024  1  0 .5051883334 .0000000376 .0001939071 .0001119523 34867944.000000 34868045.534473 101.534473 0.000291         
69992448  1024  1  0 .5071473333 .0000000256 .0001600000 .0000923760 34999024.000000 34999024.038951 0.038951 0.000000         
70254592  1024  1  0 .5087796666 .0000000602 .0002453568 .0001416568 35130444.000000 35130372.664308 71.335692 0.000203         
70516736  1024  1  0 .5107090000 .0000001805 .0004248529 .0002452889 35261284.000000 35261394.394316 110.394316 0.000313         
70778880  1024  1  0 .5126680000 .0000000712 .0002668332 .0001540562 35392220.000000 35392307.228772 87.228772 0.000246         
71041024  1024  1  0 .5147603334 .0000001208 .0003475629 .0002006655 35523196.000000 35523411.343006 215.343006 0.000606         
71303168  1024  1  0 .5165563334 .0000000818 .0002860069 .0001651261 35654420.000000 35654407.281438 12.718562 0.000036         
71565312  1024  1  0 .5179510000 .0000000164 .0001280624 .0000739368 35785320.000000 35785317.364018 2.635982 0.000007         
71827456  1024  1  0 .5200140000 .0000000734 .0002709243 .0001564182 35916640.000000 35916600.905856 39.094144 0.000109         
72089600  1024  1  0 .5218096667 .0000000836 .0002891366 .0001669330 36047552.000000 36047639.912437 87.912437 0.000244         
72351744  1024  1  0 .5236796666 .0000000401 .0002002498 .0001156142 36178704.000000 36178763.466102 59.466102 0.000164         
72613888  1024  1  0 .5254603334 .0000000026 .0000509901 .0000294391 36309708.000000 36309805.406286 97.406286 0.000268         
72876032  1024  1  0 .5273896667 .0000000976 .0003124099 .0001803699 36440804.000000 36440746.888968 57.111032 0.000157         
73138176  1024  1  0 .5293636667 .0000002161 .0004648655 .0002683902 36571816.000000 36571946.230389 130.230389 0.000356         
73400320  1024  1  0 .5309810000 .0000000006 .0000244948 .0000141420 36703056.000000 36703053.491301 2.508699 0.000007         
73662464  1024  1  0 .5331923334 .0000002459 .0004958830 .0002862981 36834176.000000 36834287.346595 111.346595 0.000302         
73924608  1024  1  0 .5348250000 .0000000403 .0002007485 .0001159022 36965340.000000 36965411.232771 71.232771 0.000193         
74186752  1024  1  0 .5366503333 .0000000046 .0000678232 .0000391577 37096188.000000 37096332.405888 144.405888 0.000389         
74448896  1024  1  0 .5387426667 .0000000026 .0000509901 .0000294391 37227280.000000 37227475.468742 195.468742 0.000525         
74711040  1024  1  0 .5404636666 .0000000241 .0001552417 .0000896288 37358124.000000 37358207.968171 83.968171 0.000225         
74973184  1024  1  0 .5423046667 .0000000818 .0002860069 .0001651261 37489064.000000 37489212.385343 148.385343 0.000396         
75235328  1024  1  0 .5441153333 .0000000026 .0000509901 .0000294391 37620008.000000 37620146.420269 138.420269 0.000368         
75497472  1024  1  0 .5458513333 .0000000422 .0002054263 .0001186029 37751152.000000 37751246.666171 94.666171 0.000251         
75759616  1024  1  0 .5476323334 .0000000523 .0002286919 .0001320353 37882056.000000 37882167.410239 111.410239 0.000294         
76021760  1024  1  0 .5495166667 .0000000026 .0000509901 .0000294391 38013420.000000 38013380.219182 39.780818 0.000105         
76283904  1024  1  0 .5512980000 .0000000204 .0001428285 .0000824620 38144164.000000 38144335.214411 171.214411 0.000449         
76546048  1024  1  0 .5532716667 .0000000375 .0001936491 .0001118033 38275244.000000 38275463.364627 219.364627 0.000573         
76808192  1024  1  0 .5551563334 .0000000026 .0000509901 .0000294391 38406284.000000 38406370.660374 86.660374 0.000226         
77070336  1024  1  0 .5570560000 .0000000139 .0001178982 .0000680685 38537384.000000 38537601.624223 217.624223 0.000565         
77332480  1024  1  0 .5589850000 .0000000125 .0001118033 .0000645496 38668244.000000 38668603.366580 359.366580 0.000929         
77594624  1024  1  0 .5605880000 .0000000045 .0000670820 .0000387298 38799532.000000 38799648.847829 116.847829 0.000301         
77856768  1024  1  0 .5626063334 .0000000244 .0001562049 .0000901849 38930872.000000 38931008.905776 136.905776 0.000352         
78118912  1024  1  0 .5643430000 .0000000125 .0001118033 .0000645496 39062088.000000 39062179.677539 91.677539 0.000235         
78381056  1024  1  0 .5663016666 .0000000602 .0002453568 .0001416568 39192904.000000 39193170.099995 266.099995 0.000679         
78643200  1024  1  0 .5682606667 .0000000026 .0000509901 .0000294391 39323820.000000 39324008.390316 188.390316 0.000479         
78905344  1024  1  0 .5701153334 .0000000501 .0002238302 .0001292284 39454964.000000 39455200.936716 236.936716 0.000601         
79167488  1024  1  0 .5719560000 .0000000403 .0002007485 .0001159022 39586172.000000 39586362.931995 190.931995 0.000482         
79429632  1024  1  0 .5737370000 .0000000045 .0000670820 .0000387298 39717008.000000 39717291.343991 283.343991 0.000713         
79691776  1024  1  0 .5755920000 .0000000085 .0000921954 .0000532290 39847876.000000 39848167.539959 291.539959 0.000732         
79953920  1024  1  0 .5776400000 .0000000520 .0002280350 .0001316560 39978864.000000 39979177.087161 313.087161 0.000783         
80216064  1024  1  0 .5791833333 .0000000019 .0000435889 .0000251660 40109904.000000 40110295.266012 391.266012 0.000975         
80478208  1024  1  0 .5812760000 .0000001250 .0003535533 .0002041240 40240868.000000 40241022.834269 154.834269 0.000385         
80740352  1024  1  0 .5828340000 .0000000554 .0002353720 .0001358920 40372016.000000 40372389.347550 373.347550 0.000925         
81002496  1024  1  0 .5848970000 .0000000006 .0000244948 .0000141420 40503296.000000 40503436.963166 140.963166 0.000348         
81264640  1024  1  0 .5867520000 .0000000139 .0001178982 .0000680685 40634152.000000 40634383.296333 231.296333 0.000569         
81526784  1024  1  0 .5885923334 .0000000880 .0002966479 .0001712697 40765240.000000 40765548.187269 308.187269 0.000756         
81788928  1024  1  0 .5904473334 .0000000376 .0001939071 .0001119523 40896224.000000 40896640.685990 416.685990 0.001019         
82051072  1024  1  0 .5923170000 .0000000078 .0000883176 .0000509901 41027328.000000 41027683.001106 355.001106 0.000865         
82313216  1024  1  0 .5941873334 .0000000376 .0001939071 .0001119523 41158640.000000 41158997.740451 357.740451 0.000869         
82575360  1024  1  0 .5960720000 .0000000085 .0000921954 .0000532290 41289428.000000 41289818.797623 390.797623 0.000946         
82837504  1024  1  0 .5977190000 .0000000085 .0000921954 .0000532290 41420708.000000 41420819.700373 111.700373 0.000270         
83099648  1024  1  0 .5995743333 .0000000019 .0000435889 .0000251660 41551416.000000 41551833.277388 417.277388 0.001004         
83361792  1024  1  0 .6014590000 .0000000125 .0001118033 .0000645496 41682732.000000 41683085.614432 353.614432 0.000848         
83623936  1024  1  0 .6034480000 .0000000950 .0003082207 .0001779513 41813884.000000 41814038.585126 154.585126 0.000370         
83886080  1024  1  0 .6055996667 .0000000322 .0001794435 .0001036017 41945112.000000 41945182.428313 70.428313 0.000168         
84148224  1024  1  0 .6072470000 .0000000821 .0002865309 .0001654286 42076052.000000 42076201.311882 149.311882 0.000355         
84410368  1024  1  0 .6088793334 .0000002936 .0005418486 .0003128364 42207048.000000 42207253.029646 205.029646 0.000486         
84672512  1024  1  0 .6110756667 .0000000204 .0001428285 .0000824620 42338392.000000 42338583.642539 191.642539 0.000453         
84934656  1024  1  0 .6127083334 .0000000058 .0000761577 .0000439696 42469452.000000 42469654.109097 202.109097 0.000476         
85196800  1024  1  0 .6145486666 .0000000601 .0002451530 .0001415391 42600324.000000 42600356.002807 32.002807 0.000075         
85458944  1024  1  0 .6164630000 .0000000403 .0002007485 .0001159022 42731336.000000 42731553.648075 217.648075 0.000509         
85721088  1024  1  0 .6183623333 .0000000059 .0000768114 .0000443470 42862200.000000 42862551.735829 351.735829 0.000821         
85983232  1024  1  0 .6202026666 .0000000165 .0001284523 .0000741619 42993424.000000 42993701.304903 277.304903 0.000645         
86245376  1024  1  0 .6220576666 .0000000416 .0002039607 .0001177567 43124548.000000 43124807.215455 259.215455 0.000601         
86507520  1024  1  0 .6238536667 .0000000204 .0001428285 .0000824620 43256024.000000 43256081.227237 57.227237 0.000132         
86769664  1024  1  0 .6258126667 .0000000322 .0001794435 .0001036017 43387216.000000 43387284.945742 68.945742 0.000159         
87031808  1024  1  0 .6277863333 .0000000006 .0000244948 .0000141420 43518296.000000 43518504.840398 208.840398 0.000480         
87293952  1024  1  0 .6293000000 .0000000164 .0001280624 .0000739368 43649320.000000 43649419.424667 99.424667 0.000228         
87556096  1024  1  0 .6311403334 .0000000256 .0001600000 .0000923760 43780432.000000 43780570.934591 138.934591 0.000317         
87818240  1024  1  0 .6332030000 .0000000481 .0002193171 .0001266227 43911624.000000 43911890.309934 266.309934 0.000606         
88080384  1024  1  0 .6350140000 .0000000079 .0000888819 .0000513159 44042864.000000 44043032.404931 168.404931 0.000382         
88342528  1024  1  0 .6369280000 .0000000139 .0001178982 .0000680685 44173840.000000 44174074.879581 234.879581 0.000532         
88604672  1024  1  0 .6386346667 .0000000046 .0000678232 .0000391577 44304800.000000 44305039.000560 239.000560 0.000539         
88866816  1024  1  0 .6405640000 .0000001433 .0003785498 .0002185558 44436136.000000 44436278.932622 142.932622 0.000322         
89128960  1024  1  0 .6424783334 .0000000996 .0003155946 .0001822086 44567248.000000 44567172.225160 75.774840 0.000170         
89391104  1024  1  0 .6440956667 .0000000258 .0001606237 .0000927361 44698472.000000 44698637.413806 165.413806 0.000370         
89653248  1024  1  0 .6461290000 .0000000186 .0001363818 .0000787400 44829656.000000 44829629.256664 26.743336 0.000060         
89915392  1024  1  0 .6479250000 .0000001130 .0003361547 .0001940790 44960776.000000 44960745.302486 30.697514 0.000068         
90177536  1024  1  0 .6496166666 .0000000019 .0000435889 .0000251660 45091876.000000 45091996.941210 120.941210 0.000268         
90439680  1024  1  0 .6518130000 .0000000323 .0001797220 .0001037625 45222840.000000 45222973.835456 133.835456 0.000296         
90701824  1024  1  0 .6535196666 .0000000205 .0001431782 .0000826639 45353960.000000 45354188.445776 228.445776 0.000504         
90963968  1024  1  0 .6552860000 .0000000821 .0002865309 .0001654286 45484920.000000 45485087.486438 167.486438 0.000368         
91226112  1024  1  0 .6571556667 .0000000244 .0001562049 .0000901849 45616192.000000 45616314.454488 122.454488 0.000268         
91488256  1024  1  0 .6591293333 .0000000879 .0002964793 .0001711724 45747392.000000 45747594.150087 202.150087 0.000442         
91750400  1024  1  0 .6607620000 .0000000085 .0000921954 .0000532290 45878708.000000 45878838.965837 130.965837 0.000285         
92012544  1024  1  0 .6626470000 .0000000681 .0002609597 .0001506651 46009864.000000 46010017.308354 153.308354 0.000333         
92274688  1024  1  0 .6645760000 .0000001250 .0003535533 .0002041240 46140708.000000 46140966.706750 258.706750 0.000561         
92536832  1024  1  0 .6665203333 .0000000443 .0002104756 .0001215181 46272020.000000 46272228.892109 208.892109 0.000451         
92798976  1024  1  0 .6684196667 .0000001630 .0004037325 .0002330950 46403124.000000 46403338.431932 214.431932 0.000462         
93061120  1024  1  0 .6701116666 .0000000401 .0002002498 .0001156142 46534348.000000 46534691.243170 343.243170 0.000738         
93323264  1024  1  0 .6716993333 .0000000079 .0000888819 .0000513159 46665420.000000 46665645.803096 225.803096 0.000484         
93585408  1024  1  0 .6738216666 .0000001038 .0003221800 .0001860107 46796628.000000 46796812.529823 184.529823 0.000394         
93847552  1024  1  0 .6757510000 .0000000237 .0001539480 .0000888819 46927744.000000 46927947.691460 203.691460 0.000434         
94109696  1024  1  0 .6775613334 .0000000443 .0002104756 .0001215181 47058940.000000 47059021.558447 81.558447 0.000173         
94371840  1024  1  0 .6791940000 .0000000284 .0001685229 .0000972967 47190072.000000 47190155.515040 83.515040 0.000177         
94633984  1024  1  0 .6812570000 .0000000085 .0000921954 .0000532290 47320956.000000 47321276.057893 320.057893 0.000676         
94896128  1024  1  0 .6830376666 .0000000205 .0001431782 .0000826639 47451824.000000 47452122.676077 298.676077 0.000629         
95158272  1024  1  0 .6848926666 .0000000185 .0001360147 .0000785281 47582632.000000 47583036.291832 404.291832 0.000850         
95420416  1024  1  0 .6868070000 .0000000284 .0001685229 .0000972967 47714072.000000 47714159.162406 87.162406 0.000183         
95682560  1024  1  0 .6885883334 .0000001134 .0003367491 .0001944221 47844784.000000 47844993.411065 209.411065 0.000438         
95944704  1024  1  0 .6907993334 .0000000137 .0001170469 .0000675770 47975728.000000 47976079.005434 351.005434 0.000732         
96206848  1024  1  0 .6927880000 .0000005442 .0007376991 .0004259107 48107108.000000 48107215.403489 107.403489 0.000223         
96468992  1024  1  0 .6945243334 .0000001035 .0003217141 .0001857417 48237936.000000 48238108.989904 172.989904 0.000359         
96731136  1024  1  0 .6963050000 .0000004007 .0006330086 .0003654676 48368928.000000 48369127.975540 199.975540 0.000413         
96993280  1024  1  0 .6980413333 .0000000600 .0002449489 .0001414213 48499764.000000 48499993.593651 229.593651 0.000473         
97255424  1024  1  0 .6996593333 .0000000178 .0001334166 .0000770281 48630644.000000 48630725.268280 81.268280 0.000167         
97517568  1024  1  0 .7020190000 .0000003352 .0005789645 .0003342653 48761736.000000 48761778.704412 42.704412 0.000088         
97779712  1024  1  0 .7035176667 .0000000422 .0002054263 .0001186029 48892368.000000 48892765.348903 397.348903 0.000813         
98041856  1024  1  0 .7053576667 .0000000256 .0001600000 .0000923760 49023236.000000 49023596.000615 360.000615 0.000734         
98304000  1024  1  0 .7071686666 .0000000343 .0001852025 .0001069267 49154296.000000 49154486.330888 190.330888 0.000387         
98566144  1024  1  0 .7090383334 .0000000085 .0000921954 .0000532290 49284992.000000 49285336.276241 344.276241 0.000699         
98828288  1024  1  0 .7110273334 .0000000738 .0002716615 .0001568438 49415904.000000 49416313.374885 409.374885 0.000828         
99090432  1024  1  0 .7127783333 .0000000918 .0003029851 .0001749285 49547464.000000 49547517.091822 53.091822 0.000107         
99352576  1024  1  0 .7148560000 .0000000503 .0002242766 .0001294861 49678260.000000 49678601.199767 341.199767 0.000687         
99614720  1024  1  0 .7166516667 .0000000026 .0000509901 .0000294391 49809336.000000 49809480.606112 144.606112 0.000290         
99876864  1024  1  0 .7182396667 .0000000204 .0001428285 .0000824620 49940412.000000 49940660.386682 248.386682 0.000497         
100139008  1024  1  0 .7203023333 .0000001630 .0004037325 .0002330950 50071448.000000 50071761.860992 313.860992 0.000627         
100401152  1024  1  0 .7219200000 .0000000020 .0000447213 .0000258198 50202824.000000 50202831.631633 7.631633 0.000015         
100663296  1024  1  0 .7238196666 .0000000284 .0001685229 .0000972967 50333964.000000 50334081.532996 117.532996 0.000234         
100925440  1024  1  0 .7256003333 .0000000046 .0000678232 .0000391577 50465296.000000 50465248.630429 47.369571 0.000094         
101187584  1024  1  0 .7276633334 .0000000416 .0002039607 .0001177567 50595840.000000 50596087.972890 247.972890 0.000490         
101449728  1024  1  0 .7293256667 .0000000165 .0001284523 .0000741619 50727128.000000 50727182.235192 54.235192 0.000107         
101711872  1024  1  0 .7315216667 .0000000184 .0001356465 .0000783155 50858312.000000 50858379.846353 67.846353 0.000133         
101974016  1024  1  0 .7331540000 .0000000125 .0001118033 .0000645496 50989268.000000 50989521.112843 253.112843 0.000496         
102236160  1024  1  0 .7351430000 .0000001845 .0004295346 .0002479919 51120360.000000 51120625.714108 265.714108 0.000520         
102498304  1024  1  0 .7373690000 .0000003946 .0006281719 .0003626752 51251320.000000 51251408.542912 88.542912 0.000173         
102760448  1024  1  0 .7387493333 .0000000416 .0002039607 .0001177567 51382368.000000 51382393.817043 25.817043 0.000050         
103022592  1024  1  0 .7406336666 .0000000443 .0002104756 .0001215181 51513700.000000 51513789.413289 89.413289 0.000174         
103284736  1024  1  0 .7425783333 .0000000137 .0001170469 .0000675770 51644768.000000 51644962.072240 194.072240 0.000376         
103546880  1024  1  0 .7441660000 .0000000204 .0001428285 .0000824620 51775888.000000 51776138.832184 250.832184 0.000484         
103809024  1024  1  0 .7459916666 .0000000422 .0002054263 .0001186029 51906988.000000 51907243.493467 255.493467 0.000492         
104071168  1024  1  0 .7478466666 .0000000443 .0002104756 .0001215181 52038304.000000 52038346.254905 42.254905 0.000081         
104333312  1024  1  0 .7499686666 .0000000376 .0001939071 .0001119523 52169292.000000 52169325.894166 33.894166 0.000065         
104595456  1024  1  0 .7520610000 .0000000316 .0001777638 .0001026319 52299828.000000 52300247.883304 419.883304 0.000803         
104857600  1024  1  0 .7538126666 .0000000443 .0002104756 .0001215181 52431092.000000 52431338.622100 246.622100 0.000470         
