#timestep       power           acc-energy      avg-power       dt              acc-time       
1               54.215000       0.550716        54.215000       0.010158        0.010158       
2               51.343000       1.136899        52.695203       0.011417        0.021575       
3               51.343000       1.707012        52.235738       0.011104        0.032679       
4               48.916000       2.215493        51.434589       0.010395        0.043074       
5               48.916000       2.753129        50.922579       0.010991        0.054065       
6               48.438000       3.256109        50.522265       0.010384        0.064449       
7               48.438000       3.788831        50.218439       0.010998        0.075447       
8               48.438000       4.291859        50.003020       0.010385        0.085832       
9               48.438000       4.825888        49.824877       0.011025        0.096857       
10              126.948000      6.156684        57.356848       0.010483        0.107340       
11              185.221000      8.209674        69.324407       0.011084        0.118424       
12              185.221000      10.320267       79.497353       0.011395        0.129819       
13              216.810000      12.574440       89.679070       0.010397        0.140216       
14              216.810000      14.965855       98.950417       0.011030        0.151246       
15              222.037000      17.301240       106.953586      0.010518        0.161764       
16              222.037000      19.772068       114.360801      0.011128        0.172892       
17              223.636000      22.123377       120.625152      0.010514        0.183406       
18              223.636000      24.601263       126.493750      0.011080        0.194486       
19              226.636000      26.958731       131.577892      0.010402        0.204888       
20              226.636000      29.450141       136.418400      0.010993        0.215881       
21              226.162000      31.801321       140.541552      0.010396        0.226277       
22              226.162000      34.289329       144.511202      0.011001        0.237278       
23              225.687000      36.634217       147.916634      0.010390        0.247668       
24              226.636000      39.125853       151.262470      0.010994        0.258662       
25              226.636000      41.717436       154.453532      0.011435        0.270097       
26              226.636000      44.078076       157.133810      0.010416        0.280513       
27              226.636000      46.612547       159.798375      0.011183        0.291696       
28              225.212000      48.975021       162.069125      0.010490        0.302186       
29              225.212000      51.450326       164.285135      0.010991        0.313177       
30              243.568000      54.567509       167.397834      0.012798        0.325975       
31              243.568000      57.259179       169.895435      0.011051        0.337026       
32              254.008000      59.906704       172.418698      0.010423        0.347449       
33              251.940000      62.698200       174.876229      0.011080        0.358529       
34              251.940000      65.697797       177.353104      0.011906        0.370435       
35              252.414000      68.348901       179.422639      0.010503        0.380938       
36              252.414000      71.154483       181.492000      0.011115        0.392053       
37              252.414000      73.809878       183.345327      0.010520        0.402573       
38              252.414000      76.623285       185.206105      0.011146        0.413719       
39              253.363000      79.286383       186.894805      0.010511        0.424230       
40              253.363000      82.109354       188.595853      0.011142        0.435372       
41              253.837000      84.749005       190.117807      0.010399        0.445771       
42              253.837000      87.540704       191.652026      0.010998        0.456769       
43              253.837000      90.189239       193.040797      0.010434        0.467203       
44              256.208000      93.010346       194.495238      0.011011        0.478214       
45              256.208000      96.207309       196.064556      0.012478        0.490692       
46              255.734000      98.863618       197.301460      0.010387        0.501079       
47              255.734000      101.674902      198.555871      0.010993        0.512072       
48              254.311000      104.325077      199.667894      0.010421        0.522493       
49              254.311000      107.190145      200.821241      0.011266        0.533759       
50              256.682000      109.897113      201.903552      0.010546        0.544305       
51              256.682000      112.752957      203.000835      0.011126        0.555431       
52              258.279000      115.467469      204.027397      0.010510        0.565941       
53              258.279000      118.333850      205.070800      0.011098        0.577039       
54              258.105000      121.036209      206.015923      0.010470        0.587509       
55              257.631000      123.884320      206.969212      0.011055        0.598564       
56              259.703000      129.018648      208.655270      0.019770        0.618334       
57              259.703000      133.765240      210.120842      0.018277        0.636611       
58              260.178000      136.482539      210.928806      0.010444        0.647055       
59              260.178000      139.351261      211.753965      0.011026        0.658081       
60              259.703000      142.051653      212.499799      0.010398        0.668479       
61              259.703000      144.907867      213.263829      0.010998        0.679477       
62              258.279000      147.590352      213.941540      0.010386        0.689863       
63              260.652000      150.456482      214.674395      0.010996        0.700859       
64              260.652000      153.392727      215.401709      0.011265        0.712124       
65              259.228000      156.093364      216.033620      0.010418        0.722542       
66              259.228000      158.972091      216.687441      0.011105        0.733647       
67              259.528000      161.703623      217.293345      0.010525        0.744172       
68              259.528000      164.557652      217.908379      0.010997        0.755169       
69              258.279000      167.241429      218.456332      0.010391        0.765560       
70              258.279000      170.084306      219.020775      0.011007        0.776567       
71              258.405000      172.769910      219.540904      0.010393        0.786960       
72              258.405000      175.610814      220.076363      0.010994        0.797954       
73              259.353000      178.309641      220.581970      0.010406        0.808360       
74              259.353000      181.164081      221.102756      0.011006        0.819366       
75              259.054000      183.857724      221.578333      0.010398        0.829764       
76              258.279000      186.741151      222.065564      0.011164        0.840928       
77              258.279000      189.784194      222.565930      0.011782        0.852710       
78              258.105000      192.498942      222.998956      0.010518        0.863228       
79              258.105000      195.377329      223.446704      0.011152        0.874380       
80              258.879000      198.097630      223.867461      0.010508        0.884888       
81              258.879000      200.974552      224.301705      0.011113        0.896001       
82              258.105000      203.678460      224.692364      0.010476        0.906477       
83              258.105000      206.516067      225.092746      0.010994        0.917471       
84              258.405000      209.200378      225.465699      0.010388        0.927859       
85              258.405000      212.042574      225.851592      0.010999        0.938858       
86              258.579000      214.753775      226.213050      0.010485        0.949343       
87              260.178000      217.622498      226.603001      0.011026        0.960369       
88              260.178000      220.875763      227.034529      0.012504        0.972873       
89              259.228000      223.597657      227.378276      0.010500        0.983373       
90              259.228000      226.474829      227.733741      0.011099        0.994472       
91              259.528000      229.173142      228.062704      0.010397        1.004869       
92              259.528000      232.034957      228.404243      0.011027        1.015896       
93              258.105000      234.742478      228.707795      0.010490        1.026386       
94              258.105000      237.596862      229.021164      0.011059        1.037445       
95              258.579000      240.299529      229.315982      0.010452        1.047897       
96              258.579000      243.143381      229.619916      0.010998        1.058895       
97              258.105000      245.833351      229.897543      0.010422        1.069317       
98              258.105000      248.700898      230.187600      0.011110        1.080427       
99              258.105000      251.412033      230.456402      0.010504        1.090931       
100             258.105000      254.275708      230.734763      0.011095        1.102026       
101             258.105000      257.132672      231.006942      0.011069        1.113095       
102             258.405000      259.817500      231.260320      0.010390        1.123485       
103             258.405000      262.664348      231.523918      0.011017        1.134502       
104             258.105000      265.371611      231.767421      0.010489        1.144991       
105             258.105000      268.219542      232.018807      0.011034        1.156025       
106             259.054000      270.932873      232.261557      0.010474        1.166499       
107             259.054000      273.782467      232.511847      0.011000        1.177499       
108             260.951000      276.496880      232.760878      0.010402        1.187901       
109             260.951000      279.371777      233.019920      0.011017        1.198918       
110             260.774000      282.104167      233.260377      0.010478        1.209396       
111             260.774000      284.979722      233.508973      0.011027        1.220423       
112             259.703000      287.708681      233.732582      0.010508        1.230931       
113             257.330000      290.692680      233.952807      0.011596        1.242527       
114             257.330000      293.617492      234.164711      0.011366        1.253893       
115             257.330000      296.323060      234.357339      0.010514        1.264407       
116             257.330000      299.185599      234.557685      0.011124        1.275531       
117             257.157000      301.885490      234.742184      0.010499        1.286030       
118             257.157000      304.731704      234.933447      0.011068        1.297098       
119             258.579000      307.417305      235.121275      0.010386        1.307484       
120             258.579000      310.273828      235.317810      0.011047        1.318531       
121             256.983000      312.976261      235.489235      0.010516        1.329047       
122             256.983000      315.829800      235.667324      0.011104        1.340151       
123             259.827000      318.551228      235.854681      0.010474        1.350625       
124             259.528000      321.439256      236.048135      0.011128        1.361753       
125             259.528000      324.587071      236.255421      0.012129        1.373882       
126             259.054000      327.288227      236.427147      0.010427        1.384309       
127             259.054000      330.141448      236.605752      0.011014        1.395323       
128             258.579000      332.828083      236.768162      0.010390        1.405713       
129             258.579000      335.682796      236.938122      0.011040        1.416753       
130             260.002000      338.384216      237.106034      0.010390        1.427143       
131             260.002000      341.249698      237.281491      0.011021        1.438164       
132             259.528000      343.977078      237.442872      0.010509        1.448673       
133             259.528000      346.867701      237.611376      0.011138        1.459811       
134             261.127000      349.579766      237.777499      0.010386        1.470197       
135             261.127000      352.457386      237.951216      0.011020        1.481217       
136             260.652000      355.198141      238.111230      0.010515        1.491732       
137             258.579000      358.068627      238.262420      0.011101        1.502833       
138             258.579000      360.976089      238.413297      0.011244        1.514077       
139             260.301000      363.680356      238.562458      0.010389        1.524466       
140             260.301000      366.545229      238.718276      0.011006        1.535472       
141             261.127000      369.261472      238.869062      0.010402        1.545874       
142             261.127000      372.188445      239.029290      0.011209        1.557083       
143             261.127000      374.930800      239.177334      0.010502        1.567585       
144             261.127000      377.818343      239.331085      0.011058        1.578643       
145             260.178000      380.553854      239.469010      0.010514        1.589157       
146             260.178000      383.447034      239.612913      0.011120        1.600277       
147             260.002000      386.179655      239.745947      0.010510        1.610787       
148             257.457000      389.045408      239.867495      0.011131        1.621918       
149             257.457000      392.241737      240.001112      0.012415        1.634333       
150             258.105000      394.957518      240.116921      0.010522        1.644855       
151             258.105000      397.831259      240.237863      0.011134        1.655989       
152             257.631000      400.536385      240.347452      0.010500        1.666489       
153             257.631000      403.384495      240.461350      0.011055        1.677544       
154             258.279000      406.073696      240.571257      0.010412        1.687956       
155             258.279000      408.938010      240.686839      0.011090        1.699046       
156             259.528000      411.642811      240.801706      0.010422        1.709468       
157             259.528000      414.494505      240.921305      0.010988        1.720456       
158             260.476000      417.204758      241.038857      0.010405        1.730861       
159             260.476000      420.089790      241.162447      0.011076        1.741937       
160             260.476000      422.808638      241.277488      0.010438        1.752375       
161             258.279000      425.690515      241.385058      0.011158        1.763533       
162             258.279000      428.587373      241.491824      0.011216        1.774749       
163             258.579000      431.285644      241.591704      0.010435        1.785184       
164             258.579000      434.139322      241.696074      0.011036        1.796220       
165             260.476000      436.844886      241.804048      0.010387        1.806607       
166             260.476000      439.712467      241.917141      0.011009        1.817616       
167             189.027000      441.676268      241.616554      0.010389        1.828005       
168             189.027000      443.763504      241.300796      0.011042        1.839047       
169             80.915000       444.609956      240.393638      0.010461        1.849508       
170             80.915000       445.499778      239.450998      0.010997        1.860505       
171             60.398000       446.129669      238.452917      0.010429        1.870934       
172             60.398000       446.799664      237.403430      0.011093        1.882027       
173             56.609000       447.392587      236.402827      0.010474        1.892501       
174             55.651000       448.004303      235.359049      0.010992        1.903493       
175             55.651000       448.641284      234.284896      0.011446        1.914939       
176             55.172000       449.220700      233.307954      0.010502        1.925441       
