#timestep       power           acc-energy      avg-power       dt              acc-time       
1               59.628000       0.602124        59.628000       0.010098        0.010098       
2               59.628000       1.269003        59.628000       0.011184        0.021282       
3               59.628000       1.917636        59.628000       0.010878        0.032160       
4               69.872000       2.674420        62.208837       0.010831        0.042991       
5               69.872000       3.434418        63.756179       0.010877        0.053868       
6               69.872000       4.191760        64.780634       0.010839        0.064707       
7               69.872000       4.953924        65.515099       0.010908        0.075615       
8               69.872000       5.770588        66.098395       0.011688        0.087303       
9               69.872000       6.530306        66.516322       0.010873        0.098176       
10              69.872000       7.406921        66.896557       0.012546        0.110722       
11              69.872000       8.189627        67.169931       0.011202        0.121924       
12              130.288000      9.658624        72.512736       0.011275        0.133199       
13              130.288000      11.116937       76.991367       0.011193        0.144392       
14              130.288000      12.579941       80.837043       0.011229        0.155621       
15              130.288000      14.170367       84.433867       0.012207        0.167828       
16              130.288000      15.625684       87.295299       0.011170        0.178998       
17              130.288000      17.251157       90.096604       0.012476        0.191474       
18              130.288000      18.723151       92.335978       0.011298        0.202772       
19              130.288000      20.187979       94.329738       0.011243        0.214015       
20              130.288000      21.643296       96.113399       0.011170        0.225185       
21              235.076000      24.286961       102.723249      0.011246        0.236431       
22              235.076000      27.027947       108.943681      0.011660        0.248091       
23              235.076000      29.663619       114.397515      0.011212        0.259303       
24              235.076000      32.383448       119.552145      0.011570        0.270873       
25              235.076000      35.011363       124.130879      0.011179        0.282052       
26              235.076000      37.728606       128.498613      0.011559        0.293611       
27              235.076000      40.377678       132.437935      0.011269        0.304880       
28              235.076000      43.092570       136.184011      0.011549        0.316429       
29              235.076000      46.448750       140.453304      0.014277        0.330706       
30              235.573000      49.140879       143.630504      0.011428        0.342134       
31              235.573000      51.850439       146.620930      0.011502        0.353636       
32              235.573000      54.486501       149.349282      0.011190        0.364826       
33              235.573000      57.211845       151.999483      0.011569        0.376395       
34              235.573000      61.003393       155.426616      0.016095        0.392490       
35              235.573000      63.656416       157.662168      0.011262        0.403752       
36              235.573000      66.293656       159.764152      0.011195        0.414947       
37              235.573000      68.939611       161.762103      0.011232        0.426179       
38              235.535000      71.588203       163.658607      0.011245        0.437424       
39              235.535000      74.951171       165.930572      0.014278        0.451702       
40              235.535000      77.636506       167.644144      0.011401        0.463103       
41              235.535000      80.350811       169.292542      0.011524        0.474627       
42              235.535000      83.012828       170.833245      0.011302        0.485929       
43              235.535000      85.740559       172.339367      0.011581        0.497510       
44              235.535000      89.267695       174.185967      0.014975        0.512485       
45              235.535000      91.963864       175.526336      0.011447        0.523932       
46              235.535000      94.685000       176.821013      0.011553        0.535485       
47              235.559000      97.320434       178.023122      0.011188        0.546673       
48              235.559000      100.043025      179.214385      0.011558        0.558231       
49              235.559000      103.535894      180.672311      0.014828        0.573059       
50              235.559000      106.229982      181.746295      0.011437        0.584496       
51              235.559000      115.420317      185.113521      0.039015        0.623511       
52              236.085000      120.591050      186.843231      0.021902        0.645413       
53              236.085000      128.362733      189.232901      0.032919        0.678332       
54              236.085000      131.006412      189.993782      0.011198        0.689530       
55              236.085000      133.642537      190.728272      0.011166        0.700696       
56              236.085000      137.391095      191.733296      0.015878        0.716574       
57              236.085000      140.058856      192.421842      0.011300        0.727874       
58              234.694000      142.749622      193.077360      0.011465        0.739339       
59              234.694000      146.948063      194.060525      0.017889        0.757228       
60              234.694000      149.612779      194.660790      0.011354        0.768582       
61              234.694000      152.318331      195.252376      0.011528        0.780110       
62              234.694000      162.953725      197.417727      0.045316        0.825426       
63              234.280000      168.195974      198.390631      0.022376        0.847802       
64              234.280000      177.084323      199.927883      0.037939        0.885741       
65              234.280000      180.201184      200.436223      0.013304        0.899045       
66              234.280000      182.816217      200.851254      0.011162        0.910207       
67              234.280000      185.451399      201.259311      0.011248        0.921455       
68              234.280000      188.069244      201.654938      0.011174        0.932629       
69              228.510000      190.645237      201.975668      0.011273        0.943902       
70              228.510000      193.210947      202.287591      0.011228        0.955130       
71              228.510000      195.782142      202.592910      0.011252        0.966382       
72              228.510000      198.660911      202.926424      0.012598        0.978980       
73              228.510000      201.231648      203.217079      0.011250        0.990230       
74              228.510000      203.807413      203.501753      0.011272        1.001502       
75              228.510000      206.711546      203.815130      0.012709        1.014211       
76              228.510000      209.286168      204.086454      0.011267        1.025478       
77              228.510000      211.846166      204.350389      0.011203        1.036681       
78              230.880000      214.450031      204.635898      0.011278        1.047959       
79              230.880000      217.103535      204.920595      0.011493        1.059452       
80              230.880000      219.688929      205.192106      0.011198        1.070650       
81              230.880000      222.278941      205.458467      0.011218        1.081868       
82              230.880000      225.112531      205.743621      0.012273        1.094141       
83              230.880000      227.708315      205.999286      0.011243        1.105384       
84              230.880000      230.294171      206.248854      0.011200        1.116584       
85              230.880000      232.892263      206.494612      0.011253        1.127837       
86              230.880000      235.615724      206.747017      0.011796        1.139633       
87              233.522000      238.229068      207.007386      0.011191        1.150824       
88              233.522000      240.854323      207.263893      0.011242        1.162066       
89              233.522000      243.746960      207.540838      0.012387        1.174453       
90              233.522000      246.377118      207.787631      0.011263        1.185716       
91              233.522000      249.193393      208.046741      0.012060        1.197776       
92              233.522000      251.826588      208.284331      0.011276        1.209052       
93              233.522000      254.451842      208.516834      0.011242        1.220294       
94              233.522000      257.051876      208.742919      0.011134        1.231428       
95              233.522000      259.661718      208.965783      0.011176        1.242604       
96              234.229000      262.547419      209.213800      0.012320        1.254924       
97              234.229000      265.180387      209.435885      0.011241        1.266165       
98              234.229000      267.801644      209.653099      0.011191        1.277356       
99              234.229000      270.432504      209.867315      0.011232        1.288588       
100             234.229000      273.306494      210.097100      0.012270        1.300858       
101             234.229000      275.932201      210.303278      0.011210        1.312068       
102             234.229000      278.568448      210.506768      0.011255        1.323323       
103             234.229000      281.290892      210.713311      0.011623        1.334946       
104             234.239000      283.926081      210.909913      0.011250        1.346196       
105             234.239000      286.544404      211.102028      0.011178        1.357374       
106             234.239000      289.178656      211.292145      0.011246        1.368620       
107             234.239000      291.918315      211.486584      0.011696        1.380316       
108             234.239000      294.574820      211.672000      0.011341        1.391657       
109             234.239000      297.213991      211.853237      0.011267        1.402924       
110             234.239000      300.195150      212.054490      0.012727        1.415651       
111             234.239000      302.828465      212.229274      0.011242        1.426893       
112             234.239000      305.439059      212.399852      0.011145        1.438038       
113             234.301000      308.132818      212.573562      0.011497        1.449535       
114             234.301000      310.774796      212.741276      0.011276        1.460811       
115             234.301000      313.397092      212.905200      0.011192        1.472003       
116             234.301000      316.031807      213.067408      0.011245        1.483248       
117             234.301000      319.239154      213.261583      0.013689        1.496937       
118             234.301000      321.880663      213.418854      0.011274        1.508211       
119             234.301000      324.943446      213.598289      0.013072        1.521283       
120             234.301000      327.567383      213.749579      0.011199        1.532482       
121             234.301000      330.199754      213.899150      0.011235        1.543717       
122             234.307000      333.039789      214.058141      0.012121        1.555838       
123             234.307000      335.673634      214.203390      0.011241        1.567079       
124             234.307000      338.294827      214.345888      0.011187        1.578266       
125             234.307000      340.938513      214.487577      0.011283        1.589549       
126             234.307000      343.860087      214.641837      0.012469        1.602018       
127             234.307000      346.505413      214.779455      0.011290        1.613308       
128             234.307000      349.143475      214.914790      0.011259        1.624567       
129             234.307000      351.866591      215.052534      0.011622        1.636189       
130             234.266000      354.490839      215.183183      0.011202        1.647391       
131             234.266000      357.095408      215.311107      0.011118        1.658509       
132             234.266000      359.721764      215.438376      0.011211        1.669720       
133             234.266000      362.532956      215.572721      0.012000        1.681720       
134             234.266000      365.187425      215.697829      0.011331        1.693051       
135             234.266000      367.820809      215.820299      0.011241        1.704292       
136             234.266000      370.654256      215.950282      0.012095        1.716387       
137             234.266000      373.290920      216.069602      0.011255        1.727642       
138             234.266000      375.914465      216.186796      0.011199        1.738841       
139             234.603000      378.555860      216.305274      0.011259        1.750100       
140             234.603000      381.325583      216.427881      0.011806        1.761906       
141             234.603000      383.951025      216.542595      0.011191        1.773097       
142             234.603000      386.590074      216.656452      0.011249        1.784346       
143             234.603000      389.785836      216.792421      0.013622        1.797968       
144             234.603000      392.424416      216.903141      0.011247        1.809215       
145             234.603000      395.498419      217.030408      0.013103        1.822318       
146             234.603000      398.124800      217.137702      0.011195        1.833513       
147             234.603000      400.764787      217.244240      0.011253        1.844766       
148             234.652000      403.573337      217.356455      0.011969        1.856735       
149             234.652000      406.200970      217.460139      0.011198        1.867933       
150             234.652000      408.818044      217.562179      0.011153        1.879086       
151             234.652000      411.460226      217.663976      0.011260        1.890346       
152             234.652000      414.395722      217.775660      0.012510        1.902856       
153             234.652000      417.671933      217.898587      0.013962        1.916818       
154             234.652000      420.311064      217.996315      0.011247        1.928065       
155             234.652000      422.935178      218.092362      0.011183        1.939248       
156             234.706000      425.561773      218.187686      0.011191        1.950439       
157             234.706000      428.491842      218.292741      0.012484        1.962923       
158             234.706000      431.144489      218.386703      0.011302        1.974225       
159             234.706000      433.787514      218.479261      0.011261        1.985486       
160             234.706000      436.786352      218.583015      0.012777        1.998263       
161             234.706000      439.429611      218.673374      0.011262        2.009525       
162             234.706000      442.056441      218.762172      0.011192        2.020717       
163             234.706000      444.694067      218.850352      0.011238        2.031955       
164             234.706000      447.349765      218.938156      0.011315        2.043270       
165             234.700000      449.999528      219.024768      0.011290        2.054560       
166             234.700000      452.648587      219.110412      0.011287        2.065847       
167             234.700000      455.286146      219.194759      0.011238        2.077085       
168             234.700000      457.906571      219.277659      0.011165        2.088250       
169             234.700000      460.569243      219.360992      0.011345        2.099595       
170             234.700000      463.212199      219.442823      0.011261        2.110856       
171             234.700000      466.320801      219.537960      0.013245        2.124101       
172             234.700000      469.400300      219.631044      0.013121        2.137222       
173             234.526000      475.186525      219.801029      0.024672        2.161894       
174             234.526000      477.801725      219.876590      0.011151        2.173045       
175             234.526000      480.419738      219.951460      0.011163        2.184208       
176             234.526000      483.058625      220.026156      0.011252        2.195460       
177             234.526000      485.682971      220.099685      0.011190        2.206650       
178             234.526000      488.280112      220.171722      0.011074        2.217724       
179             234.526000      490.895780      220.243549      0.011153        2.228877       
180             234.526000      493.516608      220.314800      0.011175        2.240052       
181             234.687000      496.153317      220.386524      0.011235        2.251287       
182             234.687000      499.165524      220.467592      0.012835        2.264122       
183             234.687000      502.254709      220.549782      0.013163        2.277285       
184             234.687000      504.894703      220.619271      0.011249        2.288534       
185             234.687000      507.557227      220.688666      0.011345        2.299879       
186             234.687000      510.196752      220.756788      0.011247        2.311126       
187             234.687000      513.377934      220.838014      0.013555        2.324681       
188             234.687000      516.459844      220.915806      0.013132        2.337813       
189             234.536000      519.096498      220.980989      0.011242        2.349055       
190             234.536000      521.721190      221.045260      0.011191        2.360246       
191             234.536000      524.361362      221.109297      0.011257        2.371503       
192             234.536000      527.379840      221.181770      0.012870        2.384373       
193             234.536000      530.033380      221.244837      0.011314        2.395687       
194             234.536000      532.674725      221.307026      0.011262        2.406949       
195             234.536000      535.428412      221.371243      0.011741        2.418690       
196             234.536000      538.046772      221.431729      0.011164        2.429854       
197             234.536000      540.656689      221.491469      0.011128        2.440982       
198             234.735000      543.301448      221.552317      0.011267        2.452249       
199             234.735000      546.233053      221.619115      0.012489        2.464738       
200             234.735000      549.450801      221.691657      0.013708        2.478446       
201             234.735000      552.097438      221.750725      0.011275        2.489721       
202             234.735000      554.756985      221.809545      0.011330        2.501051       
203             234.735000      557.394937      221.867364      0.011238        2.512289       
204             234.735000      560.360814      221.931755      0.012635        2.524924       
205             234.735000      563.642175      222.002248      0.013979        2.538903       
206             234.755000      566.297019      222.058801      0.011309        2.550212       
207             234.755000      568.923223      222.114252      0.011187        2.561399       
208             234.755000      571.563747      222.169519      0.011248        2.572647       
209             234.755000      574.485743      222.230117      0.012447        2.585094       
210             234.755000      577.139179      222.284642      0.011303        2.596397       
211             234.755000      579.784398      222.338528      0.011268        2.607665       
212             234.755000      582.514599      222.393659      0.011630        2.619295       
213             234.755000      585.154653      222.446506      0.011246        2.630541       
214             234.755000      587.792830      222.498865      0.011238        2.641779       
215             234.844000      590.425196      222.551024      0.011209        2.652988       
216             234.844000      593.343838      222.608342      0.012428        2.665416       
217             234.844000      596.551337      222.670720      0.013658        2.679074       
218             234.844000      599.191923      222.721598      0.011244        2.690318       
219             234.844000      601.852236      222.772427      0.011328        2.701646       
220             234.844000      604.494700      222.822495      0.011252        2.712898       
221             234.844000      607.490370      222.878755      0.012756        2.725654       
222             234.844000      610.116866      222.927651      0.011184        2.736838       
223             234.844000      612.756982      222.976399      0.011242        2.748080       
224             234.886000      615.384417      223.024680      0.011186        2.759266       
225             234.886000      618.026180      223.072831      0.011247        2.770513       
226             234.886000      620.650326      223.120276      0.011172        2.781685       
227             234.886000      623.296317      223.167732      0.011265        2.792950       
228             234.886000      626.422415      223.223307      0.013309        2.806259       
229             234.886000      629.542875      223.278259      0.013285        2.819544       
230             234.886000      632.183229      223.324353      0.011241        2.830785       
231             234.886000      634.809019      223.369831      0.011179        2.841964       
232             234.626000      637.450673      223.414249      0.011259        2.853223       
233             234.626000      640.376929      223.463044      0.012472        2.865695       
234             234.626000      642.914174      223.505011      0.010814        2.876509       
235             234.626000      645.454705      223.546716      0.010828        2.887337       
236             234.626000      648.431874      223.595193      0.012689        2.900026       
237             234.626000      650.985074      223.636430      0.010882        2.910908       
238             234.626000      653.523024      223.677117      0.010817        2.921725       
239             234.626000      656.074347      223.717715      0.010874        2.932599       
240             234.626000      658.614877      223.757843      0.010828        2.943427       
241             89.695000       659.591656      223.263670      0.010890        2.954317       
