#timestep       power           acc-energy      avg-power       dt              acc-time       
1               61.049000       0.616656        61.049000       0.010101        0.010101       
2               61.049000       1.294849        61.049000       0.011109        0.021210       
3               61.049000       1.957109        61.049000       0.010848        0.032058       
4               61.049000       2.616133        61.049000       0.010795        0.042853       
5               61.049000       3.279247        61.049000       0.010862        0.053715       
6               80.748000       4.152617        64.350737       0.010816        0.064531       
7               80.748000       5.184819        67.061840       0.012783        0.077314       
8               80.748000       6.060208        68.744917       0.010841        0.088155       
9               80.748000       6.932610        70.055372       0.010804        0.098959       
10              80.748000       7.807676        71.110747       0.010837        0.109796       
11              80.748000       8.686779        71.980139       0.010887        0.120683       
12              80.748000       9.570162        72.708890       0.010940        0.131623       
13              80.748000       10.449669       73.323295       0.010892        0.142515       
14              80.748000       11.347426       73.860601       0.011118        0.153633       
15              180.266000      13.565599       81.751008       0.012305        0.165938       
16              180.266000      15.844522       88.725062       0.012642        0.178580       
17              180.266000      18.103615       94.727778       0.012532        0.191112       
18              180.266000      20.115744       99.447997       0.011162        0.202274       
19              180.266000      22.087313       103.593686      0.010937        0.213211       
20              180.266000      24.047526       107.314305      0.010874        0.224085       
21              180.266000      26.484903       111.465630      0.013521        0.237606       
22              180.266000      28.591130       114.690242      0.011684        0.249290       
23              261.687000      31.441687       120.844509      0.010893        0.260183       
24              261.687000      34.381479       126.674006      0.011234        0.271417       
25              261.687000      37.244073       131.904662      0.010939        0.282356       
26              261.687000      40.103788       136.740458      0.010928        0.293284       
27              261.687000      42.952775       141.212590      0.010887        0.304171       
28              261.687000      45.844939       145.436530      0.011052        0.315223       
29              261.687000      48.695496       149.319555      0.010893        0.326116       
30              261.687000      51.779477       153.238603      0.011785        0.337901       
31              261.687000      54.895646       156.930342      0.011908        0.349809       
32              264.702000      57.872485       160.287172      0.011246        0.361055       
33              264.702000      67.290317       169.653426      0.035579        0.396634       
34              264.702000      70.261332       172.269104      0.011224        0.407858       
35              264.702000      73.689488       175.113859      0.012951        0.420809       
36              264.702000      79.169614       179.314749      0.020703        0.441512       
37              264.702000      82.061483       181.376596      0.010925        0.452437       
38              259.529000      84.887494       183.213319      0.010889        0.463326       
39              259.529000      87.710651       184.963962      0.010878        0.474204       
40              259.529000      90.533028       186.635638      0.010875        0.485079       
41              259.529000      93.999817       188.589163      0.013358        0.498437       
42              259.529000      96.821935       190.103758      0.010874        0.509311       
43              259.529000      99.669228       191.567703      0.010971        0.520282       
44              259.529000      102.787728      193.101850      0.012016        0.532298       
45              259.529000      105.630869      194.441390      0.010955        0.543253       
46              259.529000      108.468299      195.725441      0.010933        0.554186       
47              256.200000      111.440988      196.965632      0.011603        0.565789       
48              256.200000      114.626835      198.239497      0.012435        0.578224       
49              256.200000      117.411985      199.309084      0.010871        0.589095       
50              256.200000      120.212763      200.345590      0.010932        0.600027       
51              256.200000      123.617917      201.555991      0.013291        0.613318       
52              256.200000      126.406398      202.508801      0.010884        0.624202       
53              256.200000      129.232284      203.441080      0.011030        0.635232       
54              256.200000      132.035368      204.334394      0.010941        0.646173       
55              256.200000      135.240174      205.319372      0.012509        0.658682       
56              260.990000      138.078180      206.223497      0.010874        0.669556       
57              260.990000      140.916446      207.098803      0.010875        0.680431       
58              260.990000      144.225016      208.084477      0.012677        0.693108       
59              260.990000      147.065109      208.902270      0.010882        0.703990       
60              260.990000      149.940958      209.704994      0.011019        0.715009       
61              260.990000      152.780529      210.473680      0.010880        0.725889       
62              260.990000      156.232905      211.377772      0.013228        0.739117       
63              260.990000      159.097270      212.103676      0.010975        0.750092       
64              260.990000      161.953023      212.806554      0.010942        0.761034       
65              262.439000      165.641078      213.706433      0.014053        0.775087       
66              262.439000      168.499039      214.381641      0.010890        0.785977       
67              262.439000      171.363298      215.039821      0.010914        0.796891       
68              262.439000      174.216797      215.677843      0.010873        0.807764       
69              262.439000      177.103364      216.306017      0.010999        0.818763       
70              262.439000      179.957650      216.910789      0.010876        0.829639       
71              262.439000      182.825059      217.502583      0.010926        0.840565       
72              262.439000      185.676459      218.076012      0.010865        0.851430       
73              262.439000      188.541505      218.637631      0.010917        0.862347       
74              254.741000      192.389368      219.259137      0.015105        0.877452       
75              254.741000      195.156874      219.693076      0.010864        0.888316       
76              254.741000      197.937627      220.118531      0.010916        0.899232       
77              254.741000      200.709209      220.532428      0.010880        0.910112       
78              254.741000      203.492000      220.938161      0.010924        0.921036       
79              254.741000      206.264601      221.332948      0.010884        0.931920       
80              254.741000      209.052486      221.720721      0.010944        0.942864       
81              254.741000      212.017926      222.123432      0.011641        0.954505       
82              260.127000      214.891029      222.558157      0.011045        0.965550       
83              260.127000      218.382193      223.073200      0.013421        0.978971       
84              260.127000      221.212635      223.480516      0.010881        0.989852       
85              260.127000      224.056604      223.880857      0.010933        1.000785       
86              260.127000      226.897971      224.272192      0.010923        1.011708       
87              260.127000      229.747922      224.656312      0.010956        1.022664       
88              260.127000      233.021881      225.087545      0.012586        1.035250       
89              260.127000      235.854144      225.452229      0.010888        1.046138       
90              260.127000      239.261027      225.880968      0.013097        1.059235       
91              263.035000      242.125741      226.259096      0.010891        1.070126       
92              263.035000      244.991244      226.629706      0.010894        1.081020       
93              263.035000      247.854380      226.992623      0.010885        1.091905       
94              263.035000      250.728301      227.349703      0.010926        1.102831       
95              263.035000      254.074106      227.756603      0.012720        1.115551       
96              263.035000      256.936979      228.097475      0.010884        1.126435       
97              263.035000      260.324081      228.492354      0.012877        1.139312       
98              263.035000      263.181956      228.818657      0.010865        1.150177       
99              263.035000      266.056402      229.140691      0.010928        1.161105       
100             263.026000      268.939430      229.457582      0.010961        1.172066       
101             263.026000      271.805625      229.766801      0.010897        1.182963       
102             263.026000      274.666822      230.069851      0.010878        1.193841       
103             263.026000      277.542485      230.368920      0.010933        1.204774       
104             263.026000      280.543085      230.675249      0.011408        1.216182       
105             263.026000      283.406913      230.962302      0.010888        1.227070       
106             263.026000      286.611884      231.277569      0.012185        1.239255       
107             263.026000      289.471503      231.553677      0.010872        1.250127       
108             263.026000      292.351375      231.826928      0.010949        1.261076       
109             263.039000      295.214291      232.094005      0.010884        1.271960       
110             263.039000      298.081416      232.356934      0.010900        1.282860       
111             263.039000      300.943807      232.615009      0.010882        1.293742       
112             263.039000      303.818034      232.869819      0.010927        1.304669       
113             263.039000      306.975291      233.144846      0.012003        1.316672       
114             263.039000      309.840575      233.390135      0.010893        1.327565       
115             263.039000      313.060698      233.661041      0.012242        1.339807       
116             263.039000      315.921773      233.897620      0.010877        1.350684       
117             263.039000      318.799946      234.131800      0.010942        1.361626       
118             263.061000      321.685988      234.363027      0.010971        1.372597       
119             263.061000      324.553879      234.589168      0.010902        1.383499       
120             263.061000      327.417035      234.811408      0.010884        1.394383       
121             263.061000      330.292029      235.031103      0.010929        1.405312       
122             263.061000      333.428242      235.266895      0.011922        1.417234       
123             263.061000      336.291661      235.478739      0.010885        1.428119       
124             263.061000      339.401831      235.705210      0.011823        1.439942       
125             263.061000      342.263409      235.910319      0.010878        1.450820       
126             263.061000      345.143927      236.113702      0.010950        1.461770       
127             263.495000      348.008645      236.315849      0.010872        1.472642       
128             263.495000      350.874943      236.515142      0.010878        1.483520       
129             263.495000      353.726750      236.710547      0.010823        1.494343       
130             263.495000      356.606486      236.905015      0.010929        1.505272       
131             263.495000      360.146542      237.140240      0.013435        1.518707       
132             263.495000      363.016266      237.327890      0.010891        1.529598       
133             263.495000      365.893368      237.513359      0.010919        1.540517       
134             263.495000      368.737796      237.694156      0.010795        1.551312       
135             263.495000      371.621222      237.874881      0.010943        1.562255       
136             97.948000       372.683370      236.910309      0.010844        1.573099       
137             97.948000       373.750709      235.954327      0.010897        1.583996       
