#timestep       power           acc-energy      avg-power       dt              acc-time       
1               83.399000       0.841579        83.399000       0.010091        0.010091       
2               83.399000       1.757384        83.399000       0.010981        0.021072       
3               83.399000       2.664848        83.399000       0.010881        0.031953       
4               83.399000       3.567726        83.399000       0.010826        0.042779       
5               83.399000       4.477109        83.399000       0.010904        0.053683       
6               83.399000       5.381571        83.399000       0.010845        0.064528       
7               83.399000       6.289452        83.399000       0.010886        0.075414       
8               83.399000       7.240785        83.399000       0.011407        0.086821       
9               83.399000       8.145330        83.399000       0.010846        0.097667       
10              85.945000       9.151832        83.671598       0.011711        0.109378       
11              85.945000       10.088375       83.877570       0.010897        0.120275       
12              85.945000       11.029386       84.050071       0.010949        0.131224       
13              85.945000       11.964898       84.195215       0.010885        0.142109       
14              85.945000       12.905824       84.320375       0.010948        0.153057       
15              85.945000       13.847523       84.428909       0.010957        0.164014       
16              85.945000       14.789996       84.523922       0.010966        0.174980       
17              85.945000       15.853737       84.617800       0.012377        0.187357       
18              85.945000       16.789420       84.690686       0.010887        0.198244       
19              231.906000      19.323689       92.381816       0.010928        0.209172       
20              231.906000      21.846363       99.279085       0.010878        0.220050       
21              231.906000      24.381559       105.556100      0.010932        0.230982       
22              231.906000      26.905160       111.240863      0.010882        0.241864       
23              231.906000      29.454271       116.486343      0.010992        0.252856       
24              231.906000      31.991786       121.273802      0.010942        0.263798       
25              231.906000      34.532317       125.684948      0.010955        0.274753       
26              231.906000      37.055686       129.731355      0.010881        0.285634       
27              231.906000      39.590650       133.497379      0.010931        0.296565       
28              232.535000      42.665228       137.724398      0.013222        0.309787       
29              232.535000      45.193349       140.938968      0.010872        0.320659       
30              232.535000      47.733793       143.956866      0.010925        0.331584       
31              232.535000      50.263077       146.770221      0.010877        0.342461       
32              232.535000      52.805614       149.423773      0.010934        0.353395       
33              232.535000      55.702303       152.253651      0.012457        0.365852       
34              232.535000      62.456049       158.158222      0.029044        0.394896       
35              232.693000      65.020559       160.181906      0.011021        0.405917       
36              232.693000      68.250338       162.579384      0.013880        0.419797       
37              232.693000      73.192039       165.955548      0.021237        0.441034       
38              232.693000      75.727229       167.564439      0.010895        0.451929       
39              232.693000      78.254275       169.092773      0.010860        0.462789       
40              232.693000      80.796213       170.559418      0.010924        0.473713       
41              232.693000      83.330008       171.955559      0.010889        0.484602       
42              232.693000      85.873342       173.295250      0.010930        0.495532       
43              232.693000      88.413186       174.575397      0.010915        0.506447       
44              224.675000      90.867536       175.633222      0.010924        0.517371       
45              224.675000      93.931878       176.892861      0.013639        0.531010       
46              224.675000      96.375893       177.852052      0.010878        0.541888       
47              224.675000      98.831366       178.777726      0.010929        0.552817       
48              224.675000      101.285940      179.667189      0.010925        0.563742       
49              224.675000      103.743885      180.523985      0.010940        0.574682       
50              224.675000      106.188573      181.344404      0.010881        0.585563       
51              224.675000      108.644721      182.138527      0.010932        0.596495       
52              227.117000      112.173210      183.280275      0.015536        0.612031       
53              227.117000      114.646287      184.046567      0.010889        0.622920       
54              227.117000      117.130493      184.789800      0.010938        0.633858       
55              227.117000      119.664210      185.521881      0.011156        0.645014       
56              227.117000      122.149097      186.215666      0.010941        0.655955       
57              227.117000      124.642842      186.889040      0.010980        0.666935       
58              227.117000      127.128183      187.538441      0.010943        0.677878       
59              227.117000      130.288744      188.334596      0.013916        0.691794       
60              227.117000      132.761139      188.935418      0.010886        0.702680       
61              230.320000      135.281301      189.569969      0.010942        0.713622       
62              230.320000      137.788104      190.182143      0.010884        0.724506       
63              230.320000      140.306883      190.778991      0.010936        0.735442       
64              230.320000      142.836948      191.360908      0.010985        0.746427       
65              230.320000      145.353655      191.923004      0.010927        0.757354       
66              230.320000      148.776210      192.661892      0.014860        0.772214       
67              230.320000      151.282783      193.185241      0.010883        0.783097       
68              230.320000      153.802483      193.696872      0.010940        0.794037       
69              230.320000      156.307904      194.191815      0.010878        0.804915       
70              231.173000      158.846646      194.689582      0.010982        0.815897       
71              231.173000      161.360421      195.169426      0.010874        0.826771       
72              231.173000      163.886449      195.639059      0.010927        0.837698       
73              231.173000      167.294864      196.253661      0.014744        0.852442       
74              231.173000      169.812800      196.694211      0.010892        0.863334       
75              231.173000      172.345300      197.126236      0.010955        0.874289       
76              231.173000      174.860462      197.544720      0.010880        0.885169       
77              231.173000      177.384178      197.954413      0.010917        0.896086       
78              231.173000      179.897491      198.352615      0.010872        0.906958       
79              231.272000      182.429919      198.745320      0.010950        0.917908       
80              231.272000      185.821523      199.256812      0.014665        0.932573       
81              231.272000      188.338919      199.626182      0.010885        0.943458       
82              231.272000      190.866491      199.988569      0.010929        0.954387       
83              231.272000      193.390593      200.342270      0.010914        0.965301       
84              231.272000      195.918165      200.688531      0.010929        0.976230       
85              231.272000      198.433479      201.025502      0.010876        0.987106       
86              231.272000      200.967295      201.357526      0.010956        0.998062       
87              231.394000      203.919651      201.736659      0.012759        1.010821       
88              231.394000      206.437912      202.052563      0.010883        1.021704       
89              231.394000      209.087142      202.377714      0.011449        1.033153       
90              231.394000      211.606560      202.680316      0.010888        1.044041       
91              231.394000      214.139630      202.978261      0.010947        1.054988       
92              231.394000      216.657197      203.268319      0.010880        1.065868       
93              231.394000      219.190498      203.554273      0.010948        1.076816       
94              231.394000      221.732593      203.835434      0.010986        1.087802       
95              231.394000      224.261035      204.109507      0.010927        1.098729       
96              231.452000      227.173627      204.419121      0.012584        1.111313       
97              231.452000      229.692750      204.681309      0.010884        1.122197       
98              231.452000      232.289410      204.946295      0.011219        1.133416       
99              231.452000      234.812237      205.198771      0.010900        1.144316       
100             231.452000      237.342702      205.447226      0.010933        1.155249       
101             231.452000      239.867149      205.690447      0.010907        1.166156       
102             231.452000      242.397845      205.929746      0.010934        1.177090       
103             231.452000      244.916043      206.163491      0.010880        1.187970       
104             231.452000      247.447202      206.394164      0.010936        1.198906       
105             231.395000      250.331772      206.651443      0.012466        1.211372       
106             231.395000      252.849581      206.871720      0.010881        1.222253       
107             231.395000      255.557365      207.104283      0.011702        1.233955       
108             231.395000      258.075868      207.316664      0.010884        1.244839       
109             231.395000      260.607561      207.526447      0.010941        1.255780       
110             231.395000      263.126296      207.731559      0.010885        1.266665       
111             231.395000      265.662385      207.934554      0.010960        1.277625       
112             231.395000      268.202639      208.134421      0.010978        1.288603       
113             231.395000      270.732249      208.330095      0.010932        1.299535       
114             231.392000      273.573280      208.545944      0.012278        1.311813       
115             231.392000      276.097073      208.734330      0.010907        1.322720       
116             231.392000      278.820325      208.934150      0.011769        1.334489       
117             231.392000      281.340184      209.115933      0.010890        1.345379       
118             231.392000      283.870456      209.295529      0.010935        1.356314       
119             231.392000      286.400959      209.472268      0.010936        1.367250       
120             231.392000      288.931924      209.646234      0.010938        1.378188       
121             231.392000      291.475385      209.818299      0.010992        1.389180       
122             231.392000      294.003111      209.986623      0.010924        1.400104       
123             231.453000      296.784482      210.169300      0.012017        1.412121       
124             231.453000      299.302922      210.332046      0.010881        1.423002       
125             231.453000      302.056750      210.507178      0.011898        1.434900       
126             231.453000      304.577042      210.664932      0.010889        1.445789       
127             231.453000      307.107517      210.820951      0.010933        1.456722       
128             231.453000      309.627115      210.973989      0.010886        1.467608       
129             231.453000      312.162451      211.125709      0.010954        1.478562       
130             231.453000      314.704268      211.275577      0.010982        1.489544       
131             231.453000      317.222476      211.421889      0.010880        1.500424       
132             190.687000      319.446077      211.261984      0.011661        1.512085       
133             190.687000      321.512362      211.115588      0.010836        1.522921       
134             190.687000      323.987670      210.942931      0.012981        1.535902       
135             190.687000      326.077790      210.799399      0.010961        1.546863       
136             190.687000      328.161618      210.658309      0.010928        1.557791       
137             190.687000      330.261272      210.518136      0.011011        1.568802       
138             190.687000      332.350630      210.380589      0.010957        1.579759       
139             190.687000      334.420728      210.246180      0.010856        1.590615       
