#timestep       power           acc-energy      avg-power       dt              acc-time       
1               59.822000       0.603843        59.822000       0.010094        0.010094       
2               59.822000       1.269303        59.822000       0.011124        0.021218       
3               59.822000       1.918551        59.822000       0.010853        0.032071       
4               59.822000       2.565347        59.822000       0.010812        0.042883       
5               59.822000       3.214595        59.822000       0.010853        0.053736       
6               62.071000       3.891728        60.201524       0.010909        0.064645       
7               62.071000       4.748183        60.530362       0.013798        0.078443       
8               62.071000       5.500484        60.736545       0.012120        0.090563       
9               62.071000       6.171099        60.878775       0.010804        0.101367       
10              62.071000       6.844135        60.993981       0.010843        0.112210       
11              62.071000       7.514626        61.088557       0.010802        0.123012       
12              62.071000       8.194986        61.168936       0.010961        0.133973       
13              62.071000       8.865353        61.236229       0.010800        0.144773       
14              164.015000      10.657709       68.449840       0.010928        0.155701       
15              164.015000      12.429071       74.648624       0.010800        0.166501       
16              164.015000      14.207157       80.111633       0.010841        0.177342       
17              164.015000      15.985408       84.945627       0.010842        0.188184       
18              164.015000      17.764314       89.254456       0.010846        0.199030       
19              164.015000      19.800725       93.644357       0.012416        0.211446       
20              164.015000      21.572743       97.065209       0.010804        0.222250       
21              164.015000      23.349681       100.177109      0.010834        0.233084       
22              164.015000      25.119895       103.002313      0.010793        0.243877       
23              164.015000      26.913563       105.620840      0.010936        0.254813       
24              239.957000      29.529814       111.132993      0.010903        0.265716       
25              239.957000      32.329393       116.551457      0.011667        0.277383       
26              239.957000      34.929807       121.191474      0.010837        0.288220       
27              239.957000      37.529981       125.494826      0.010836        0.299056       
28              239.957000      40.493690       130.034616      0.012351        0.311407       
29              239.957000      43.085225       133.719085      0.010800        0.322207       
30              239.957000      45.684919       137.175061      0.010834        0.333041       
31              239.957000      48.275255       140.401980      0.010795        0.343836       
32              239.957000      50.873990       143.441969      0.010830        0.354666       
33              240.914000      53.475379       146.321878      0.010798        0.365464       
34              240.914000      56.436453       149.399618      0.012291        0.377755       
35              240.914000      59.046997       151.951530      0.010836        0.388591       
36              240.914000      61.657059       154.364547      0.010834        0.399425       
37              240.914000      64.677398       156.998456      0.012537        0.411962       
38              240.914000      67.279028       159.141994      0.010799        0.422761       
39              240.914000      69.888127       161.184450      0.010830        0.433591       
40              240.914000      72.488553       163.121061      0.010794        0.444385       
41              240.914000      75.099338       164.972997      0.010837        0.455222       
42              241.060000      77.980969       166.919895      0.011954        0.467176       
43              241.060000      86.131931       171.923796      0.033813        0.500989       
44              241.060000      91.279767       174.750293      0.021355        0.522344       
45              241.060000      95.892209       177.093454      0.019134        0.541478       
46              241.060000      98.491077       178.342185      0.010781        0.552259       
47              240.866000      101.091225      179.540906      0.010795        0.563054       
48              240.866000      103.921160      180.794394      0.011749        0.574803       
49              240.866000      106.517455      181.900152      0.010779        0.585582       
50              240.866000      109.613546      183.166698      0.012854        0.598436       
51              240.866000      112.211527      184.188238      0.010786        0.609222       
52              240.866000      114.828777      185.181421      0.010866        0.620088       
53              240.866000      117.428684      186.134149      0.010794        0.630882       
54              240.866000      120.043526      187.060024      0.010856        0.641738       
55              240.866000      122.653791      187.953554      0.010837        0.652575       
56              240.899000      125.263931      188.818274      0.010835        0.663410       
57              240.899000      128.208199      189.760400      0.012222        0.675632       
58              240.899000      130.810390      190.565138      0.010802        0.686434       
59              240.899000      133.779952      191.453089      0.012327        0.698761       
60              240.899000      136.379734      192.205140      0.010792        0.709553       
61              240.899000      138.989634      192.937454      0.010834        0.720387       
62              240.899000      141.589897      193.645482      0.010794        0.731181       
63              240.899000      144.200038      194.335483      0.010835        0.742016       
64              240.899000      146.812588      195.006233      0.010845        0.752861       
65              241.001000      149.424316      195.658906      0.010837        0.763698       
66              241.001000      152.237038      196.341404      0.011671        0.775369       
67              241.001000      154.839849      196.954916      0.010800        0.786169       
68              241.001000      157.951895      197.666691      0.012913        0.799082       
69              241.001000      160.552537      198.244091      0.010791        0.809873       
70              241.001000      163.169567      198.809802      0.010859        0.820732       
71              241.001000      165.772377      199.357785      0.010800        0.831532       
72              241.001000      168.383864      199.893472      0.010836        0.842368       
73              241.001000      170.996074      200.415695      0.010839        0.853207       
74              240.960000      173.608803      200.924487      0.010843        0.864050       
75              240.960000      176.542732      201.480819      0.012176        0.876226       
76              240.960000      179.144136      201.961323      0.010796        0.887022       
77              240.960000      182.125535      202.497829      0.012373        0.899395       
78              240.960000      184.724770      202.953662      0.010787        0.910182       
79              240.960000      187.335331      203.400734      0.010834        0.921016       
80              240.960000      189.937699      203.836056      0.010800        0.931816       
81              240.960000      192.548741      204.262805      0.010836        0.942652       
82              240.960000      195.163639      204.680462      0.010852        0.953504       
83              241.060000      197.776006      205.089285      0.010837        0.964341       
84              241.060000      200.566517      205.515958      0.011576        0.975917       
85              241.060000      203.169483      205.904930      0.010798        0.986715       
86              241.060000      206.225400      206.350862      0.012677        0.999392       
87              241.060000      208.827884      206.721802      0.010796        1.010188       
88              241.060000      211.438323      207.085997      0.010829        1.021017       
89              241.060000      214.039601      207.441308      0.010791        1.031808       
90              241.060000      216.651245      207.790637      0.010834        1.042642       
91              241.060000      219.264336      208.132968      0.010840        1.053482       
92              241.214000      221.877648      208.469710      0.010834        1.064316       
93              241.214000      224.791272      208.837158      0.012079        1.076395       
94              241.214000      227.394213      209.158518      0.010791        1.087186       
95              241.214000      230.442434      209.526836      0.012637        1.099823       
96              241.214000      233.045615      209.834745      0.010792        1.110615       
97              241.214000      235.659651      210.137974      0.010837        1.121452       
98              241.214000      238.264039      210.434312      0.010797        1.132249       
99              241.214000      240.877834      210.726091      0.010836        1.143085       
100             241.214000      243.491629      211.012391      0.010836        1.153921       
101             241.340000      246.107030      211.294561      0.010837        1.164758       
102             241.340000      248.946154      211.594984      0.011764        1.176522       
103             241.340000      251.551902      211.865473      0.010797        1.187319       
104             241.340000      254.754484      212.191253      0.013270        1.200589       
105             241.340000      257.360473      212.451077      0.010798        1.211387       
106             241.340000      259.974427      212.707084      0.010831        1.222218       
107             241.340000      262.580416      212.957834      0.010798        1.233016       
108             241.340000      265.195818      213.205112      0.010837        1.243853       
109             241.340000      267.812426      213.448229      0.010842        1.254695       
110             241.471000      270.429489      213.688216      0.010838        1.265533       
111             241.471000      273.214132      213.939096      0.011532        1.277065       
112             241.471000      275.820812      214.169872      0.010795        1.287860       
113             241.471000      278.911640      214.438547      0.012800        1.300660       
114             241.471000      281.517596      214.660998      0.010792        1.311452       
115             241.471000      284.135624      214.880824      0.010842        1.322294       
116             241.471000      286.742304      215.096144      0.010795        1.333089       
117             241.471000      289.358642      215.308784      0.010835        1.343924       
118             241.471000      291.979327      215.518367      0.010853        1.354777       
119             241.513000      294.600467      215.724953      0.010853        1.365630       
120             241.513000      297.405158      215.942399      0.011613        1.377243       
121             241.513000      300.012532      216.141284      0.010796        1.388039       
122             241.513000      302.630291      216.337873      0.010839        1.398878       
123             241.513000      305.237183      216.530642      0.010794        1.409672       
124             241.513000      307.853976      216.721196      0.010835        1.420507       
125             241.513000      310.461109      216.908178      0.010795        1.431302       
126             241.513000      313.084423      217.093495      0.010862        1.442164       
127             241.513000      315.701216      217.275591      0.010835        1.452999       
128             241.406000      318.318782      217.454330      0.010843        1.463842       
129             241.406000      320.937071      217.630489      0.010846        1.474688       
130             241.406000      323.553671      217.803965      0.010839        1.485527       
131             241.406000      326.518619      217.997501      0.012282        1.497809       
132             241.406000      329.125804      218.165081      0.010800        1.508609       
133             241.406000      332.144103      218.356113      0.012503        1.521112       
134             241.406000      334.750805      218.518585      0.010798        1.531910       
135             241.406000      337.366922      218.679357      0.010837        1.542747       
136             241.406000      339.985212      218.838017      0.010846        1.553593       
137             241.645000      342.606093      218.996134      0.010846        1.564439       
138             241.645000      345.212960      219.151246      0.010788        1.575227       
139             241.645000      347.830458      219.304867      0.010832        1.586059       
140             241.645000      350.692502      219.470457      0.011844        1.597903       
141             241.645000      353.301301      219.619271      0.010796        1.608699       
142             241.645000      356.467334      219.797209      0.013102        1.621801       
143             241.645000      359.074200      219.941577      0.010788        1.632589       
144             241.645000      361.697257      220.084929      0.010855        1.643444       
145             241.645000      364.316688      220.226206      0.010840        1.654284       
146             241.937000      366.938076      220.367479      0.010835        1.665119       
147             241.937000      369.557044      220.506797      0.010825        1.675944       
148             241.937000      372.178431      220.644454      0.010835        1.686779       
149             241.937000      375.007159      220.791028      0.011692        1.698471       
150             241.937000      377.619594      220.924614      0.010798        1.709269       
151             241.937000      380.681307      221.079041      0.012655        1.721924       
152             241.937000      383.291323      221.208905      0.010788        1.732712       
153             241.937000      385.913679      221.337763      0.010839        1.743551       
154             241.937000      388.535550      221.465006      0.010837        1.754388       
155             241.934000      391.157389      221.590669      0.010837        1.765225       
156             241.934000      393.770034      221.714365      0.010799        1.776024       
157             241.934000      396.391389      221.836971      0.010835        1.786859       
158             241.934000      399.201452      221.966763      0.011615        1.798474       
159             241.934000      401.814339      222.085952      0.010800        1.809274       
160             241.934000      404.952949      222.227255      0.012973        1.822247       
161             241.934000      407.563901      222.343278      0.010792        1.833039       
162             241.934000      410.192756      222.458725      0.010866        1.843905       
163             241.934000      412.815562      222.572558      0.010841        1.854746       
164             241.979000      415.437889      222.685289      0.010837        1.865583       
165             241.979000      418.059247      222.796676      0.010833        1.876416       
166             241.979000      420.681815      222.906835      0.010838        1.887254       
167             241.979000      423.505468      223.024034      0.011669        1.898923       
168             241.979000      426.118358      223.131210      0.010798        1.909721       
169             241.979000      429.279329      223.259258      0.013063        1.922784       
170             241.979000      431.891735      223.363778      0.010796        1.933580       
171             241.979000      434.522530      223.467862      0.010872        1.944452       
172             241.979000      437.146309      223.570514      0.010843        1.955295       
173             241.900000      439.768747      223.671580      0.010841        1.966136       
174             241.900000      442.383202      223.771236      0.010808        1.976944       
175             241.900000      445.004672      223.870070      0.010837        1.987781       
176             241.900000      447.742012      223.972130      0.011316        1.999097       
177             241.900000      450.353323      224.068419      0.010795        2.009892       
178             241.900000      452.974068      224.164022      0.010834        2.020726       
179             241.900000      455.585620      224.258275      0.010796        2.031522       
180             241.900000      458.317639      224.355810      0.011294        2.042816       
181             241.900000      460.941528      224.448475      0.010847        2.053663       
182             241.786000      463.560796      224.539450      0.010833        2.064496       
183             241.786000      466.183207      224.629582      0.010846        2.075342       
184             241.786000      468.803925      224.718720      0.010839        2.086181       
185             241.786000      471.414247      224.806589      0.010796        2.096977       
186             241.786000      474.050923      224.894431      0.010905        2.107882       
187             241.786000      476.884897      224.987838      0.011721        2.119603       
188             241.786000      479.496911      225.073019      0.010803        2.130406       
189             241.786000      482.694047      225.176114      0.013223        2.143629       
190             241.786000      485.314040      225.259654      0.010836        2.154465       
191             241.794000      487.934362      225.342406      0.010837        2.165302       
192             241.794000      490.543077      225.423972      0.010789        2.176091       
193             241.794000      493.162432      225.505062      0.010833        2.186924       
194             241.794000      496.256428      225.599816      0.012796        2.199720       
195             241.794000      498.866594      225.678900      0.010795        2.210515       
196             241.794000      502.097687      225.775734      0.013363        2.223878       
197             241.794000      504.706886      225.853084      0.010791        2.234669       
198             241.794000      507.327208      225.930017      0.010837        2.245506       
199             241.794000      509.949222      226.006259      0.010844        2.256350       
200             241.831000      512.568977      226.081872      0.010833        2.267183       
201             241.831000      515.692224      226.171079      0.012915        2.280098       
202             241.831000      518.303032      226.244877      0.010796        2.290894       
203             241.831000      521.489155      226.334001      0.013175        2.304069       
204             241.831000      524.098512      226.406235      0.010790        2.314859       
205             241.831000      526.719960      226.478130      0.010840        2.325699       
206             241.831000      529.330042      226.549050      0.010793        2.336492       
207             241.831000      531.950039      226.619583      0.010834        2.347326       
208             241.831000      534.571487      226.689507      0.010840        2.358166       
209             241.911000      537.194044      226.759163      0.010841        2.369007       
210             241.911000      539.916994      226.830814      0.011256        2.380263       
211             241.911000      542.528182      226.898891      0.010794        2.391057       
212             241.911000      545.740760      226.981808      0.013280        2.404337       
213             241.911000      548.351221      227.048513      0.010791        2.415128       
214             241.911000      550.977649      227.115027      0.010857        2.425985       
215             241.911000      553.589320      227.180580      0.010796        2.436781       
216             241.911000      556.211394      227.245812      0.010839        2.447620       
217             241.911000      559.337851      227.322841      0.012924        2.460544       
218             242.089000      561.951686      227.387352      0.010797        2.471341       
219             242.089000      564.575447      227.451544      0.010838        2.482179       
220             242.089000      567.188556      227.514921      0.010794        2.492973       
221             242.089000      570.058036      227.583887      0.011853        2.504826       
222             242.089000      572.674534      227.646205      0.010808        2.515634       
223             242.089000      575.297569      227.708145      0.010835        2.526469       
224             242.089000      577.909467      227.769295      0.010789        2.537258       
225             242.089000      580.536375      227.830275      0.010851        2.548109       
226             242.089000      583.634630      227.901532      0.012798        2.560907       
227             242.010000      586.255356      227.960940      0.010829        2.571736       
228             242.010000      589.517893      228.034201      0.013481        2.585217       
229             242.010000      592.130875      228.092327      0.010797        2.596014       
230             242.010000      594.753537      228.150185      0.010837        2.606851       
231             242.010000      597.367487      228.207373      0.010801        2.617652       
232             242.010000      599.989423      228.264264      0.010834        2.628486       
233             242.010000      603.001480      228.329044      0.012446        2.640932       
234             242.010000      605.624142      228.384954      0.010837        2.651769       
235             242.010000      608.272458      228.440950      0.010943        2.662712       
236             242.115000      610.932575      228.497140      0.010987        2.673699       
237             242.115000      613.807449      228.557350      0.011874        2.685573       
238             242.115000      616.419627      228.611599      0.010789        2.696362       
239             242.115000      619.045123      228.665688      0.010844        2.707206       
240             242.115000      621.657301      228.719075      0.010789        2.717995       
241             242.115000      624.287396      228.772401      0.010863        2.728858       
242             242.115000      627.351846      228.834001      0.012657        2.741515       
243             242.115000      629.978310      228.886346      0.010848        2.752363       
244             242.115000      632.602352      228.938232      0.010838        2.763201       
245             242.121000      635.216048      228.989533      0.010795        2.773996       
246             242.121000      638.184452      229.047314      0.012260        2.786256       
247             242.121000      640.796211      229.097733      0.010787        2.797043       
248             242.121000      643.419834      229.147992      0.010836        2.807879       
249             242.121000      646.033288      229.197671      0.010794        2.818673       
250             242.121000      648.656185      229.247149      0.010833        2.829506       
251             242.121000      651.600134      229.302234      0.012159        2.841665       
252             242.121000      654.223273      229.350921      0.010834        2.852499       
253             242.121000      656.846170      229.399235      0.010833        2.863332       
254             242.191000      659.503974      229.448073      0.010974        2.874306       
255             242.191000      662.404453      229.500947      0.011976        2.886282       
256             242.191000      665.017210      229.548202      0.010788        2.897070       
257             242.191000      667.651037      229.595483      0.010875        2.907945       
258             242.191000      670.265731      229.642072      0.010796        2.918741       
259             242.191000      672.896167      229.688595      0.010861        2.929602       
260             242.191000      675.914352      229.741553      0.012462        2.942064       
261             242.191000      678.538491      229.787233      0.010835        2.952899       
262             242.191000      681.161662      229.832563      0.010831        2.963730       
263             241.949000      683.772533      229.876519      0.010791        2.974521       
264             241.949000      686.870207      229.928259      0.012803        2.987324       
265             241.949000      689.484224      229.971577      0.010804        2.998128       
266             241.949000      692.106951      230.014726      0.010840        3.008968       
267             241.949000      694.717822      230.057373      0.010791        3.019759       
268             241.949000      697.340066      230.099900      0.010838        3.030597       
269             241.949000      700.139174      230.144960      0.011569        3.042166       
270             241.949000      702.762143      230.186876      0.010841        3.053007       
271             241.949000      705.383176      230.228464      0.010833        3.063840       
272             241.893000      708.030453      230.269981      0.010944        3.074784       
273             241.893000      710.653783      230.310832      0.010845        3.085629       
274             241.893000      713.264534      230.351203      0.010793        3.096422       
275             241.893000      715.961399      230.392612      0.011149        3.107571       
276             241.893000      718.573601      230.432438      0.010799        3.118370       
277             241.893000      721.200076      230.472205      0.010858        3.129228       
278             241.893000      723.810343      230.511453      0.010791        3.140019       
279             241.893000      726.431496      230.550595      0.010836        3.150855       
280             241.893000      729.314376      230.593336      0.011918        3.162773       
281             241.997000      731.926734      230.632126      0.010795        3.173568       
282             241.997000      734.549013      230.670799      0.010836        3.184404       
283             241.997000      737.156773      230.708997      0.010776        3.195180       
284             241.997000      740.369767      230.755708      0.013277        3.208457       
285             241.997000      742.980915      230.793386      0.010790        3.219247       
286             241.997000      745.602710      230.830964      0.010834        3.230081       
287             241.997000      748.685026      230.874821      0.012737        3.242818       
288             241.997000      751.307306      230.911863      0.010836        3.253654       
289             241.997000      753.931037      230.948679      0.010842        3.264496       
290             241.917000      756.595027      230.985553      0.011012        3.275508       
291             241.917000      759.877599      231.030651      0.013569        3.289077       
292             241.917000      762.487883      231.066247      0.010790        3.299867       
293             241.917000      765.109780      231.101768      0.010838        3.310705       
294             241.917000      768.134710      231.142462      0.012504        3.323209       
295             241.917000      770.745962      231.177345      0.010794        3.334003       
296             241.917000      773.366891      231.212131      0.010834        3.344837       
297             241.917000      775.990965      231.246734      0.010847        3.355684       
298             242.037000      778.615130      231.281484      0.010842        3.366526       
299             242.037000      781.253333      231.316196      0.010900        3.377426       
300             242.037000      784.146401      231.354004      0.011953        3.389379       
301             242.037000      786.758223      231.387908      0.010791        3.400170       
302             242.037000      789.380693      231.421734      0.010835        3.411005       
303             242.037000      792.389939      231.460286      0.012433        3.423438       
304             242.037000      795.002245      231.493526      0.010793        3.434231       
305             242.037000      797.625442      231.526696      0.010838        3.445069       
306             242.037000      800.248881      231.559660      0.010839        3.455908       
307             242.137000      802.871709      231.592709      0.010832        3.466740       
308             242.137000      805.536911      231.626082      0.011007        3.477747       
309             242.137000      808.542800      231.663468      0.012414        3.490161       
310             242.137000      811.155458      231.695747      0.010790        3.500951       
311             242.137000      813.780465      231.727980      0.010841        3.511792       
312             242.137000      816.728967      231.763948      0.012177        3.523969       
313             242.137000      819.343563      231.795635      0.010798        3.534767       
314             242.137000      821.966875      231.827235      0.010834        3.545601       
315             242.137000      824.589461      231.858633      0.010831        3.556432       
316             242.114000      827.211797      231.889770      0.010831        3.567263       
317             242.114000      829.824692      231.920608      0.010792        3.578055       
318             242.114000      832.906561      231.956743      0.012729        3.590784       
319             242.114000      835.518487      231.987167      0.010788        3.601572       
320             242.114000      838.143487      232.017561      0.010842        3.612414       
321             242.114000      840.984694      232.050254      0.011735        3.624149       
322             242.114000      843.598073      232.080138      0.010794        3.634943       
323             242.114000      846.220894      232.109952      0.010833        3.645776       
324             242.114000      848.844441      232.139598      0.010836        3.656612       
325             242.287000      851.468894      232.169569      0.010832        3.667444       
326             242.287000      854.181782      232.200365      0.011197        3.678641       
327             242.287000      857.258342      232.235062      0.012698        3.691339       
328             242.287000      859.872619      232.264359      0.010790        3.702129       
329             242.287000      862.498283      232.293612      0.010837        3.712966       
330             242.287000      865.288218      232.324508      0.011515        3.724481       
331             242.287000      867.905886      232.353324      0.010804        3.735285       
332             242.287000      870.530581      232.382050      0.010833        3.746118       
333             242.287000      873.156246      232.410621      0.010837        3.756955       
334             242.209000      875.780338      232.438796      0.010834        3.767789       
335             242.209000      878.393773      232.466695      0.010790        3.778579       
336             242.209000      881.654391      232.501281      0.013462        3.792041       
337             242.209000      884.720272      232.533578      0.012658        3.804699       
338             242.209000      887.337340      232.560978      0.010805        3.815504       
339             242.209000      889.961433      232.588295      0.010834        3.826338       
340             242.209000      892.573657      232.615336      0.010785        3.837123       
341             242.209000      895.197991      232.642350      0.010835        3.847958       
342             242.209000      897.827897      232.669269      0.010858        3.858816       
343             242.414000      900.455907      232.696569      0.010841        3.869657       
344             242.414000      903.095553      232.723836      0.010889        3.880546       
345             242.414000      906.040156      232.754074      0.012147        3.892693       
346             242.414000      909.072028      232.785012      0.012507        3.905200       
347             242.414000      911.691068      232.811577      0.010804        3.916004       
348             242.414000      914.317139      232.838068      0.010833        3.926837       
349             242.414000      916.933029      232.864310      0.010791        3.937628       
350             242.414000      919.566614      232.890586      0.010864        3.948492       
351             242.414000      922.194625      232.916662      0.010841        3.959333       
352             242.208000      924.818464      232.942014      0.010833        3.970166       
353             242.208000      927.432857      232.967138      0.010794        3.980960       
354             242.208000      930.435994      232.995830      0.012399        3.993359       
355             242.208000      933.343217      233.023436      0.012003        4.005362       
356             242.208000      935.959547      233.048139      0.010802        4.016164       
357             242.208000      938.584356      233.072789      0.010837        4.027001       
358             242.208000      941.200202      233.097223      0.010800        4.037801       
359             242.208000      943.825252      233.121613      0.010838        4.048639       
360             242.208000      946.450060      233.145869      0.010837        4.059476       
361             242.352000      949.077156      233.170387      0.010840        4.070316       
362             242.352000      951.703282      233.194765      0.010836        4.081152       
363             242.352000      954.801753      233.223362      0.012785        4.093937       
364             242.352000      957.670716      233.249683      0.011838        4.105775       
365             242.352000      960.288117      233.273563      0.010800        4.116575       
366             242.352000      962.914728      233.297402      0.010838        4.127413       
367             242.352000      965.529222      233.321006      0.010788        4.138201       
368             242.352000      968.156560      233.344603      0.010841        4.149042       
369             242.352000      970.783655      233.368075      0.010840        4.159882       
370             242.157000      973.407911      233.390912      0.010837        4.170719       
371             242.157000      976.027323      233.413588      0.010817        4.181536       
372             242.157000      978.653758      233.436208      0.010846        4.192382       
373             242.157000      981.270022      233.458624      0.010804        4.203186       
374             242.157000      983.989203      233.481801      0.011229        4.214415       
375             242.157000      986.792170      233.505562      0.011575        4.225990       
376             242.157000      989.406497      233.527607      0.010796        4.236786       
377             242.157000      992.030510      233.549622      0.010836        4.247622       
378             242.157000      994.654039      233.571520      0.010834        4.258456       
379             242.345000      997.280817      233.593794      0.010839        4.269295       
380             242.345000      999.965999      233.616447      0.011080        4.280375       
381             242.345000      1002.591080     233.638480      0.010832        4.291207       
382             242.345000      1005.206710     233.660323      0.010793        4.302000       
383             242.345000      1008.459222     233.687333      0.013421        4.315421       
384             242.345000      1011.127198     233.709363      0.011009        4.326430       
385             242.345000      1013.746948     233.730886      0.010810        4.337240       
386             242.345000      1016.374695     233.752367      0.010843        4.348083       
387             242.345000      1019.000987     233.773730      0.010837        4.358920       
388             242.376000      1021.626404     233.795054      0.010832        4.369752       
389             242.376000      1024.241157     233.816186      0.010788        4.380540       
390             242.376000      1026.868028     233.837312      0.010838        4.391378       
391             242.376000      1029.483749     233.858245      0.010792        4.402170       
392             242.376000      1032.110863     233.879166      0.010839        4.413009       
393             242.376000      1034.727554     233.899902      0.010796        4.423805       
394             242.376000      1037.709021     233.923405      0.012301        4.436106       
395             242.376000      1040.333953     233.943991      0.010830        4.446936       
396             242.376000      1042.959613     233.964481      0.010833        4.457769       
397             242.376000      1045.584545     233.984867      0.010830        4.468599       
398             242.281000      1048.203118     234.004885      0.010808        4.479407       
399             242.281000      1050.829202     234.024862      0.010839        4.490246       
400             242.281000      1053.445110     234.044667      0.010797        4.501043       
401             242.281000      1056.077735     234.064502      0.010866        4.511909       
402             242.281000      1058.692431     234.084108      0.010792        4.522701       
403             242.281000      1061.317546     234.103699      0.010835        4.533536       
404             242.281000      1063.932243     234.123118      0.010792        4.544328       
405             242.281000      1066.581585     234.142702      0.010935        4.555263       
406             242.281000      1069.611067     234.164980      0.012504        4.567767       
407             242.405000      1072.228556     234.184413      0.010798        4.578565       
408             242.405000      1074.857196     234.203837      0.010844        4.589409       
409             242.405000      1077.474443     234.223085      0.010797        4.600206       
410             242.405000      1080.102113     234.242320      0.010840        4.611046       
411             242.405000      1082.718633     234.261383      0.010794        4.621840       
412             242.405000      1085.363271     234.280561      0.010910        4.632750       
413             242.405000      1087.979063     234.299442      0.010791        4.643541       
414             242.405000      1090.627338     234.318467      0.010925        4.654466       
415             242.405000      1093.254523     234.337253      0.010838        4.665304       
416             126.734000      1094.633896     234.086802      0.010884        4.676188       
417             126.734000      1096.266991     233.791787      0.012886        4.689074       
418             126.734000      1097.637239     233.545503      0.010812        4.699886       
