100900800  1024  1  .2741119999 .0000001439 .0003793415 .0001896707   -5580.000000 -5562.542690 17.457310 0.313837         
100900800  1024  2  .2633727499 .0000000734 .0002709243 .0001354621   -5584.000000 -5562.542690 21.457310 0.385746         
100900800  1024  3  .2627840001 .0000000567 .0002381176 .0001190588   -5576.000000 -5562.542690 13.457310 0.241927         
100900800  1024  4  .2642687501 .0000000602 .0002453568 .0001226784   -5576.000000 -5562.542690 13.457310 0.241927         
100900800  1024  5  .2641665000 .0000000794 .0002817800 .0001408900   -5568.000000 -5562.542690 5.457310 0.098108         
100900800  1024  6  .2643075000 .0000001980 .0004449719 .0002224859   -5556.000000 -5562.542690 6.542690 0.117620         
100900800  1024  7  .2646142500 .0000000741 .0002722131 .0001361065   -5548.000000 -5562.542690 14.542690 0.261440         
100900800  1024  8  .2657665000 .0000000391 .0001977371 .0000988685   -5576.000000 -5562.542690 13.457310 0.241927         
100900800  1024  9  .2651005000 .0000000495 .0002224859 .0001112429   -5580.000000 -5562.542690 17.457310 0.313837         
100900800  1024  10  .2654462500 .0000000287 .0001694107 .0000847053   -5560.000000 -5562.542690 2.542690 0.045711         
100900800  1024  11  .2753405001 .0000000478 .0002186321 .0001093160   -5560.000000 -5562.542690 2.542690 0.045711         
100900800  1024  12  .2665597499 .0000003064 .0005535341 .0002767670   -5564.000000 -5562.542690 1.457310 0.026199         
100900800  1024  13  .2668415000 .0000001176 .0003429285 .0001714642   -5556.000000 -5562.542690 6.542690 0.117620         
100900800  1024  14  .2676865001 .0000000461 .0002147091 .0001073545   -5592.000000 -5562.542690 29.457310 0.529566         
100900800  1024  15  .2721025000 .0000000567 .0002381176 .0001190588   -5576.000000 -5562.542690 13.457310 0.241927         
100900800  1024  16  .2679422500 .0000002120 .0004604345 .0002302172   -5576.000000 -5562.542690 13.457310 0.241927         
100900800  1024  17  .2717057500 .0000000320 .0001788854 .0000894427   -5580.000000 -5562.542690 17.457310 0.313837         
100900800  1024  18  .2718462500 .0000002278 .0004772839 .0002386419   -5556.000000 -5562.542690 6.542690 0.117620         
100900800  1024  19  .2749440001 .0000006044 .0007774316 .0003887158   -5560.000000 -5562.542690 2.542690 0.045711         
100900800  1024  20  .2695167500 .0000001798 .0004240283 .0002120141   -5552.000000 -5562.542690 10.542690 0.189530         
100900800  1024  21  .2701952500 .0000000863 .0002937686 .0001468843   -5552.000000 -5562.542690 10.542690 0.189530         
100900800  1024  22  .2719232500 .0000000996 .0003155946 .0001577973   -5540.000000 -5562.542690 22.542690 0.405259         
100900800  1024  23  .2740735000 .0000000837 .0002893095 .0001446547   -5584.000000 -5562.542690 21.457310 0.385746         
100900800  1024  24  .2794882500 .0000004829 .0006949100 .0003474550   -5540.000000 -5562.542690 22.542690 0.405259         
100900800  1024  25  .2847490000 .0000005410 .0007355270 .0003677635   -5540.000000 -5562.542690 22.542690 0.405259         
100900800  1024  26  .2753407501 .0000003799 .0006163602 .0003081801   -5604.000000 -5562.542690 41.457310 0.745294         
100900800  1024  27  .2749185001 .0000000429 .0002071231 .0001035615   -5568.000000 -5562.542690 5.457310 0.098108         
100900800  1024  28  .2824962500 .0000010739 .0010362914 .0005181457   -5628.000000 -5562.542690 65.457310 1.176752         
100900800  1024  29  .2769919999 .0000002500 .0005000000 .0002500000   -5536.000000 -5562.542690 26.542690 0.477168         
100900800  1024  30  .2772352501 .0000002402 .0004901020 .0002450510   -5576.000000 -5562.542690 13.457310 0.241927         
100900800  1024  31  .2784000001 .0000004343 .0006590144 .0003295072   -5576.000000 -5562.542690 13.457310 0.241927         
100900800  1024  32  .2793217500 .0000005060 .0007113367 .0003556683   -5568.000000 -5562.542690 5.457310 0.098108         
100900800  1024  33  .2833150000 .0000004865 .0006974955 .0003487477   -5568.000000 -5562.542690 5.457310 0.098108         
100900800  1024  34  .2867970001 .0000004548 .0006743886 .0003371943   -5600.000000 -5562.542690 37.457310 0.673385         
100900800  1024  35  .2908030000 .0000000268 .0001637070 .0000818535   -5604.000000 -5562.542690 41.457310 0.745294         
100900800  1024  36  .2983680000 .0000000096 .0000979795 .0000489897   -5572.000000 -5562.542690 9.457310 0.170018         
100900800  1024  37  .3025022500 .0000002224 .0004715930 .0002357965   -5544.000000 -5562.542690 18.542690 0.333349         
100900800  1024  38  .3009410000 .0000022673 .0015057556 .0007528778   -5544.000000 -5562.542690 18.542690 0.333349         
100900800  1024  39  .2754687500 .0000001386 .0003722902 .0001861451   -5588.000000 -5562.542690 25.457310 0.457656         
100900800  1024  40  .2702850000 .0000001973 .0004441846 .0002220923   -5560.000000 -5562.542690 2.542690 0.045711         
100900800  1024  41  .2701182501 .0000000616 .0002481934 .0001240967   -5584.000000 -5562.542690 21.457310 0.385746         
100900800  1024  42  .2674562500 .0000001073 .0003275667 .0001637833   -5548.000000 -5562.542690 14.542690 0.261440         
100900800  1024  43  .2676865000 .0000000652 .0002553429 .0001276714   -5596.000000 -5562.542690 33.457310 0.601475         
100900800  1024  44  .2752002501 .0000000122 .0001104536 .0000552268   -5540.000000 -5562.542690 22.542690 0.405259         
100900800  1024  45  .2709760000 .0000000708 .0002660826 .0001330413   -5568.000000 -5562.542690 5.457310 0.098108         
100900800  1024  46  .2672385000 .0000000603 .0002455605 .0001227802   -5612.000000 -5562.542690 49.457310 0.889113         
100900800  1024  47  .2662272500 .0000000373 .0001931320 .0000965660   -5568.000000 -5562.542690 5.457310 0.098108         
100900800  1024  48  .2665469999 .0000000540 .0002323790 .0001161895   -5612.000000 -5562.542690 49.457310 0.889113         
100900800  1024  49  .2673022501 .0000002489 .0004988987 .0002494493   -5528.000000 -5562.542690 34.542690 0.620987         
100900800  1024  50  .2658045000 .0000000288 .0001697056 .0000848528   -5560.000000 -5562.542690 2.542690 0.045711         
100900800  1024  51  .2667647499 .0000000356 .0001886796 .0000943398   -5548.000000 -5562.542690 14.542690 0.261440         
100900800  1024  52  .2707202500 .0000000778 .0002789265 .0001394632   -5568.000000 -5562.542690 5.457310 0.098108         
100900800  1024  53  .2670207499 .0000001476 .0003841874 .0001920937   -5556.000000 -5562.542690 6.542690 0.117620         
100900800  1024  54  .2686975001 .0000000261 .0001615549 .0000807774   -5532.000000 -5562.542690 30.542690 0.549078         
100900800  1024  55  .2682750000 .0000000391 .0001977371 .0000988685   -5592.000000 -5562.542690 29.457310 0.529566         
100900800  1024  56  .2773757500 .0000000602 .0002453568 .0001226784   -5568.000000 -5562.542690 5.457310 0.098108         
100900800  1024  57  .2705920000 .0000000401 .0002002498 .0001001249   -5528.000000 -5562.542690 34.542690 0.620987         
100900800  1024  58  .2736895001 .0000002142 .0004628174 .0002314087   -5528.000000 -5562.542690 34.542690 0.620987         
100900800  1024  59  .2754047499 .0000000680 .0002607680 .0001303840   -5556.000000 -5562.542690 6.542690 0.117620         
100900800  1024  60  .2765445001 .0000000214 .0001462873 .0000731436   -5544.000000 -5562.542690 18.542690 0.333349         
100900800  1024  61  .2801025001 .0000000163 .0001276714 .0000638357   -5592.000000 -5562.542690 29.457310 0.529566         
100900800  1024  62  .2806530000 .0000001143 .0003380828 .0001690414   -5564.000000 -5562.542690 1.457310 0.026199         
100900800  1024  63  .2834429999 .0000000716 .0002675817 .0001337908   -5552.000000 -5562.542690 10.542690 0.189530         
100900800  1024  64  .2865279999 .0000001963 .0004430575 .0002215287   -5560.000000 -5562.542690 2.542690 0.045711         
