100900800  512  1  .2728317500 .0000002245 .0004738143 .0002369071   -5580.000000 -5562.542690 17.457310 0.313837         
100900800  512  2  .2630017501 .0000000530 .0002302172 .0001151086   -5584.000000 -5562.542690 21.457310 0.385746         
100900800  512  3  .2619647500 .0000001127 .0003357082 .0001678541   -5576.000000 -5562.542690 13.457310 0.241927         
100900800  512  4  .2621567499 .0000000425 .0002061552 .0001030776   -5576.000000 -5562.542690 13.457310 0.241927         
100900800  512  5  .2625022500 .0000000402 .0002004993 .0001002496   -5568.000000 -5562.542690 5.457310 0.098108         
100900800  512  6  .2623485000 .0000000314 .0001772004 .0000886002   -5556.000000 -5562.542690 6.542690 0.117620         
100900800  512  7  .2628477500 .0000001597 .0003996248 .0001998124   -5548.000000 -5562.542690 14.542690 0.261440         
100900800  512  8  .2643842500 .0000002994 .0005471745 .0002735872   -5576.000000 -5562.542690 13.457310 0.241927         
100900800  512  9  .2640895001 .0000001661 .0004075536 .0002037768   -5580.000000 -5562.542690 17.457310 0.313837         
100900800  512  10  .2650242501 .0000000548 .0002340939 .0001170469   -5560.000000 -5562.542690 2.542690 0.045711         
100900800  512  11  .2767615000 .0000000462 .0002149418 .0001074709   -5560.000000 -5562.542690 2.542690 0.045711         
100900800  512  12  .2655235001 .0000005469 .0007395268 .0003697634   -5564.000000 -5562.542690 1.457310 0.026199         
100900800  512  13  .2655615000 .0000000756 .0002749545 .0001374772   -5556.000000 -5562.542690 6.542690 0.117620         
100900800  512  14  .2669054999 .0000002569 .0005068530 .0002534265   -5592.000000 -5562.542690 29.457310 0.529566         
100900800  512  15  .2698625000 .0000000687 .0002621068 .0001310534   -5576.000000 -5562.542690 13.457310 0.241927         
100900800  512  16  .2679552500 .0000001826 .0004273172 .0002136586   -5576.000000 -5562.542690 13.457310 0.241927         
100900800  512  17  .2702337500 .0000000226 .0001503329 .0000751664   -5580.000000 -5562.542690 17.457310 0.313837         
100900800  512  18  .2698112501 .0000000495 .0002224859 .0001112429   -5556.000000 -5562.542690 6.542690 0.117620         
100900800  512  19  .2720895000 .0000004617 .0006794850 .0003397425   -5560.000000 -5562.542690 2.542690 0.045711         
100900800  512  20  .2691330000 .0000000426 .0002063976 .0001031988   -5552.000000 -5562.542690 10.542690 0.189530         
100900800  512  21  .2697600000 .0000000391 .0001977371 .0000988685   -5552.000000 -5562.542690 10.542690 0.189530         
100900800  512  22  .2715902500 .0000000358 .0001892088 .0000946044   -5540.000000 -5562.542690 22.542690 0.405259         
100900800  512  23  .2728575000 .0000001388 .0003725587 .0001862793   -5584.000000 -5562.542690 21.457310 0.385746         
100900800  512  24  .2756352500 .0000001267 .0003559494 .0001779747   -5540.000000 -5562.542690 22.542690 0.405259         
100900800  512  25  .2788992500 .0000001420 .0003768288 .0001884144   -5540.000000 -5562.542690 22.542690 0.405259         
100900800  512  26  .2744575000 .0000001789 .0004229657 .0002114828   -5604.000000 -5562.542690 41.457310 0.745294         
100900800  512  27  .2745087500 .0000000602 .0002453568 .0001226784   -5568.000000 -5562.542690 5.457310 0.098108         
100900800  512  28  .2813697500 .0000000585 .0002418677 .0001209338   -5628.000000 -5562.542690 65.457310 1.176752         
100900800  512  29  .2762370000 .0000002278 .0004772839 .0002386419   -5536.000000 -5562.542690 26.542690 0.477168         
100900800  512  30  .2772225001 .0000008640 .0009295160 .0004647580   -5576.000000 -5562.542690 13.457310 0.241927         
100900800  512  31  .2777342500 .0000001721 .0004148493 .0002074246   -5576.000000 -5562.542690 13.457310 0.241927         
100900800  512  32  .2770815001 .0000001507 .0003882009 .0001941004   -5568.000000 -5562.542690 5.457310 0.098108         
100900800  512  33  .2814207501 .0000000113 .0001063014 .0000531507   -5568.000000 -5562.542690 5.457310 0.098108         
100900800  512  34  .2847360000 .0000002189 .0004678675 .0002339337   -5600.000000 -5562.542690 37.457310 0.673385         
100900800  512  35  .2876797500 .0000000811 .0002847806 .0001423903   -5604.000000 -5562.542690 41.457310 0.745294         
100900800  512  36  .2955137500 .0000004410 .0006640783 .0003320391   -5572.000000 -5562.542690 9.457310 0.170018         
100900800  512  37  .2976002500 .0000009516 .0009754998 .0004877499   -5544.000000 -5562.542690 18.542690 0.333349         
100900800  512  38  .2944000000 .0000001275 .0003570714 .0001785357   -5544.000000 -5562.542690 18.542690 0.333349         
100900800  512  39  .2754430000 .0000003186 .0005644466 .0002822233   -5588.000000 -5562.542690 25.457310 0.457656         
100900800  512  40  .2693250000 .0000000269 .0001640121 .0000820060   -5560.000000 -5562.542690 2.542690 0.045711         
100900800  512  41  .2690559999 .0000000488 .0002209072 .0001104536   -5584.000000 -5562.542690 21.457310 0.385746         
100900800  512  42  .2670207500 .0000000321 .0001791647 .0000895823   -5548.000000 -5562.542690 14.542690 0.261440         
100900800  512  43  .2678655000 .0000006246 .0007903163 .0003951581   -5596.000000 -5562.542690 33.457310 0.601475         
100900800  512  44  .2748927500 .0000000157 .0001252996 .0000626498   -5540.000000 -5562.542690 22.542690 0.405259         
100900800  512  45  .2708097500 .0000000023 .0000479583 .0000239791   -5568.000000 -5562.542690 5.457310 0.098108         
100900800  512  46  .2672512500 .0000000514 .0002267156 .0001133578   -5612.000000 -5562.542690 49.457310 0.889113         
100900800  512  47  .2663295001 .0000000758 .0002753179 .0001376589   -5568.000000 -5562.542690 5.457310 0.098108         
100900800  512  48  .2669695000 .0000002908 .0005392587 .0002696293   -5612.000000 -5562.542690 49.457310 0.889113         
100900800  512  49  .2671359999 .0000002626 .0005124451 .0002562225   -5528.000000 -5562.542690 34.542690 0.620987         
100900800  512  50  .2665855000 .0000005795 .0007612489 .0003806244   -5560.000000 -5562.542690 2.542690 0.045711         
100900800  512  51  .2670465000 .0000001912 .0004372642 .0002186321   -5548.000000 -5562.542690 14.542690 0.261440         
100900800  512  52  .2709505000 .0000002531 .0005030904 .0002515452   -5568.000000 -5562.542690 5.457310 0.098108         
100900800  512  53  .2681217500 .0000006837 .0008268615 .0004134307   -5556.000000 -5562.542690 6.542690 0.117620         
100900800  512  54  .2695555000 .0000000652 .0002553429 .0001276714   -5532.000000 -5562.542690 30.542690 0.549078         
100900800  512  55  .2682750000 .0000000163 .0001276714 .0000638357   -5592.000000 -5562.542690 29.457310 0.529566         
100900800  512  56  .2771072501 .0000003218 .0005672741 .0002836370   -5568.000000 -5562.542690 5.457310 0.098108         
100900800  512  57  .2702337500 .0000000506 .0002249444 .0001124722   -5528.000000 -5562.542690 34.542690 0.620987         
100900800  512  58  .2730367500 .0000000511 .0002260530 .0001130265   -5528.000000 -5562.542690 34.542690 0.620987         
100900800  512  59  .2751360001 .0000003185 .0005643580 .0002821790   -5556.000000 -5562.542690 6.542690 0.117620         
100900800  512  60  .2760832500 .0000000671 .0002590366 .0001295183   -5544.000000 -5562.542690 18.542690 0.333349         
100900800  512  61  .2797695000 .0000000652 .0002553429 .0001276714   -5592.000000 -5562.542690 29.457310 0.529566         
100900800  512  62  .2803585001 .0000000845 .0002906888 .0001453444   -5564.000000 -5562.542690 1.457310 0.026199         
100900800  512  63  .2834302500 .0000002995 .0005472659 .0002736329   -5552.000000 -5562.542690 10.542690 0.189530         
100900800  512  64  .2860672500 .0000000967 .0003109662 .0001554831   -5560.000000 -5562.542690 2.542690 0.045711         
